utils/5a01f6d0e4b0531197b72cfe/583348fce4b046f05f21f5ec/58334924e4b046f05f21f5ef/ew15_jan_dem_5m.asc
ncols	967
nrows	464
xllcorner	295145.00
yllcorner	130090.00
cellsize	5.00
NODATA_value	-9999.00
[rows 60 to 89 of 464, columns 552 to 620 of 967]
-11.06 -11.06 -11.06 -11.05 -11.04 -11.04 -11.01 -10.99 -10.97 -10.99 -11.02 -11.05 -11.08 -11.11 -11.15 -11.20 -11.25 -11.31 -11.33 -11.35 -11.34 -11.35 -11.36 -11.39 -11.41 -11.44 -11.46 -11.46 -11.52 -11.55 -11.51 -11.48 -11.49 -11.44 -11.42 -11.38 -11.39 -11.38 -11.35 -11.33 -11.29 -11.33 -11.30 -11.28 -11.24 -11.22 -11.20 -11.19 -11.16 -11.16 -11.15 -11.17 -11.18 -11.15 -11.17 -11.14 -11.15 -11.17 -11.15 -11.18 -11.16 -11.15 -11.14 -11.16 -11.10 -11.15 -11.17 -11.17 -11.20
-11.05 -11.05 -11.02 -11.04 -11.04 -11.01 -11.05 -11.04 -11.02 -10.99 -10.96 -10.98 -11.02 -11.06 -11.12 -11.16 -11.19 -11.25 -11.28 -11.28 -11.30 -11.31 -11.34 -11.32 -11.32 -11.34 -11.38 -11.42 -11.46 -11.44 -11.42 -11.42 -11.39 -11.38 -11.38 -11.34 -11.36 -11.33 -11.33 -11.32 -11.29 -11.26 -11.23 -11.26 -11.22 -11.20 -11.16 -11.13 -11.11 -11.09 -11.08 -11.06 -11.06 -11.11 -11.13 -11.10 -11.12 -11.11 -11.11 -11.11 -11.10 -11.13 -11.16 -11.10 -11.09 -11.12 -11.12 -11.12 -11.15
-11.01 -11.01 -11.06 -11.03 -11.03 -11.00 -11.01 -11.03 -10.97 -11.04 -11.04 -11.00 -10.98 -11.02 -11.07 -11.10 -11.14 -11.19 -11.20 -11.19 -11.22 -11.23 -11.25 -11.27 -11.30 -11.31 -11.32 -11.30 -11.32 -11.35 -11.36 -11.32 -11.30 -11.30 -11.28 -11.30 -11.31 -11.29 -11.31 -11.28 -11.27 -11.25 -11.24 -11.21 -11.17 -11.18 -11.15 -11.11 -11.08 -11.05 -11.01 -10.99 -10.99 -11.00 -11.02 -11.07 -11.07 -11.06 -11.07 -11.07 -11.07 -11.05 -11.04 -11.06 -11.10 -11.06 -11.07 -11.08 -11.08
-10.95 -10.98 -11.01 -10.99 -11.03 -11.05 -11.01 -11.03 -11.00 -10.99 -11.01 -10.93 -11.00 -10.96 -11.00 -11.04 -11.13 -11.13 -11.13 -11.15 -11.18 -11.19 -11.17 -11.21 -11.22 -11.22 -11.22 -11.25 -11.29 -11.28 -11.26 -11.27 -11.26 -11.21 -11.20 -11.24 -11.24 -11.26 -11.25 -11.24 -11.25 -11.23 -11.21 -11.19 -11.19 -11.14 -11.12 -11.09 -11.07 -11.02 -10.99 -10.97 -10.92 -10.93 -10.97 -10.98 -11.00 -11.03 -11.02 -11.01 -11.03 -11.03 -11.03 -11.00 -11.00 -11.04 -11.03 -11.02 -11.03
-10.97 -10.97 -10.97 -10.97 -11.01 -11.02 -10.99 -11.05 -11.03 -10.99 -11.01 -10.96 -10.93 -10.93 -10.93 -10.93 -10.98 -11.05 -11.11 -11.12 -11.10 -11.13 -11.15 -11.18 -11.18 -11.15 -11.20 -11.22 -11.21 -11.20 -11.20 -11.21 -11.20 -11.19 -11.18 -11.18 -11.16 -11.19 -11.20 -11.21 -11.19 -11.19 -11.20 -11.18 -11.14 -11.14 -11.12 -11.07 -11.04 -11.01 -10.98 -10.92 -10.93 -10.93 -10.93 -10.93 -10.95 -10.96 -10.98 -10.99 -10.96 -10.97 -10.98 -10.98 -10.97 -10.96 -10.97 -10.99 -10.95
-10.98 -10.99 -11.00 -11.02 -11.02 -11.02 -11.01 -11.04 -11.00 -11.02 -11.04 -10.98 -10.92 -10.90 -10.87 -10.85 -10.89 -10.94 -10.99 -11.06 -11.09 -11.12 -11.12 -11.08 -11.13 -11.15 -11.17 -11.17 -11.14 -11.19 -11.19 -11.18 -11.18 -11.12 -11.14 -11.12 -11.12 -11.15 -11.13 -11.15 -11.16 -11.17 -11.15 -11.14 -11.15 -11.13 -11.08 -11.06 -11.04 -10.99 -10.97 -10.95 -10.93 -10.89 -10.90 -10.90 -10.93 -10.92 -10.93 -10.94 -10.95 -10.93 -10.91 -10.90 -10.92 -10.93 -10.92 -10.92 -10.93
-10.98 -11.01 -11.03 -11.04 -11.04 -11.02 -11.06 -11.06 -11.07 -11.06 -11.03 -10.95 -10.96 -10.93 -10.89 -10.86 -10.85 -10.86 -10.92 -10.96 -11.00 -11.06 -11.08 -11.11 -11.10 -11.04 -11.08 -11.13 -11.14 -11.14 -11.10 -11.14 -11.16 -11.14 -11.13 -11.12 -11.10 -11.07 -11.05 -11.08 -11.10 -11.11 -11.12 -11.13 -11.12 -11.08 -11.07 -11.03 -11.01 -10.98 -10.96 -10.93 -10.93 -10.91 -10.89 -10.88 -10.86 -10.88 -10.91 -10.91 -10.92 -10.89 -10.89 -10.87 -10.85 -10.84 -10.87 -10.86 -10.87
-11.06 -11.06 -11.07 -11.04 -11.05 -11.07 -11.09 -11.09 -11.08 -11.06 -11.06 -11.03 -10.96 -10.95 -10.89 -10.89 -10.89 -10.88 -10.88 -10.89 -10.95 -10.99 -11.01 -11.07 -11.08 -11.09 -11.10 -11.09 -11.04 -11.09 -11.10 -11.11 -11.05 -11.10 -11.10 -11.10 -11.08 -11.08 -11.06 -11.07 -10.99 -10.99 -11.07 -11.07 -11.07 -11.06 -11.04 -10.99 -10.96 -10.93 -10.92 -10.91 -10.90 -10.88 -10.87 -10.86 -10.85 -10.86 -10.82 -10.85 -10.88 -10.86 -10.83 -10.81 -10.80 -10.80 -10.80 -10.79 -10.82
-11.07 -11.07 -11.10 -11.11 -11.11 -11.12 -11.13 -11.12 -11.12 -11.11 -11.07 -10.99 -11.00 -10.97 -10.94 -10.88 -10.92 -10.89 -10.91 -10.91 -10.90 -10.92 -10.97 -11.01 -11.02 -11.07 -11.07 -11.06 -11.06 -11.04 -11.06 -11.08 -11.06 -11.06 -11.02 -11.06 -11.04 -11.05 -11.03 -11.04 -11.03 -11.01 -11.02 -10.91 -11.01 -11.00 -10.98 -10.95 -10.93 -10.91 -10.88 -10.85 -10.84 -10.86 -10.85 -10.82 -10.83 -10.82 -10.82 -10.82 -10.77 -10.79 -10.77 -10.76 -10.72 -10.72 -10.75 -10.75 -10.76
-11.07 -11.03 -11.05 -11.08 -11.09 -11.11 -11.12 -11.14 -11.16 -11.14 -11.06 -11.02 -11.00 -10.93 -10.93 -10.94 -10.94 -10.92 -10.91 -10.92 -10.93 -10.93 -10.92 -10.96 -10.99 -11.03 -11.01 -11.03 -11.03 -11.03 -11.01 -11.00 -11.00 -11.02 -11.01 -11.02 -10.99 -11.02 -10.99 -11.00 -10.98 -10.98 -10.98 -10.97 -10.97 -10.85 -10.91 -10.91 -10.89 -10.86 -10.83 -10.86 -10.82 -10.80 -10.79 -10.79 -10.80 -10.78 -10.75 -10.76 -10.76 -10.74 -10.71 -10.70 -10.69 -10.68 -10.69 -10.70 -10.71
-11.07 -11.06 -11.06 -11.07 -11.05 -11.05 -11.06 -11.09 -11.08 -11.09 -11.05 -11.01 -10.98 -10.89 -10.92 -10.95 -10.90 -10.92 -10.92 -10.93 -10.92 -10.94 -10.94 -10.95 -10.93 -10.98 -10.97 -10.96 -10.97 -10.96 -10.97 -10.99 -10.97 -10.96 -10.94 -10.95 -10.96 -10.96 -10.96 -10.97 -10.94 -10.95 -10.95 -10.92 -10.91 -10.87 -10.87 -10.80 -10.81 -10.82 -10.82 -10.81 -10.76 -10.80 -10.78 -10.76 -10.73 -10.72 -10.74 -10.71 -10.67 -10.69 -10.69 -10.67 -10.63 -10.66 -10.66 -10.66 -10.68
-11.01 -11.02 -11.01 -11.02 -11.03 -11.02 -11.04 -11.03 -11.02 -11.01 -10.99 -10.96 -10.96 -10.90 -10.90 -10.86 -10.90 -10.90 -10.88 -10.90 -10.93 -10.92 -10.92 -10.93 -10.94 -10.94 -10.91 -10.92 -10.92 -10.93 -10.89 -10.92 -10.91 -10.93 -10.92 -10.91 -10.90 -10.90 -10.90 -10.91 -10.91 -10.92 -10.89 -10.88 -10.85 -10.81 -10.81 -10.77 -10.76 -10.76 -10.75 -10.76 -10.76 -10.75 -10.70 -10.74 -10.73 -10.72 -10.68 -10.67 -10.67 -10.64 -10.61 -10.61 -10.63 -10.62 -10.62 -10.63 -10.65
-10.99 -10.98 -10.97 -10.98 -10.94 -10.95 -10.94 -10.97 -10.97 -10.94 -10.90 -10.85 -10.88 -10.87 -10.88 -10.89 -10.87 -10.85 -10.87 -10.87 -10.89 -10.87 -10.89 -10.93 -10.91 -10.90 -10.89 -10.88 -10.86 -10.85 -10.86 -10.88 -10.83 -10.86 -10.87 -10.88 -10.87 -10.86 -10.86 -10.84 -10.83 -10.87 -10.86 -10.85 -10.80 -10.78 -10.75 -10.69 -10.72 -10.70 -10.71 -10.69 -10.72 -10.71 -10.70 -10.67 -10.63 -10.69 -10.67 -10.64 -10.63 -10.63 -10.61 -10.56 -10.57 -10.57 -10.58 -10.58 -10.60
-10.93 -10.91 -10.94 -10.95 -10.94 -10.93 -10.93 -10.90 -10.89 -10.87 -10.86 -10.84 -10.77 -10.79 -10.80 -10.85 -10.86 -10.86 -10.85 -10.84 -10.85 -10.84 -10.84 -10.85 -10.85 -10.87 -10.84 -10.83 -10.82 -10.82 -10.80 -10.80 -10.82 -10.81 -10.81 -10.81 -10.83 -10.82 -10.83 -10.81 -10.80 -10.80 -10.78 -10.79 -10.74 -10.75 -10.71 -10.68 -10.68 -10.64 -10.67 -10.65 -10.65 -10.62 -10.66 -10.65 -10.64 -10.60 -10.57 -10.59 -10.59 -10.55 -10.57 -10.56 -10.55 -10.52 -10.53 -10.53 -10.55
-10.84 -10.89 -10.89 -10.91 -10.90 -10.92 -10.91 -10.92 -10.88 -10.85 -10.83 -10.81 -10.79 -10.79 -10.78 -10.78 -10.78 -10.83 -10.84 -10.82 -10.83 -10.81 -10.81 -10.83 -10.78 -10.78 -10.77 -10.78 -10.77 -10.75 -10.77 -10.78 -10.76 -10.76 -10.75 -10.77 -10.76 -10.76 -10.77 -10.77 -10.79 -10.76 -10.74 -10.72 -10.70 -10.68 -10.60 -10.66 -10.64 -10.61 -10.61 -10.59 -10.61 -10.60 -10.59 -10.58 -10.60 -10.59 -10.57 -10.54 -10.51 -10.50 -10.50 -10.49 -10.50 -10.49 -10.48 -10.51 -10.46
-10.78 -10.78 -10.78 -10.85 -10.87 -10.89 -10.89 -10.88 -10.86 -10.84 -10.83 -10.83 -10.80 -10.76 -10.77 -10.76 -10.76 -10.76 -10.78 -10.78 -10.82 -10.82 -10.79 -10.78 -10.74 -10.73 -10.69 -10.70 -10.69 -10.70 -10.72 -10.70 -10.73 -10.73 -10.72 -10.73 -10.72 -10.73 -10.71 -10.70 -10.73 -10.72 -10.71 -10.67 -10.66 -10.64 -10.62 -10.61 -10.55 -10.55 -10.58 -10.53 -10.55 -10.54 -10.56 -10.55 -10.54 -10.52 -10.52 -10.51 -10.50 -10.47 -10.45 -10.43 -10.45 -10.45 -10.43 -10.40 -10.42
-10.77 -10.79 -10.79 -10.79 -10.77 -10.76 -10.88 -10.84 -10.83 -10.82 -10.79 -10.77 -10.74 -10.76 -10.78 -10.77 -10.75 -10.74 -10.74 -10.74 -10.76 -10.78 -10.79 -10.78 -10.68 -10.68 -10.63 -10.62 -10.60 -10.61 -10.65 -10.65 -10.66 -10.66 -10.68 -10.69 -10.67 -10.69 -10.69 -10.64 -10.67 -10.63 -10.65 -10.63 -10.62 -10.57 -10.58 -10.57 -10.55 -10.54 -10.50 -10.47 -10.51 -10.48 -10.49 -10.49 -10.51 -10.49 -10.49 -10.47 -10.42 -10.43 -10.44 -10.41 -10.40 -10.38 -10.38 -10.40 -10.36
-10.75 -10.75 -10.74 -10.76 -10.78 -10.80 -10.79 -10.73 -10.73 -10.74 -10.78 -10.76 -10.73 -10.71 -10.70 -10.68 -10.69 -10.70 -10.73 -10.70 -10.71 -10.72 -10.73 -10.73 -10.65 -10.63 -10.59 -10.48 -10.57 -10.56 -10.56 -10.56 -10.61 -10.61 -10.61 -10.61 -10.63 -10.65 -10.63 -10.63 -10.65 -10.60 -10.59 -10.57 -10.55 -10.55 -10.54 -10.51 -10.52 -10.50 -10.47 -10.45 -10.44 -10.40 -10.42 -10.43 -10.41 -10.43 -10.44 -10.43 -10.43 -10.42 -10.40 -10.34 -10.35 -10.34 -10.34 -10.32 -10.32
-10.73 -10.73 -10.76 -10.78 -10.77 -10.74 -10.77 -10.76 -10.74 -10.71 -10.69 -10.68 -10.68 -10.69 -10.69 -10.66 -10.65 -10.65 -10.64 -10.63 -10.65 -10.66 -10.67 -10.63 -10.63 -10.61 -10.54 -10.51 -10.52 -10.46 -10.50 -10.51 -10.52 -10.52 -10.56 -10.56 -10.55 -10.56 -10.59 -10.61 -10.57 -10.55 -10.54 -10.51 -10.49 -10.50 -10.48 -10.48 -10.46 -10.44 -10.44 -10.42 -10.39 -10.38 -10.38 -10.34 -10.35 -10.38 -10.36 -10.38 -10.37 -10.35 -10.35 -10.35 -10.33 -10.30 -10.27 -10.28 -10.28
-10.76 -10.74 -10.75 -10.75 -10.76 -10.78 -10.76 -10.71 -10.66 -10.65 -10.64 -10.63 -10.62 -10.61 -10.59 -10.61 -10.61 -10.61 -10.59 -10.60 -10.56 -10.59 -10.57 -10.57 -10.57 -10.56 -10.53 -10.51 -10.51 -10.47 -10.48 -10.46 -10.43 -10.47 -10.47 -10.47 -10.52 -10.52 -10.50 -10.51 -10.51 -10.51 -10.49 -10.45 -10.44 -10.42 -10.44 -10.44 -10.41 -10.42 -10.39 -10.38 -10.37 -10.35 -10.32 -10.31 -10.32 -10.31 -10.30 -10.30 -10.31 -10.32 -10.32 -10.30 -10.26 -10.26 -10.28 -10.24 -10.24
-10.71 -10.70 -10.69 -10.74 -10.75 -10.74 -10.72 -10.70 -10.68 -10.65 -10.61 -10.55 -10.59 -10.59 -10.57 -10.56 -10.55 -10.51 -10.52 -10.51 -10.55 -10.52 -10.53 -10.51 -10.51 -10.49 -10.48 -10.50 -10.46 -10.46 -10.47 -10.44 -10.43 -10.43 -10.41 -10.42 -10.43 -10.42 -10.47 -10.46 -10.42 -10.43 -10.40 -10.41 -10.39 -10.38 -10.36 -10.35 -10.36 -10.36 -10.35 -10.35 -10.31 -10.31 -10.30 -10.26 -10.26 -10.26 -10.25 -10.26 -10.24 -10.25 -10.24 -10.23 -10.23 -10.23 -10.22 -10.19 -10.18
-10.65 -10.68 -10.69 -10.69 -10.70 -10.66 -10.69 -10.68 -10.65 -10.60 -10.60 -10.60 -10.57 -10.56 -10.55 -10.54 -10.53 -10.52 -10.49 -10.47 -10.42 -10.44 -10.45 -10.47 -10.45 -10.45 -10.45 -10.45 -10.43 -10.44 -10.42 -10.43 -10.41 -10.43 -10.39 -10.40 -10.37 -10.41 -10.38 -10.37 -10.39 -10.38 -10.34 -10.34 -10.30 -10.32 -10.33 -10.32 -10.31 -10.28 -10.28 -10.30 -10.28 -10.28 -10.23 -10.25 -10.21 -10.16 -10.20 -10.19 -10.19 -10.20 -10.20 -10.19 -10.20 -10.19 -10.17 -10.15 -10.15
-10.61 -10.62 -10.65 -10.67 -10.67 -10.66 -10.63 -10.62 -10.61 -10.60 -10.58 -10.56 -10.56 -10.56 -10.56 -10.50 -10.50 -10.51 -10.51 -10.47 -10.46 -10.41 -10.41 -10.40 -10.42 -10.41 -10.39 -10.38 -10.40 -10.40 -10.39 -10.36 -10.38 -10.35 -10.36 -10.37 -10.35 -10.36 -10.36 -10.33 -10.34 -10.33 -10.32 -10.31 -10.27 -10.28 -10.24 -10.24 -10.26 -10.27 -10.24 -10.23 -10.19 -10.23 -10.20 -10.21 -10.17 -10.18 -10.14 -10.10 -10.14 -10.12 -10.14 -10.15 -10.14 -10.13 -10.14 -10.11 -10.09
-10.58 -10.61 -10.64 -10.62 -10.60 -10.59 -10.60 -10.56 -10.57 -10.56 -10.56 -10.55 -10.53 -10.51 -10.51 -10.51 -10.52 -10.51 -10.45 -10.50 -10.46 -10.45 -10.40 -10.40 -10.39 -10.39 -10.39 -10.37 -10.36 -10.34 -10.33 -10.35 -10.35 -10.33 -10.34 -10.28 -10.34 -10.32 -10.32 -10.30 -10.31 -10.30 -10.29 -10.28 -10.27 -10.25 -10.20 -10.21 -10.19 -10.18 -10.19 -10.20 -10.19 -10.18 -10.13 -10.14 -10.12 -10.14 -10.12 -10.11 -10.09 -10.09 -10.08 -10.09 -10.10 -10.09 -10.08 -10.08 -10.08
-10.55 -10.60 -10.58 -10.61 -10.57 -10.58 -10.57 -10.54 -10.52 -10.52 -10.48 -10.49 -10.49 -10.49 -10.49 -10.47 -10.47 -10.48 -10.48 -10.47 -10.42 -10.40 -10.39 -10.40 -10.39 -10.34 -10.35 -10.35 -10.34 -10.34 -10.33 -10.33 -10.31 -10.29 -10.31 -10.30 -10.24 -10.27 -10.29 -10.27 -10.28 -10.25 -10.28 -10.24 -10.24 -10.22 -10.22 -10.19 -10.14 -10.15 -10.15 -10.11 -10.11 -10.13 -10.13 -10.11 -10.09 -10.06 -10.05 -10.07 -10.07 -10.06 -10.05 -10.05 -10.02 -10.02 -10.02 -10.04 -10.03
-10.52 -10.51 -10.50 -10.55 -10.58 -10.56 -10.51 -10.50 -10.49 -10.48 -10.46 -10.45 -10.45 -10.42 -10.43 -10.42 -10.44 -10.42 -10.41 -10.43 -10.41 -10.39 -10.36 -10.34 -10.30 -10.29 -10.35 -10.33 -10.29 -10.29 -10.30 -10.29 -10.30 -10.30 -10.29 -10.28 -10.25 -10.26 -10.23 -10.25 -10.24 -10.22 -10.23 -10.16 -10.22 -10.18 -10.17 -10.17 -10.18 -10.13 -10.10 -10.08 -10.10 -10.08 -10.06 -10.07 -10.06 -10.04 -10.04 -10.02 -9.98 -10.02 -10.01 -10.01 -9.99 -10.00 -9.96 -9.97 -9.97
-10.46 -10.47 -10.50 -10.54 -10.49 -10.42 -10.43 -10.44 -10.43 -10.42 -10.40 -10.42 -10.41 -10.41 -10.40 -10.38 -10.36 -10.35 -10.38 -10.38 -10.35 -10.35 -10.35 -10.33 -10.28 -10.27 -10.27 -10.25 -10.26 -10.29 -10.27 -10.23 -10.24 -10.24 -10.26 -10.25 -10.27 -10.22 -10.23 -10.24 -10.22 -10.23 -10.21 -10.16 -10.16 -10.13 -10.13 -10.12 -10.12 -10.11 -10.13 -10.07 -10.08 -10.06 -10.06 -10.05 -10.02 -10.02 -10.01 -10.01 -9.99 -9.99 -9.94 -9.94 -9.98 -9.97 -9.95 -9.96 -9.93
-10.37 -10.40 -10.44 -10.46 -10.45 -10.41 -10.41 -10.39 -10.35 -10.32 -10.33 -10.35 -10.33 -10.33 -10.32 -10.34 -10.32 -10.35 -10.31 -10.29 -10.30 -10.30 -10.29 -10.23 -10.27 -10.27 -10.25 -10.22 -10.22 -10.22 -10.21 -10.22 -10.23 -10.21 -10.17 -10.20 -10.20 -10.23 -10.21 -10.22 -10.20 -10.20 -10.18 -10.15 -10.15 -10.11 -10.09 -10.08 -10.07 -10.08 -10.06 -10.08 -10.09 -10.06 -10.07 -10.06 -10.03 -10.02 -10.00 -9.99 -9.99 -9.98 -9.97 -9.96 -9.92 -9.92 -9.95 -9.95 -9.92
-10.30 -10.34 -10.37 -10.37 -10.36 -10.35 -10.34 -10.34 -10.29 -10.26 -10.27 -10.22 -10.24 -10.24 -10.26 -10.25 -10.23 -10.23 -10.24 -10.25 -10.23 -10.21 -10.20 -10.23 -10.21 -10.15 -10.19 -10.21 -10.20 -10.19 -10.17 -10.16 -10.17 -10.17 -10.19 -10.17 -10.14 -10.16 -10.15 -10.19 -10.17 -10.16 -10.15 -10.14 -10.12 -10.10 -10.08 -10.05 -10.02 -10.03 -10.01 -10.05 -10.05 -10.06 -10.04 -10.06 -10.00 -10.01 -9.98 -9.97 -9.97 -9.97 -9.96 -9.96 -9.93 -9.95 -9.92 -9.91 -9.93
-10.22 -10.23 -10.26 -10.25 -10.27 -10.24 -10.24 -10.23 -10.19 -10.21 -10.16 -10.15 -10.13 -10.12 -10.13 -10.15 -10.16 -10.17 -10.18 -10.15 -10.16 -10.16 -10.16 -10.11 -10.13 -10.15 -10.15 -10.13 -10.10 -10.14 -10.14 -10.12 -10.13 -10.11 -10.11 -10.14 -10.13 -10.10 -10.09 -10.12 -10.11 -10.13 -10.12 -10.07 -10.08 -10.06 -10.05 -10.03 -10.02 -9.98 -9.98 -10.01 -10.01 -10.02 -10.04 -10.02 -10.01 -9.98 -9.95 -9.95 -9.93 -9.92 -9.94 -9.95 -9.94 -9.92 -9.89 -9.94 -9.90
