utils/5a01f6d0e4b0531197b72cfe/583348fce4b046f05f21f5ec/58334924e4b046f05f21f5ef/ew15_jan_dem_5m.asc
ncols	967
nrows	464
xllcorner	295145.00
yllcorner	130090.00
cellsize	5.00
NODATA_value	-9999.00
[rows 240 to 269 of 464, columns 759 to 827 of 967]
-5.74 -5.76 -5.80 -5.83 -5.88 -5.89 -5.94 -5.96 -5.98 -6.02 -6.04 -6.06 -6.04 -6.03 -6.12 -6.11 -6.14 -6.14 -6.21 -6.21 -6.24 -6.26 -6.26 -6.31 -6.31 -6.33 -6.36 -6.38 -6.36 -6.39 -6.42 -6.45 -6.48 -6.50 -6.51 -6.54 -6.57 -6.59 -6.61 -6.62 -6.62 -6.65 -6.66 -6.72 -6.75 -6.82 -6.83 -6.84 -6.87 -6.89 -6.93 -6.96 -6.99 -7.03 -7.01 -7.08 -7.15 -7.17 -7.17 -7.20 -7.22 -7.24 -7.32 -7.36 -7.36 -7.40 -7.42 -7.49 -7.51
-5.67 -5.72 -5.73 -5.78 -5.81 -5.86 -5.87 -5.93 -5.95 -5.97 -5.99 -6.03 -6.07 -6.04 -6.04 -6.11 -6.08 -6.12 -6.12 -6.19 -6.20 -6.22 -6.24 -6.24 -6.30 -6.29 -6.31 -6.34 -6.35 -6.34 -6.37 -6.40 -6.43 -6.46 -6.48 -6.49 -6.52 -6.56 -6.57 -6.59 -6.60 -6.60 -6.64 -6.66 -6.72 -6.74 -6.81 -6.83 -6.84 -6.85 -6.88 -6.93 -6.96 -6.98 -7.02 -7.05 -7.07 -7.13 -7.16 -7.17 -7.20 -7.23 -7.26 -7.32 -7.37 -7.37 -7.40 -7.42 -7.49
-5.60 -5.65 -5.71 -5.71 -5.76 -5.79 -5.86 -5.85 -5.92 -5.94 -5.95 -5.98 -6.01 -6.03 -6.03 -6.03 -6.08 -6.05 -6.11 -6.10 -6.18 -6.17 -6.20 -6.22 -6.21 -6.27 -6.27 -6.30 -6.33 -6.33 -6.32 -6.34 -6.37 -6.40 -6.44 -6.47 -6.49 -6.50 -6.54 -6.56 -6.57 -6.59 -6.61 -6.62 -6.65 -6.71 -6.74 -6.80 -6.82 -6.84 -6.83 -6.88 -6.92 -6.96 -6.99 -7.00 -7.05 -7.10 -7.13 -7.15 -7.14 -7.20 -7.22 -7.26 -7.31 -7.38 -7.39 -7.41 -7.43
-5.51 -5.59 -5.63 -5.69 -5.69 -5.74 -5.76 -5.85 -5.83 -5.91 -5.93 -5.95 -5.95 -6.00 -6.02 -6.02 -6.02 -6.06 -6.03 -6.09 -6.09 -6.13 -6.15 -6.18 -6.21 -6.19 -6.24 -6.25 -6.27 -6.30 -6.31 -6.30 -6.32 -6.35 -6.37 -6.43 -6.46 -6.47 -6.49 -6.52 -6.54 -6.56 -6.58 -6.59 -6.63 -6.67 -6.71 -6.74 -6.80 -6.82 -6.84 -6.84 -6.87 -6.92 -6.96 -6.99 -7.01 -7.04 -7.10 -7.13 -7.14 -7.14 -7.20 -7.21 -7.25 -7.31 -7.38 -7.40 -7.41
-5.45 -5.48 -5.56 -5.61 -5.67 -5.68 -5.71 -5.74 -5.84 -5.81 -5.86 -5.89 -5.93 -5.94 -5.97 -5.98 -6.01 -6.00 -6.03 -6.00 -6.07 -6.08 -6.12 -6.13 -6.17 -6.19 -6.16 -6.20 -6.22 -6.26 -6.28 -6.29 -6.29 -6.31 -6.34 -6.36 -6.41 -6.43 -6.45 -6.47 -6.51 -6.52 -6.54 -6.58 -6.59 -6.62 -6.66 -6.71 -6.74 -6.79 -6.81 -6.83 -6.85 -6.87 -6.91 -6.93 -6.97 -7.01 -7.05 -7.10 -7.12 -7.11 -7.18 -7.20 -7.20 -7.24 -7.31 -7.38 -7.41
-5.36 -5.43 -5.46 -5.54 -5.59 -5.65 -5.66 -5.69 -5.71 -5.81 -5.79 -5.84 -5.85 -5.90 -5.92 -5.93 -5.95 -5.98 -5.99 -6.01 -5.98 -6.05 -6.05 -6.09 -6.12 -6.14 -6.17 -6.14 -6.17 -6.20 -6.24 -6.26 -6.27 -6.28 -6.30 -6.32 -6.35 -6.38 -6.42 -6.44 -6.45 -6.49 -6.51 -6.53 -6.56 -6.59 -6.63 -6.65 -6.71 -6.74 -6.78 -6.80 -6.83 -6.84 -6.87 -6.91 -6.94 -6.98 -7.01 -7.05 -7.09 -7.12 -7.13 -7.16 -7.19 -7.20 -7.25 -7.32 -7.38
-5.34 -5.35 -5.42 -5.44 -5.52 -5.57 -5.63 -5.64 -5.66 -5.69 -5.78 -5.77 -5.82 -5.83 -5.88 -5.90 -5.90 -5.93 -5.96 -5.97 -5.96 -5.95 -6.04 -6.01 -6.07 -6.11 -6.13 -6.15 -6.11 -6.14 -6.18 -6.22 -6.25 -6.26 -6.27 -6.29 -6.30 -6.34 -6.37 -6.41 -6.43 -6.44 -6.47 -6.49 -6.52 -6.56 -6.57 -6.63 -6.64 -6.71 -6.74 -6.77 -6.79 -6.83 -6.85 -6.87 -6.92 -6.94 -6.98 -7.02 -7.07 -7.09 -7.12 -7.13 -7.16 -7.18 -7.20 -7.25 -7.33
-5.24 -5.32 -5.33 -5.41 -5.42 -5.50 -5.55 -5.59 -5.61 -5.63 -5.67 -5.76 -5.75 -5.80 -5.80 -5.85 -5.87 -5.88 -5.92 -5.92 -5.95 -5.95 -5.93 -6.01 -5.98 -6.05 -6.11 -6.10 -6.13 -6.08 -6.12 -6.16 -6.21 -6.24 -6.25 -6.26 -6.28 -6.28 -6.32 -6.36 -6.40 -6.41 -6.43 -6.46 -6.47 -6.51 -6.54 -6.56 -6.62 -6.64 -6.71 -6.75 -6.77 -6.80 -6.83 -6.85 -6.88 -6.92 -6.95 -6.98 -7.02 -7.07 -7.09 -7.09 -7.14 -7.17 -7.18 -7.20 -7.25
-5.17 -5.21 -5.31 -5.32 -5.40 -5.41 -5.47 -5.54 -5.56 -5.59 -5.61 -5.65 -5.73 -5.73 -5.76 -5.78 -5.81 -5.85 -5.86 -5.87 -5.90 -5.93 -5.95 -5.90 -5.99 -5.98 -6.03 -6.09 -6.09 -6.11 -6.08 -6.11 -6.15 -6.20 -6.23 -6.24 -6.25 -6.27 -6.27 -6.31 -6.34 -6.39 -6.41 -6.41 -6.43 -6.45 -6.49 -6.55 -6.60 -6.61 -6.65 -6.71 -6.76 -6.77 -6.80 -6.82 -6.86 -6.88 -6.92 -6.95 -6.99 -7.03 -7.06 -7.08 -7.09 -7.12 -7.16 -7.18 -7.20
-5.14 -5.21 -5.21 -5.29 -5.32 -5.38 -5.39 -5.45 -5.51 -5.50 -5.57 -5.59 -5.63 -5.70 -5.70 -5.73 -5.75 -5.78 -5.81 -5.84 -5.85 -5.87 -5.92 -5.93 -5.87 -5.98 -5.99 -6.02 -6.07 -6.08 -6.10 -6.07 -6.09 -6.14 -6.18 -6.22 -6.23 -6.25 -6.27 -6.26 -6.30 -6.33 -6.37 -6.39 -6.39 -6.41 -6.45 -6.48 -6.54 -6.54 -6.60 -6.67 -6.70 -6.75 -6.76 -6.81 -6.82 -6.86 -6.88 -6.92 -6.95 -6.99 -7.04 -7.06 -7.06 -7.12 -7.13 -7.15 -7.16
-5.09 -5.13 -5.16 -5.20 -5.21 -5.30 -5.36 -5.37 -5.43 -5.48 -5.50 -5.54 -5.57 -5.60 -5.67 -5.65 -5.71 -5.72 -5.75 -5.79 -5.82 -5.83 -5.86 -5.87 -5.89 -5.90 -5.91 -5.97 -6.01 -6.06 -6.07 -6.09 -6.06 -6.08 -6.13 -6.17 -6.20 -6.21 -6.24 -6.25 -6.25 -6.28 -6.32 -6.34 -6.37 -6.39 -6.40 -6.45 -6.47 -6.51 -6.55 -6.62 -6.69 -6.71 -6.75 -6.75 -6.80 -6.82 -6.87 -6.88 -6.93 -6.96 -7.00 -7.04 -7.06 -7.08 -7.11 -7.14 -7.14
-5.03 -5.07 -5.11 -5.19 -5.16 -5.18 -5.27 -5.33 -5.35 -5.40 -5.45 -5.47 -5.51 -5.54 -5.57 -5.64 -5.62 -5.68 -5.70 -5.73 -5.76 -5.79 -5.81 -5.82 -5.85 -5.87 -5.88 -5.90 -5.95 -6.00 -6.04 -6.05 -6.08 -6.05 -6.07 -6.11 -6.16 -6.18 -6.20 -6.23 -6.24 -6.24 -6.27 -6.30 -6.34 -6.36 -6.38 -6.39 -6.43 -6.48 -6.52 -6.56 -6.62 -6.68 -6.72 -6.75 -6.76 -6.79 -6.84 -6.87 -6.89 -6.93 -6.96 -7.00 -7.03 -7.05 -7.07 -7.09 -7.14
-4.98 -5.01 -5.12 -5.15 -5.19 -5.17 -5.17 -5.25 -5.31 -5.33 -5.36 -5.42 -5.46 -5.48 -5.52 -5.55 -5.61 -5.60 -5.65 -5.67 -5.70 -5.73 -5.75 -5.78 -5.80 -5.83 -5.86 -5.87 -5.88 -5.93 -5.99 -6.02 -6.04 -6.06 -6.04 -6.07 -6.10 -6.15 -6.18 -6.20 -6.23 -6.23 -6.23 -6.25 -6.28 -6.33 -6.38 -6.36 -6.40 -6.45 -6.49 -6.53 -6.57 -6.65 -6.68 -6.73 -6.75 -6.76 -6.79 -6.85 -6.87 -6.89 -6.93 -6.97 -7.01 -7.03 -7.03 -7.10 -7.09
-4.89 -4.98 -5.06 -5.09 -5.10 -5.15 -5.19 -5.16 -5.23 -5.29 -5.32 -5.35 -5.39 -5.42 -5.45 -5.50 -5.53 -5.59 -5.59 -5.62 -5.65 -5.68 -5.71 -5.72 -5.76 -5.79 -5.82 -5.85 -5.86 -5.87 -5.92 -5.98 -6.01 -6.03 -6.05 -6.03 -6.06 -6.09 -6.13 -6.16 -6.19 -6.22 -6.23 -6.22 -6.24 -6.26 -6.35 -6.38 -6.37 -6.41 -6.46 -6.50 -6.54 -6.62 -6.66 -6.69 -6.72 -6.75 -6.78 -6.80 -6.86 -6.88 -6.89 -6.94 -6.97 -7.01 -7.02 -7.05 -7.08
-4.85 -4.92 -4.97 -5.04 -5.05 -5.06 -5.13 -5.15 -5.16 -5.21 -5.26 -5.30 -5.32 -5.35 -5.40 -5.43 -5.48 -5.51 -5.56 -5.57 -5.59 -5.62 -5.65 -5.68 -5.71 -5.75 -5.78 -5.81 -5.84 -5.85 -5.90 -5.91 -5.97 -6.00 -6.01 -6.04 -6.02 -6.05 -6.08 -6.12 -6.15 -6.19 -6.21 -6.22 -6.20 -6.23 -6.28 -6.35 -6.39 -6.40 -6.43 -6.47 -6.51 -6.55 -6.60 -6.66 -6.69 -6.72 -6.73 -6.79 -6.80 -6.86 -6.89 -6.90 -6.94 -6.98 -7.00 -7.01 -7.06
-4.75 -4.85 -4.88 -4.95 -5.01 -5.02 -5.04 -5.11 -5.15 -5.13 -5.19 -5.24 -5.28 -5.29 -5.32 -5.37 -5.40 -5.45 -5.49 -5.53 -5.53 -5.56 -5.60 -5.64 -5.67 -5.69 -5.74 -5.78 -5.80 -5.83 -5.84 -5.85 -5.90 -5.96 -5.99 -6.01 -6.03 -6.02 -6.04 -6.06 -6.11 -6.14 -6.18 -6.20 -6.23 -6.22 -6.25 -6.30 -6.35 -6.39 -6.42 -6.44 -6.48 -6.52 -6.57 -6.63 -6.66 -6.70 -6.72 -6.74 -6.79 -6.81 -6.85 -6.89 -6.90 -6.94 -6.98 -7.00 -7.02
-4.69 -4.73 -4.79 -4.85 -4.93 -4.99 -4.99 -5.02 -5.11 -5.12 -5.13 -5.18 -5.22 -5.26 -5.27 -5.33 -5.34 -5.37 -5.43 -5.47 -5.51 -5.52 -5.55 -5.59 -5.63 -5.65 -5.68 -5.73 -5.76 -5.79 -5.81 -5.83 -5.82 -5.88 -5.96 -5.98 -6.00 -6.02 -6.01 -6.03 -6.05 -6.10 -6.12 -6.18 -6.21 -6.23 -6.21 -6.26 -6.32 -6.36 -6.40 -6.42 -6.45 -6.49 -6.53 -6.58 -6.64 -6.67 -6.71 -6.72 -6.74 -6.79 -6.81 -6.86 -6.90 -6.91 -6.95 -6.99 -7.00
-4.58 -4.67 -4.71 -4.75 -4.83 -4.91 -4.96 -4.97 -5.00 -5.06 -5.10 -5.12 -5.15 -5.20 -5.25 -5.24 -5.29 -5.31 -5.34 -5.41 -5.46 -5.49 -5.52 -5.54 -5.57 -5.62 -5.65 -5.67 -5.71 -5.76 -5.78 -5.80 -5.81 -5.80 -5.86 -5.94 -5.96 -6.00 -6.00 -6.00 -6.02 -6.03 -6.09 -6.13 -6.18 -6.20 -6.23 -6.23 -6.28 -6.33 -6.37 -6.43 -6.45 -6.46 -6.50 -6.55 -6.60 -6.64 -6.67 -6.70 -6.72 -6.74 -6.78 -6.81 -6.86 -6.90 -6.91 -6.95 -6.97
-4.51 -4.56 -4.65 -4.71 -4.78 -4.81 -4.89 -4.94 -4.94 -4.98 -5.04 -5.07 -5.12 -5.11 -5.18 -5.23 -5.21 -5.25 -5.29 -5.34 -5.40 -5.44 -5.48 -5.51 -5.54 -5.56 -5.61 -5.64 -5.65 -5.70 -5.74 -5.76 -5.79 -5.81 -5.78 -5.85 -5.93 -5.95 -5.99 -5.99 -5.99 -6.01 -6.04 -6.10 -6.14 -6.17 -6.21 -6.23 -6.26 -6.30 -6.34 -6.39 -6.43 -6.47 -6.47 -6.51 -6.56 -6.61 -6.64 -6.67 -6.69 -6.72 -6.73 -6.77 -6.82 -6.87 -6.91 -6.91 -6.95
-4.51 -4.49 -4.55 -4.63 -4.70 -4.74 -4.78 -4.87 -4.91 -4.92 -4.96 -5.02 -5.10 -5.09 -5.09 -5.16 -5.20 -5.23 -5.17 -5.28 -5.35 -5.38 -5.43 -5.46 -5.48 -5.53 -5.55 -5.60 -5.63 -5.64 -5.69 -5.73 -5.76 -5.78 -5.81 -5.78 -5.84 -5.90 -5.95 -5.98 -5.99 -5.99 -6.00 -6.05 -6.10 -6.15 -6.18 -6.23 -6.23 -6.26 -6.31 -6.35 -6.40 -6.43 -6.49 -6.48 -6.53 -6.57 -6.61 -6.65 -6.67 -6.69 -6.71 -6.75 -6.77 -6.82 -6.87 -6.92 -6.91
-4.39 -4.49 -4.49 -4.53 -4.61 -4.69 -4.71 -4.76 -4.85 -4.88 -4.89 -4.93 -5.00 -5.08 -5.07 -5.09 -5.14 -5.18 -5.21 -5.20 -5.28 -5.34 -5.37 -5.41 -5.45 -5.47 -5.51 -5.54 -5.59 -5.62 -5.63 -5.67 -5.72 -5.75 -5.77 -5.75 -5.75 -5.84 -5.89 -5.94 -5.98 -5.98 -5.99 -6.01 -6.05 -6.10 -6.16 -6.19 -6.22 -6.24 -6.27 -6.32 -6.37 -6.41 -6.44 -6.50 -6.49 -6.54 -6.58 -6.62 -6.65 -6.69 -6.69 -6.71 -6.77 -6.77 -6.83 -6.88 -6.91
-4.22 -4.37 -4.46 -4.47 -4.51 -4.59 -4.63 -4.69 -4.74 -4.83 -4.86 -4.86 -4.91 -4.98 -5.05 -5.05 -5.08 -5.13 -5.17 -5.20 -5.22 -5.28 -5.31 -5.35 -5.40 -5.44 -5.46 -5.49 -5.51 -5.58 -5.60 -5.62 -5.66 -5.71 -5.75 -5.76 -5.70 -5.76 -5.84 -5.90 -5.94 -5.99 -5.98 -5.98 -6.00 -6.05 -6.11 -6.17 -6.19 -6.21 -6.24 -6.29 -6.33 -6.38 -6.42 -6.44 -6.50 -6.51 -6.55 -6.58 -6.62 -6.65 -6.68 -6.69 -6.72 -6.77 -6.77 -6.83 -6.88
-3.97 -4.20 -4.32 -4.43 -4.45 -4.49 -4.57 -4.62 -4.66 -4.71 -4.81 -4.83 -4.84 -4.89 -4.94 -5.03 -5.04 -5.07 -5.12 -5.15 -5.16 -5.20 -5.27 -5.30 -5.33 -5.39 -5.42 -5.44 -5.47 -5.49 -5.56 -5.59 -5.61 -5.65 -5.69 -5.74 -5.74 -5.70 -5.80 -5.84 -5.91 -5.94 -5.99 -5.98 -5.98 -6.01 -6.06 -6.12 -6.17 -6.20 -6.23 -6.26 -6.30 -6.35 -6.39 -6.43 -6.46 -6.51 -6.53 -6.56 -6.59 -6.62 -6.65 -6.67 -6.70 -6.72 -6.78 -6.78 -6.83
-3.86 -3.97 -4.18 -4.28 -4.41 -4.43 -4.47 -4.55 -4.61 -4.64 -4.69 -4.79 -4.81 -4.81 -4.89 -4.95 -5.01 -5.03 -5.06 -5.11 -5.13 -5.10 -5.20 -5.25 -5.29 -5.33 -5.38 -5.41 -5.45 -5.45 -5.47 -5.55 -5.58 -5.60 -5.64 -5.67 -5.73 -5.76 -5.70 -5.81 -5.85 -5.92 -5.94 -5.99 -5.99 -5.98 -6.02 -6.07 -6.13 -6.18 -6.20 -6.24 -6.26 -6.31 -6.37 -6.40 -6.44 -6.45 -6.52 -6.53 -6.57 -6.59 -6.63 -6.65 -6.66 -6.70 -6.69 -6.77 -6.79
-3.67 -3.87 -3.99 -4.17 -4.27 -4.38 -4.41 -4.46 -4.56 -4.57 -4.62 -4.67 -4.71 -4.76 -4.80 -4.88 -4.92 -4.99 -5.02 -5.05 -5.08 -5.11 -5.13 -5.19 -5.24 -5.28 -5.31 -5.37 -5.39 -5.45 -5.43 -5.46 -5.54 -5.57 -5.60 -5.65 -5.68 -5.72 -5.74 -5.73 -5.81 -5.85 -5.91 -5.94 -5.99 -5.98 -5.98 -6.02 -6.08 -6.13 -6.18 -6.21 -6.25 -6.28 -6.32 -6.38 -6.41 -6.45 -6.46 -6.52 -6.56 -6.58 -6.59 -6.62 -6.67 -6.66 -6.69 -6.73 -6.75
-3.50 -3.70 -3.89 -4.00 -4.15 -4.26 -4.35 -4.39 -4.44 -4.52 -4.54 -4.66 -4.68 -4.71 -4.75 -4.80 -4.86 -4.91 -4.97 -5.03 -5.04 -5.06 -5.10 -5.13 -5.18 -5.22 -5.28 -5.31 -5.34 -5.39 -5.45 -5.42 -5.45 -5.53 -5.57 -5.60 -5.67 -5.70 -5.71 -5.69 -5.75 -5.81 -5.85 -5.90 -5.94 -5.99 -5.97 -5.98 -6.03 -6.09 -6.14 -6.19 -6.21 -6.25 -6.30 -6.33 -6.39 -6.42 -6.46 -6.48 -6.52 -6.58 -6.58 -6.60 -6.63 -6.66 -6.66 -6.71 -6.74
-3.44 -3.50 -3.73 -3.91 -4.02 -4.12 -4.25 -4.33 -4.38 -4.42 -4.46 -4.52 -4.64 -4.68 -4.70 -4.74 -4.79 -4.85 -4.92 -4.96 -5.01 -5.03 -5.05 -5.08 -5.15 -5.18 -5.21 -5.28 -5.30 -5.33 -5.36 -5.44 -5.41 -5.45 -5.54 -5.57 -5.61 -5.64 -5.70 -5.72 -5.69 -5.78 -5.81 -5.85 -5.90 -5.94 -5.98 -5.97 -5.98 -6.03 -6.09 -6.14 -6.19 -6.22 -6.26 -6.32 -6.35 -6.41 -6.43 -6.47 -6.50 -6.53 -6.56 -6.58 -6.61 -6.63 -6.65 -6.69 -6.72
-3.36 -3.40 -3.50 -3.76 -3.92 -4.03 -4.11 -4.24 -4.31 -4.39 -4.42 -4.46 -4.52 -4.62 -4.66 -4.69 -4.73 -4.80 -4.83 -4.91 -4.93 -5.00 -5.02 -5.03 -5.05 -5.13 -5.17 -5.20 -5.27 -5.29 -5.30 -5.35 -5.43 -5.42 -5.47 -5.54 -5.58 -5.61 -5.62 -5.69 -5.72 -5.69 -5.78 -5.81 -5.86 -5.91 -5.94 -5.98 -5.96 -5.98 -6.04 -6.11 -6.15 -6.19 -6.23 -6.27 -6.33 -6.36 -6.42 -6.44 -6.48 -6.50 -6.53 -6.56 -6.58 -6.61 -6.65 -6.65 -6.69
-3.28 -3.33 -3.37 -3.51 -3.79 -3.94 -4.05 -4.12 -4.23 -4.26 -4.39 -4.41 -4.46 -4.50 -4.60 -4.65 -4.68 -4.73 -4.79 -4.82 -4.89 -4.91 -4.97 -5.01 -5.01 -5.06 -5.13 -5.16 -5.18 -5.25 -5.28 -5.32 -5.35 -5.43 -5.42 -5.47 -5.55 -5.58 -5.62 -5.65 -5.68 -5.72 -5.72 -5.79 -5.81 -5.86 -5.92 -5.95 -5.98 -5.96 -6.00 -6.05 -6.12 -6.15 -6.20 -6.25 -6.28 -6.34 -6.38 -6.41 -6.42 -6.50 -6.49 -6.54 -6.56 -6.59 -6.62 -6.65 -6.66
-3.17 -3.26 -3.30 -3.36 -3.53 -3.82 -3.95 -4.11 -4.09 -4.21 -4.26 -4.38 -4.40 -4.45 -4.49 -4.57 -4.63 -4.66 -4.72 -4.78 -4.82 -4.88 -4.89 -4.97 -5.00 -5.00 -5.06 -5.11 -5.15 -5.18 -5.24 -5.28 -5.32 -5.35 -5.43 -5.43 -5.48 -5.56 -5.58 -5.63 -5.67 -5.68 -5.70 -5.73 -5.79 -5.81 -5.86 -5.92 -5.95 -5.98 -5.96 -6.01 -6.05 -6.13 -6.16 -6.20 -6.24 -6.29 -6.34 -6.38 -6.41 -6.43 -6.50 -6.49 -6.54 -6.57 -6.60 -6.62 -6.65
