utils/5a01f6d0e4b0531197b72cfe/583348fce4b046f05f21f5ec/58334924e4b046f05f21f5ef/ew15_jan_dem_5m.asc
ncols	967
nrows	464
xllcorner	295145.00
yllcorner	130090.00
cellsize	5.00
NODATA_value	-9999.00
[rows 300 to 329 of 464, columns 828 to 896 of 967]
-5.83 -5.88 -5.92 -5.95 -5.98 -5.99 -6.02 -6.04 -6.09 -6.11 -6.10 -6.12 -6.18 -6.24 -6.25 -6.30 -6.31 -6.33 -6.33 -6.34 -6.39 -6.39 -6.43 -6.47 -6.47 -6.50 -6.50 -6.54 -6.58 -6.58 -6.62 -6.61 -6.65 -6.68 -6.70 -6.66 -6.67 -6.70 -6.76 -6.79 -6.82 -6.88 -6.89 -6.90 -6.93 -6.97 -6.97 -6.97 -6.98 -6.98 -6.97 -6.97 -6.97 -6.96 -6.95 -6.98 -6.98 -7.03 -7.04 -7.08 -7.14 -7.17 -7.23 -7.30 -7.33 -7.33 -7.34 -7.38 -7.43
-5.82 -5.84 -5.89 -5.92 -5.96 -5.97 -5.98 -5.99 -6.03 -6.07 -6.09 -6.10 -6.15 -6.19 -6.23 -6.26 -6.31 -6.33 -6.33 -6.34 -6.33 -6.39 -6.40 -6.43 -6.46 -6.48 -6.48 -6.52 -6.55 -6.59 -6.57 -6.59 -6.61 -6.66 -6.68 -6.69 -6.64 -6.67 -6.71 -6.77 -6.81 -6.81 -6.87 -6.86 -6.92 -6.94 -6.94 -6.94 -6.95 -6.98 -6.98 -6.97 -6.99 -6.98 -6.96 -6.96 -6.99 -7.00 -7.03 -7.07 -7.10 -7.16 -7.19 -7.25 -7.31 -7.34 -7.32 -7.34 -7.39
-5.76 -5.83 -5.87 -5.90 -5.93 -5.96 -5.96 -5.99 -6.00 -6.07 -6.06 -6.09 -6.11 -6.16 -6.21 -6.24 -6.27 -6.32 -6.32 -6.33 -6.35 -6.37 -6.39 -6.39 -6.43 -6.45 -6.48 -6.47 -6.52 -6.56 -6.57 -6.58 -6.62 -6.63 -6.67 -6.66 -6.69 -6.64 -6.65 -6.73 -6.77 -6.82 -6.84 -6.85 -6.85 -6.90 -6.92 -6.93 -6.94 -6.93 -6.95 -6.96 -6.97 -6.99 -6.98 -6.95 -6.98 -6.98 -7.02 -7.05 -7.09 -7.12 -7.18 -7.21 -7.27 -7.31 -7.31 -7.32 -7.35
-5.78 -5.77 -5.84 -5.88 -5.91 -5.94 -5.95 -5.97 -6.00 -6.01 -6.07 -6.08 -6.08 -6.10 -6.15 -6.21 -6.23 -6.28 -6.32 -6.32 -6.32 -6.33 -6.38 -6.39 -6.40 -6.43 -6.46 -6.46 -6.50 -6.54 -6.58 -6.59 -6.61 -6.61 -6.65 -6.67 -6.68 -6.70 -6.63 -6.68 -6.75 -6.77 -6.80 -6.85 -6.85 -6.88 -6.90 -6.93 -6.93 -6.93 -6.93 -6.96 -6.95 -6.98 -7.00 -6.96 -6.95 -6.99 -7.00 -7.04 -7.06 -7.10 -7.15 -7.17 -7.24 -7.30 -7.32 -7.31 -7.31
-5.76 -5.75 -5.81 -5.85 -5.89 -5.92 -5.94 -5.95 -5.96 -6.01 -6.02 -6.05 -6.07 -6.08 -6.12 -6.17 -6.21 -6.24 -6.28 -6.28 -6.32 -6.33 -6.32 -6.38 -6.38 -6.40 -6.43 -6.45 -6.47 -6.50 -6.55 -6.58 -6.57 -6.58 -6.58 -6.64 -6.68 -6.70 -6.68 -6.63 -6.69 -6.74 -6.78 -6.78 -6.83 -6.83 -6.87 -6.89 -6.89 -6.92 -6.92 -6.94 -6.95 -6.95 -6.98 -6.98 -6.98 -6.97 -7.02 -7.03 -7.06 -7.08 -7.12 -7.17 -7.20 -7.25 -7.31 -7.29 -7.29
-5.74 -5.76 -5.74 -5.82 -5.84 -5.88 -5.92 -5.92 -5.95 -5.97 -5.98 -6.04 -6.04 -6.07 -6.08 -6.13 -6.18 -6.20 -6.23 -6.28 -6.28 -6.32 -6.34 -6.36 -6.38 -6.37 -6.40 -6.44 -6.44 -6.46 -6.51 -6.56 -6.57 -6.56 -6.61 -6.61 -6.64 -6.68 -6.69 -6.66 -6.63 -6.68 -6.75 -6.78 -6.80 -6.82 -6.83 -6.86 -6.88 -6.89 -6.90 -6.91 -6.92 -6.95 -6.96 -6.98 -6.99 -6.96 -6.99 -7.01 -7.04 -7.07 -7.11 -7.13 -7.19 -7.22 -7.27 -7.30 -7.28
-5.69 -5.73 -5.76 -5.79 -5.82 -5.85 -5.90 -5.92 -5.94 -5.95 -5.99 -5.99 -6.04 -6.04 -6.06 -6.09 -6.12 -6.18 -6.22 -6.24 -6.29 -6.30 -6.31 -6.32 -6.36 -6.39 -6.37 -6.41 -6.43 -6.44 -6.49 -6.53 -6.57 -6.58 -6.59 -6.61 -6.63 -6.65 -6.64 -6.68 -6.65 -6.63 -6.69 -6.74 -6.77 -6.82 -6.81 -6.86 -6.86 -6.88 -6.90 -6.89 -6.88 -6.92 -6.93 -6.97 -6.99 -6.98 -6.97 -7.00 -7.03 -7.06 -7.08 -7.12 -7.15 -7.18 -7.25 -7.29 -7.29
-5.64 -5.71 -5.74 -5.76 -5.80 -5.85 -5.86 -5.90 -5.91 -5.94 -5.95 -5.99 -6.00 -6.04 -6.05 -6.06 -6.09 -6.15 -6.18 -6.21 -6.25 -6.28 -6.32 -6.32 -6.32 -6.37 -6.35 -6.38 -6.42 -6.43 -6.43 -6.49 -6.55 -6.58 -6.57 -6.57 -6.57 -6.62 -6.66 -6.65 -6.67 -6.62 -6.65 -6.71 -6.75 -6.76 -6.79 -6.79 -6.83 -6.84 -6.86 -6.89 -6.89 -6.89 -6.94 -6.94 -6.98 -7.00 -6.98 -6.97 -7.05 -7.04 -7.08 -7.11 -7.14 -7.18 -7.21 -7.26 -7.31
-5.63 -5.66 -5.72 -5.74 -5.77 -5.80 -5.83 -5.87 -5.90 -5.90 -5.93 -5.96 -5.99 -6.01 -6.02 -6.05 -6.05 -6.09 -6.15 -6.17 -6.22 -6.25 -6.28 -6.31 -6.33 -6.35 -6.38 -6.35 -6.39 -6.42 -6.41 -6.47 -6.52 -6.54 -6.57 -6.55 -6.58 -6.59 -6.62 -6.64 -6.66 -6.65 -6.62 -6.66 -6.70 -6.75 -6.77 -6.80 -6.82 -6.83 -6.83 -6.86 -6.85 -6.88 -6.89 -6.93 -6.94 -6.98 -6.99 -6.98 -7.00 -7.03 -7.06 -7.10 -7.13 -7.16 -7.19 -7.23 -7.25
-5.60 -5.61 -5.69 -5.75 -5.75 -5.77 -5.81 -5.83 -5.85 -5.89 -5.90 -5.94 -5.98 -5.98 -6.02 -6.01 -6.05 -6.07 -6.10 -6.15 -6.18 -6.22 -6.27 -6.25 -6.31 -6.31 -6.35 -6.38 -6.35 -6.40 -6.42 -6.41 -6.47 -6.52 -6.55 -6.55 -6.57 -6.59 -6.60 -6.62 -6.62 -6.64 -6.64 -6.62 -6.67 -6.71 -6.74 -6.78 -6.76 -6.81 -6.81 -6.82 -6.85 -6.86 -6.87 -6.89 -6.92 -6.96 -6.98 -6.99 -6.98 -7.01 -7.05 -7.08 -7.10 -7.14 -7.17 -7.20 -7.24
-5.54 -5.58 -5.62 -5.69 -5.74 -5.74 -5.78 -5.83 -5.85 -5.86 -5.89 -5.90 -5.94 -5.99 -5.98 -6.02 -6.03 -6.04 -6.07 -6.12 -6.16 -6.20 -6.21 -6.26 -6.24 -6.32 -6.32 -6.37 -6.33 -6.36 -6.39 -6.41 -6.43 -6.50 -6.52 -6.56 -6.55 -6.55 -6.55 -6.59 -6.63 -6.61 -6.65 -6.64 -6.62 -6.66 -6.71 -6.73 -6.76 -6.77 -6.80 -6.79 -6.82 -6.86 -6.85 -6.85 -6.91 -6.91 -6.98 -6.99 -6.98 -6.98 -7.07 -7.06 -7.10 -7.13 -7.12 -7.19 -7.20
-5.52 -5.59 -5.62 -5.63 -5.69 -5.73 -5.75 -5.78 -5.83 -5.84 -5.87 -5.90 -5.90 -5.94 -5.99 -5.99 -6.00 -6.03 -6.03 -6.06 -6.12 -6.15 -6.20 -6.21 -6.25 -6.25 -6.31 -6.34 -6.37 -6.33 -6.37 -6.40 -6.42 -6.46 -6.50 -6.52 -6.55 -6.53 -6.56 -6.56 -6.58 -6.61 -6.62 -6.63 -6.63 -6.63 -6.67 -6.71 -6.74 -6.76 -6.80 -6.79 -6.79 -6.82 -6.83 -6.84 -6.85 -6.92 -6.92 -6.98 -7.01 -6.99 -6.99 -7.05 -7.07 -7.11 -7.13 -7.15 -7.18
-5.49 -5.54 -5.58 -5.61 -5.67 -5.71 -5.74 -5.75 -5.80 -5.82 -5.85 -5.87 -5.89 -5.92 -5.96 -5.98 -6.00 -5.98 -6.03 -6.06 -6.08 -6.12 -6.13 -6.20 -6.22 -6.26 -6.30 -6.31 -6.34 -6.38 -6.34 -6.40 -6.41 -6.41 -6.48 -6.50 -6.52 -6.53 -6.54 -6.57 -6.57 -6.59 -6.59 -6.61 -6.62 -6.61 -6.63 -6.67 -6.71 -6.74 -6.72 -6.77 -6.75 -6.78 -6.82 -6.81 -6.83 -6.85 -6.90 -6.92 -6.98 -7.00 -6.99 -7.03 -7.06 -7.09 -7.11 -7.13 -7.17
-5.43 -5.52 -5.54 -5.57 -5.56 -5.67 -5.73 -5.74 -5.76 -5.81 -5.83 -5.82 -5.88 -5.88 -5.92 -5.98 -5.98 -6.01 -6.01 -6.02 -6.03 -6.10 -6.13 -6.16 -6.20 -6.25 -6.22 -6.29 -6.32 -6.36 -6.33 -6.35 -6.38 -6.40 -6.45 -6.48 -6.49 -6.53 -6.53 -6.53 -6.54 -6.56 -6.60 -6.57 -6.62 -6.61 -6.61 -6.64 -6.68 -6.71 -6.72 -6.76 -6.75 -6.75 -6.78 -6.83 -6.82 -6.83 -6.86 -6.89 -6.96 -6.99 -6.99 -6.99 -7.08 -7.06 -7.10 -7.11 -7.12
-5.41 -5.47 -5.52 -5.58 -5.60 -5.60 -5.67 -5.72 -5.74 -5.77 -5.82 -5.84 -5.83 -5.87 -5.88 -5.93 -5.99 -5.97 -5.99 -6.01 -6.01 -6.03 -6.09 -6.13 -6.19 -6.19 -6.23 -6.26 -6.29 -6.32 -6.36 -6.33 -6.37 -6.41 -6.40 -6.43 -6.48 -6.49 -6.52 -6.51 -6.54 -6.54 -6.56 -6.58 -6.58 -6.61 -6.62 -6.61 -6.63 -6.68 -6.71 -6.72 -6.76 -6.73 -6.74 -6.78 -6.81 -6.81 -6.81 -6.89 -6.90 -6.98 -6.99 -6.99 -6.99 -7.05 -7.07 -7.08 -7.11
-5.38 -5.42 -5.49 -5.54 -5.56 -5.62 -5.65 -5.68 -5.72 -5.73 -5.79 -5.81 -5.82 -5.83 -5.87 -5.87 -5.94 -5.98 -5.98 -5.97 -6.00 -6.02 -6.08 -6.10 -6.12 -6.18 -6.20 -6.24 -6.27 -6.30 -6.32 -6.37 -6.34 -6.38 -6.40 -6.42 -6.45 -6.47 -6.49 -6.51 -6.52 -6.54 -6.55 -6.57 -6.56 -6.59 -6.60 -6.62 -6.61 -6.64 -6.68 -6.71 -6.69 -6.73 -6.70 -6.75 -6.78 -6.76 -6.80 -6.82 -6.90 -6.91 -6.99 -6.99 -6.99 -7.03 -7.05 -7.08 -7.11
-5.35 -5.37 -5.41 -5.50 -5.55 -5.56 -5.60 -5.65 -5.71 -5.73 -5.74 -5.79 -5.81 -5.83 -5.83 -5.86 -5.86 -5.96 -5.97 -5.99 -5.98 -6.01 -6.02 -6.07 -6.11 -6.16 -6.18 -6.22 -6.20 -6.28 -6.30 -6.34 -6.35 -6.35 -6.39 -6.40 -6.42 -6.46 -6.47 -6.49 -6.51 -6.51 -6.52 -6.52 -6.57 -6.54 -6.59 -6.59 -6.61 -6.62 -6.64 -6.68 -6.68 -6.73 -6.72 -6.71 -6.75 -6.79 -6.78 -6.82 -6.85 -6.90 -6.93 -6.99 -6.99 -6.99 -7.06 -7.05 -7.07
-5.31 -5.36 -5.40 -5.46 -5.51 -5.57 -5.57 -5.51 -5.61 -5.72 -5.74 -5.75 -5.79 -5.83 -5.79 -5.83 -5.85 -5.89 -5.97 -5.97 -5.98 -5.99 -6.01 -6.04 -6.07 -6.11 -6.17 -6.18 -6.21 -6.24 -6.27 -6.30 -6.35 -6.32 -6.37 -6.41 -6.42 -6.43 -6.45 -6.47 -6.50 -6.50 -6.53 -6.52 -6.53 -6.55 -6.54 -6.58 -6.59 -6.60 -6.61 -6.65 -6.68 -6.67 -6.72 -6.67 -6.71 -6.76 -6.80 -6.82 -6.83 -6.86 -6.90 -6.94 -6.99 -6.99 -6.99 -7.05 -7.06
-5.27 -5.34 -5.38 -5.41 -5.49 -5.53 -5.53 -5.61 -5.59 -5.66 -5.70 -5.73 -5.77 -5.81 -5.81 -5.79 -5.84 -5.88 -5.92 -5.99 -5.96 -5.96 -6.00 -6.02 -6.06 -6.08 -6.12 -6.17 -6.17 -6.21 -6.25 -6.28 -6.31 -6.36 -6.33 -6.37 -6.38 -6.41 -6.43 -6.44 -6.47 -6.48 -6.49 -6.51 -6.51 -6.54 -6.53 -6.55 -6.57 -6.58 -6.59 -6.61 -6.64 -6.67 -6.71 -6.71 -6.70 -6.73 -6.76 -6.76 -6.82 -6.83 -6.87 -6.91 -6.97 -6.99 -6.99 -7.03 -7.04
-5.25 -5.29 -5.34 -5.37 -5.44 -5.48 -5.55 -5.55 -5.60 -5.65 -5.68 -5.70 -5.72 -5.76 -5.79 -5.78 -5.83 -5.86 -5.88 -5.95 -5.96 -5.97 -5.96 -6.00 -6.01 -6.06 -6.10 -6.15 -6.17 -6.19 -6.18 -6.25 -6.28 -6.33 -6.35 -6.34 -6.40 -6.40 -6.40 -6.43 -6.45 -6.47 -6.49 -6.49 -6.50 -6.49 -6.55 -6.51 -6.55 -6.56 -6.60 -6.59 -6.61 -6.66 -6.68 -6.71 -6.67 -6.71 -6.75 -6.79 -6.78 -6.82 -6.85 -6.88 -6.92 -6.98 -6.99 -6.99 -7.04
-5.20 -5.26 -5.31 -5.37 -5.39 -5.44 -5.50 -5.56 -5.56 -5.59 -5.60 -5.71 -5.72 -5.75 -5.78 -5.81 -5.81 -5.82 -5.86 -5.87 -5.95 -5.97 -5.98 -5.99 -6.01 -6.05 -6.07 -6.09 -6.15 -6.15 -6.20 -6.21 -6.26 -6.28 -6.34 -6.32 -6.37 -6.40 -6.41 -6.39 -6.43 -6.44 -6.48 -6.47 -6.51 -6.50 -6.51 -6.52 -6.50 -6.56 -6.57 -6.61 -6.61 -6.64 -6.67 -6.70 -6.70 -6.70 -6.73 -6.76 -6.76 -6.80 -6.84 -6.87 -6.90 -6.94 -6.98 -6.99 -7.00
-5.15 -5.22 -5.28 -5.33 -5.37 -5.38 -5.50 -5.52 -5.51 -5.60 -5.47 -5.64 -5.71 -5.73 -5.76 -5.79 -5.81 -5.77 -5.81 -5.87 -5.89 -5.97 -5.95 -5.97 -5.99 -6.00 -6.03 -6.07 -6.12 -6.15 -6.15 -6.19 -6.22 -6.26 -6.30 -6.35 -6.33 -6.37 -6.39 -6.38 -6.41 -6.43 -6.44 -6.47 -6.46 -6.48 -6.48 -6.51 -6.50 -6.51 -6.55 -6.58 -6.60 -6.62 -6.65 -6.67 -6.70 -6.68 -6.71 -6.74 -6.76 -6.77 -6.83 -6.86 -6.88 -6.90 -6.95 -6.98 -6.99
-5.13 -5.17 -5.23 -5.30 -5.36 -5.39 -5.44 -5.47 -5.56 -5.54 -5.61 -5.57 -5.63 -5.68 -5.71 -5.74 -5.78 -5.77 -5.80 -5.84 -5.87 -5.92 -5.97 -5.95 -5.96 -5.99 -6.02 -6.03 -6.09 -6.13 -6.15 -6.16 -6.17 -6.23 -6.26 -6.32 -6.35 -6.35 -6.41 -6.41 -6.38 -6.41 -6.42 -6.44 -6.47 -6.48 -6.48 -6.47 -6.52 -6.51 -6.54 -6.56 -6.60 -6.60 -6.62 -6.68 -6.70 -6.70 -6.70 -6.72 -6.75 -6.78 -6.79 -6.85 -6.86 -6.89 -6.91 -6.96 -6.98
-5.06 -5.14 -5.20 -5.25 -5.31 -5.37 -5.38 -5.46 -5.49 -5.52 -5.54 -5.58 -5.58 -5.69 -5.70 -5.73 -5.77 -5.79 -5.77 -5.82 -5.84 -5.89 -5.94 -5.97 -5.96 -5.97 -6.00 -6.02 -6.04 -6.08 -6.13 -6.14 -6.18 -6.19 -6.24 -6.27 -6.33 -6.32 -6.37 -6.37 -6.38 -6.38 -6.40 -6.42 -6.44 -6.45 -6.49 -6.48 -6.49 -6.52 -6.49 -6.56 -6.57 -6.61 -6.61 -6.65 -6.67 -6.69 -6.68 -6.70 -6.73 -6.75 -6.76 -6.80 -6.85 -6.88 -6.90 -6.93 -6.98
-5.03 -5.10 -5.16 -5.21 -5.27 -5.33 -5.39 -5.44 -5.50 -5.50 -5.52 -5.58 -5.50 -5.61 -5.66 -5.68 -5.72 -5.77 -5.80 -5.79 -5.82 -5.87 -5.88 -5.95 -5.96 -5.97 -5.98 -6.00 -6.02 -6.07 -6.10 -6.14 -6.14 -6.16 -6.19 -6.25 -6.30 -6.34 -6.32 -6.38 -6.41 -6.36 -6.39 -6.40 -6.43 -6.43 -6.45 -6.46 -6.47 -6.51 -6.51 -6.51 -6.56 -6.59 -6.61 -6.62 -6.68 -6.69 -6.69 -6.70 -6.71 -6.74 -6.77 -6.78 -6.82 -6.87 -6.89 -6.91 -6.94
-5.02 -5.07 -5.12 -5.18 -5.23 -5.29 -5.34 -5.40 -5.45 -5.45 -5.50 -5.52 -5.58 -5.56 -5.63 -5.67 -5.71 -5.73 -5.78 -5.76 -5.78 -5.81 -5.88 -5.90 -5.96 -5.94 -5.95 -5.99 -6.01 -6.03 -6.06 -6.11 -6.14 -6.14 -6.15 -6.20 -6.24 -6.31 -6.35 -6.36 -6.40 -6.39 -6.35 -6.38 -6.40 -6.43 -6.44 -6.45 -6.47 -6.48 -6.50 -6.51 -6.54 -6.56 -6.59 -6.60 -6.65 -6.68 -6.68 -6.68 -6.70 -6.72 -6.75 -6.77 -6.79 -6.85 -6.88 -6.90 -6.92
-4.96 -5.03 -5.05 -5.14 -5.20 -5.24 -5.29 -5.35 -5.40 -5.46 -5.47 -5.50 -5.56 -5.56 -5.56 -5.65 -5.65 -5.70 -5.76 -5.77 -5.75 -5.78 -5.80 -5.89 -5.93 -5.96 -5.95 -5.96 -5.99 -6.00 -6.03 -6.07 -6.11 -6.12 -6.16 -6.16 -6.21 -6.26 -6.32 -6.32 -6.36 -6.38 -6.35 -6.37 -6.39 -6.40 -6.43 -6.45 -6.49 -6.47 -6.49 -6.52 -6.49 -6.55 -6.57 -6.61 -6.62 -6.67 -6.69 -6.69 -6.70 -6.71 -6.72 -6.74 -6.77 -6.81 -6.87 -6.89 -6.91
-4.94 -4.99 -5.02 -5.10 -5.16 -5.21 -5.26 -5.29 -5.35 -5.41 -5.46 -5.48 -5.50 -5.55 -5.49 -5.60 -5.64 -5.68 -5.71 -5.76 -5.79 -5.76 -5.81 -5.84 -5.89 -5.93 -5.96 -5.96 -5.97 -6.00 -5.99 -6.06 -6.08 -6.12 -6.12 -6.13 -6.17 -6.22 -6.29 -6.33 -6.32 -6.39 -6.41 -6.34 -6.37 -6.39 -6.43 -6.42 -6.44 -6.48 -6.47 -6.50 -6.51 -6.51 -6.57 -6.59 -6.61 -6.63 -6.68 -6.67 -6.68 -6.69 -6.70 -6.73 -6.77 -6.78 -6.83 -6.87 -6.89
-4.88 -4.95 -5.03 -5.07 -5.12 -5.16 -5.23 -5.26 -5.30 -5.36 -5.42 -5.42 -5.48 -5.50 -5.55 -5.55 -5.64 -5.65 -5.69 -5.72 -5.77 -5.75 -5.77 -5.81 -5.86 -5.90 -5.95 -5.93 -5.96 -5.98 -5.98 -6.01 -6.04 -6.09 -6.13 -6.12 -6.13 -6.18 -6.23 -6.28 -6.34 -6.34 -6.40 -6.38 -6.36 -6.38 -6.40 -6.42 -6.43 -6.45 -6.47 -6.49 -6.50 -6.51 -6.54 -6.56 -6.60 -6.62 -6.66 -6.69 -6.68 -6.70 -6.70 -6.71 -6.74 -6.76 -6.80 -6.84 -6.90
-4.85 -4.89 -4.95 -5.00 -5.03 -5.12 -5.17 -5.22 -5.26 -5.31 -5.37 -5.42 -5.43 -5.48 -5.53 -5.54 -5.56 -5.62 -5.64 -5.69 -5.74 -5.76 -5.74 -5.77 -5.81 -5.87 -5.91 -5.95 -5.93 -5.94 -5.98 -5.98 -6.03 -6.06 -6.09 -6.11 -6.14 -6.13 -6.25 -6.25 -6.31 -6.33 -6.36 -6.36 -6.35 -6.37 -6.38 -6.39 -6.42 -6.44 -6.48 -6.47 -6.48 -6.51 -6.49 -6.55 -6.58 -6.61 -6.62 -6.68 -6.66 -6.68 -6.69 -6.70 -6.72 -6.73 -6.77 -6.82 -6.87
