utils/5a01f6d0e4b0531197b72cfe/583348fce4b046f05f21f5ec/58334924e4b046f05f21f5ef/ew15_jan_dem_5m.asc
ncols	967
nrows	464
xllcorner	295145.00
yllcorner	130090.00
cellsize	5.00
NODATA_value	-9999.00
[rows 180 to 209 of 464, columns 345 to 413 of 967]
1.33 1.24 1.21 1.13 0.99 0.91 0.84 0.77 0.62 0.53 0.41 0.37 0.38 0.38 0.36 0.30 0.41 1.65 1.86 2.00 2.30 2.68 3.01 2.88 2.89 2.84 2.77 2.71 2.70 2.65 2.58 2.61 2.56 2.52 2.48 2.43 2.47 2.51 2.60 2.60 2.57 2.62 2.52 2.58 2.42 2.39 2.36 2.33 2.36 2.26 2.00 1.83 1.84 2.02 1.73 2.08 2.41 2.54 2.60 2.72 2.68 2.76 2.80 2.74 2.80 2.95 2.98 3.03 3.04
1.27 1.16 1.05 0.98 0.84 0.80 0.76 0.71 0.64 0.56 0.47 0.41 0.41 0.39 0.33 0.30 1.42 1.76 1.93 2.23 2.45 2.81 2.89 2.76 2.69 2.60 2.55 2.50 2.49 2.48 2.39 2.47 2.47 2.44 2.41 2.45 2.45 2.52 2.52 2.52 2.47 2.58 2.44 2.39 2.25 2.12 2.22 2.31 2.33 2.38 2.43 2.25 2.00 1.67 1.56 1.50 1.61 1.68 1.80 1.54 1.86 2.20 2.55 2.54 2.59 2.78 2.79 2.85 2.88
1.14 1.13 1.07 0.94 0.82 0.80 0.75 0.60 0.62 0.57 0.48 0.38 0.41 0.34 0.23 1.12 1.75 1.93 2.12 2.39 2.63 2.81 2.80 2.67 2.50 2.33 2.26 2.21 2.13 2.14 2.10 2.14 2.18 2.16 2.21 2.27 2.36 2.39 2.44 2.44 2.40 2.40 2.25 2.00 1.71 1.60 1.69 1.93 2.20 2.28 2.31 2.32 2.32 2.19 1.73 1.52 1.39 1.35 1.47 1.38 1.45 1.48 1.63 1.66 2.06 2.42 2.47 2.72 2.76
1.08 1.07 1.08 0.98 0.85 0.82 0.79 0.64 0.56 0.53 0.48 0.40 0.38 0.33 1.08 1.67 1.89 2.09 2.29 2.55 2.71 2.73 2.62 2.42 2.18 2.05 1.93 1.85 1.75 1.72 1.63 1.71 1.74 1.75 1.81 1.84 1.89 1.96 2.09 2.14 2.08 1.97 1.67 1.46 1.37 1.39 1.41 1.44 1.64 1.79 2.00 2.18 2.23 2.19 2.15 2.01 1.79 1.46 1.48 1.29 1.29 1.29 1.22 1.34 1.51 1.50 1.71 2.20 2.53
1.01 1.01 1.01 1.01 0.89 0.86 0.71 0.63 0.54 0.47 0.44 0.37 0.33 0.80 1.59 1.86 2.01 2.24 2.39 2.59 2.64 2.69 2.15 1.96 1.79 1.67 1.59 1.58 1.60 1.58 1.56 1.55 1.57 1.55 1.54 1.53 1.52 1.49 1.52 1.59 1.60 1.45 1.46 1.39 1.31 1.35 1.37 1.38 1.44 1.47 1.49 1.61 1.67 1.96 2.13 2.05 2.16 1.99 1.87 1.69 1.59 1.43 1.26 1.23 1.26 1.23 1.25 1.49 1.58
0.99 0.95 0.95 0.96 0.90 0.78 0.63 0.53 0.47 0.41 0.40 0.38 0.81 1.60 1.82 1.96 2.22 2.33 2.50 2.56 2.56 2.56 1.73 1.72 1.71 1.58 1.58 1.54 1.59 1.59 1.57 1.56 1.53 1.56 1.52 1.53 1.51 1.49 1.45 1.33 1.39 1.46 1.47 1.47 1.44 1.38 1.41 1.36 1.36 1.37 1.36 1.34 1.40 1.49 1.79 2.00 2.12 2.08 2.11 2.10 1.98 1.80 1.62 1.45 1.51 1.46 1.25 1.20 1.31
1.04 0.99 0.99 0.98 0.82 0.70 0.56 0.39 0.41 0.35 0.34 0.70 1.52 1.76 1.98 2.15 2.26 2.40 2.47 2.46 2.48 2.14 1.70 1.69 1.64 1.62 1.61 1.62 1.61 1.60 1.62 1.60 1.54 1.52 1.53 1.54 1.52 1.48 1.44 1.35 1.40 1.48 1.48 1.46 1.41 1.37 1.38 1.40 1.38 1.34 1.31 1.28 1.25 1.31 1.37 1.55 1.92 2.10 2.09 2.06 2.04 2.04 2.13 2.01 1.88 1.75 1.58 1.52 1.48
1.07 1.07 1.01 0.88 0.79 0.62 0.49 0.46 0.32 0.34 0.52 1.47 1.72 1.95 2.15 2.34 2.46 2.50 2.49 2.41 2.41 1.81 1.71 1.70 1.70 1.69 1.69 1.64 1.66 1.63 1.61 1.59 1.59 1.62 1.54 1.54 1.52 1.48 1.43 1.42 1.41 1.41 1.42 1.40 1.43 1.45 1.44 1.41 1.38 1.35 1.31 1.30 1.29 1.22 1.26 1.33 1.41 1.72 1.87 2.04 2.04 2.01 2.06 2.08 2.05 2.07 2.14 2.00 1.90
1.09 1.07 0.91 0.79 0.71 0.56 0.42 0.26 0.41 0.55 1.20 1.64 1.88 2.14 2.36 2.58 2.63 2.58 2.50 2.41 2.30 1.83 1.70 1.74 1.71 1.71 1.70 1.66 1.65 1.61 1.59 1.55 1.56 1.48 1.46 1.47 1.52 1.48 1.45 1.43 1.39 1.31 1.43 1.39 1.41 1.44 1.44 1.42 1.38 1.35 1.34 1.33 1.31 1.32 1.27 1.27 1.21 1.35 1.45 1.55 1.76 1.92 1.95 2.01 2.05 2.03 2.09 2.10 2.02
1.09 0.95 0.76 0.63 0.61 0.53 0.32 0.40 0.62 1.11 1.52 1.82 2.14 2.29 2.53 2.74 2.74 2.62 2.49 2.20 1.92 1.79 1.71 1.69 1.67 1.66 1.63 1.53 1.40 1.22 1.07 1.03 1.11 1.20 1.21 1.20 1.13 1.11 1.02 1.10 1.15 1.26 1.37 1.36 1.39 1.42 1.46 1.42 1.38 1.37 1.36 1.35 1.34 1.33 1.35 1.30 1.27 1.26 1.29 1.31 1.39 1.47 1.65 1.76 1.91 1.91 1.94 1.94 1.98
0.97 0.79 0.62 0.51 0.50 0.40 0.37 0.65 1.06 1.30 1.74 2.00 2.28 2.48 2.69 2.82 2.75 2.58 2.03 1.88 1.74 1.78 1.71 1.42 1.22 0.92 1.04 1.20 1.28 1.37 1.41 1.40 1.34 1.34 1.41 1.35 1.32 1.34 1.34 1.34 1.31 1.17 1.04 1.37 1.37 1.38 1.43 1.41 1.40 1.39 1.38 1.36 1.41 1.38 1.33 1.33 1.33 1.27 1.27 1.30 1.25 1.27 1.30 1.38 1.39 1.41 1.32 1.30 1.33
0.83 0.66 0.50 0.48 0.52 0.79 0.56 0.82 1.23 1.58 1.85 2.16 2.46 2.63 2.73 2.78 2.68 2.17 1.76 1.49 1.32 1.00 1.00 1.02 1.26 1.55 1.52 1.49 1.51 1.50 1.50 1.50 1.45 1.48 1.45 1.38 1.40 1.39 1.39 1.39 1.40 1.39 1.34 0.93 1.23 1.37 1.41 1.43 1.40 1.44 1.41 1.41 1.39 1.40 1.40 1.33 1.31 1.34 1.34 1.31 1.28 1.28 1.25 1.22 1.19 1.16 1.18 1.12 1.05
0.64 0.44 0.55 0.71 0.94 0.89 0.68 0.91 1.47 1.76 2.00 2.32 2.55 2.61 2.66 2.65 2.28 0.97 0.98 1.27 1.56 1.68 1.65 1.63 1.57 1.57 1.58 1.53 1.56 1.55 1.58 1.56 1.53 1.54 1.51 1.43 1.42 1.44 1.43 1.41 1.43 1.40 1.33 1.27 1.25 0.94 1.44 1.48 1.45 1.44 1.45 1.41 1.40 1.41 1.38 1.42 1.37 1.37 1.35 1.35 1.32 1.28 1.22 1.17 1.10 1.05 0.99 0.98 0.94
0.53 0.57 0.68 0.99 1.06 0.85 0.67 1.07 1.63 1.88 2.16 2.42 2.54 2.59 2.60 2.38 1.03 1.14 1.59 1.64 1.67 1.69 1.65 1.63 1.61 1.59 1.62 1.62 1.61 1.59 1.59 1.59 1.59 1.56 1.54 1.52 1.49 1.48 1.48 1.46 1.45 1.42 1.33 1.35 1.28 1.30 1.08 1.40 1.49 1.43 1.47 1.45 1.43 1.43 1.44 1.44 1.42 1.38 1.35 1.33 1.25 1.19 1.15 1.10 1.06 1.01 0.93 0.90 0.88
0.55 0.70 0.90 1.07 1.05 0.88 0.63 1.17 1.76 1.99 2.26 2.47 2.57 2.57 2.48 1.49 1.33 1.37 1.62 1.63 1.66 1.69 1.63 1.65 1.58 1.57 1.62 1.63 1.61 1.57 1.58 1.57 1.57 1.56 1.55 1.51 1.49 1.48 1.49 1.50 1.48 1.38 1.41 1.39 1.33 1.29 1.30 1.33 1.53 1.53 1.51 1.52 1.46 1.40 1.46 1.49 1.41 1.37 1.33 1.23 1.11 1.09 1.05 1.02 1.00 0.99 0.94 0.95 0.93
0.71 0.83 1.01 1.11 1.13 0.84 0.67 1.24 1.82 2.07 2.34 2.49 2.56 2.57 2.24 0.99 1.43 1.41 1.52 1.68 1.68 1.66 1.67 1.59 1.58 1.58 1.58 1.59 1.54 1.56 1.57 1.59 1.56 1.53 1.48 1.44 1.46 1.43 1.48 1.44 1.45 1.44 1.41 1.38 1.30 1.30 1.26 1.02 1.56 1.59 1.53 1.47 1.41 1.40 1.41 1.30 1.33 1.27 1.27 1.19 1.04 1.03 1.01 0.99 0.98 0.92 0.95 0.92 1.00
0.88 1.01 1.14 1.27 1.28 0.83 0.74 1.26 1.92 2.16 2.37 2.46 2.49 2.49 1.47 1.05 1.16 1.40 1.49 1.65 1.65 1.61 1.62 1.60 1.57 1.53 1.53 1.53 1.58 1.60 1.59 1.55 1.51 1.43 1.43 1.37 1.39 1.44 1.42 1.41 1.42 1.41 1.39 1.39 1.33 1.25 1.28 1.25 1.41 1.52 1.49 1.43 1.37 1.36 1.35 1.30 1.24 1.23 1.19 1.14 1.09 1.01 1.01 0.97 0.95 0.92 0.89 0.90 1.17
1.03 1.14 1.26 1.29 1.24 0.85 0.72 1.16 1.93 2.12 2.35 2.41 2.40 2.27 0.99 1.14 1.24 1.30 1.20 1.57 1.59 1.54 1.55 1.51 1.50 1.50 1.49 1.52 1.49 1.41 1.32 1.33 1.33 1.37 1.35 1.39 1.41 1.38 1.34 1.38 1.39 1.37 1.37 1.36 1.35 1.28 1.26 1.29 1.19 1.48 1.38 1.36 1.31 1.29 1.30 1.23 1.21 1.16 1.11 1.10 1.00 0.97 0.97 0.96 0.92 1.06 1.17 1.21 1.34
1.09 1.26 1.37 1.37 1.37 0.94 0.87 1.18 1.73 2.10 2.23 2.31 2.27 1.44 1.10 1.32 1.28 1.36 1.34 1.45 1.50 1.49 1.52 1.48 1.46 1.36 1.31 1.27 1.34 1.41 1.40 1.42 1.44 1.44 1.44 1.52 1.53 1.46 1.46 1.39 1.35 1.35 1.33 1.33 1.31 1.29 1.28 1.27 1.26 1.35 1.31 1.29 1.27 1.27 1.26 1.20 1.14 1.13 1.09 1.05 1.01 0.91 0.96 1.05 1.14 1.27 1.35 1.52 1.62
1.22 1.41 1.45 1.44 1.38 0.95 1.18 1.16 1.27 1.99 2.14 2.19 1.67 0.92 1.32 1.39 1.40 1.43 1.39 1.22 1.49 1.53 1.46 1.30 1.32 1.43 1.48 1.45 1.51 1.54 1.54 1.58 1.53 1.52 1.50 1.54 1.52 1.49 1.43 1.38 1.37 1.34 1.30 1.30 1.26 1.21 1.17 1.22 1.28 1.25 1.25 1.23 1.23 1.23 1.20 1.17 1.12 1.12 1.08 1.06 1.02 1.00 1.11 1.25 1.35 1.50 1.69 1.79 1.80
1.40 1.48 1.56 1.55 1.48 0.81 1.11 1.17 1.27 1.33 1.82 1.56 1.05 0.97 1.25 1.35 1.38 1.35 1.16 1.25 1.32 1.27 1.38 1.53 1.55 1.62 1.61 1.58 1.58 1.56 1.56 1.60 1.57 1.50 1.49 1.47 1.44 1.43 1.44 1.36 1.33 1.30 1.29 1.25 1.22 1.19 1.19 1.22 1.26 1.21 1.18 1.19 1.20 1.21 1.14 1.14 1.12 1.05 1.07 0.98 1.11 1.21 1.25 1.47 1.58 1.79 1.94 2.13 2.33
1.45 1.57 1.61 1.58 1.57 0.94 1.00 1.16 1.25 1.18 1.20 1.06 0.92 1.00 1.11 1.34 1.34 1.41 1.18 1.24 1.38 1.54 1.64 1.67 1.70 1.68 1.68 1.63 1.60 1.58 1.58 1.64 1.59 1.52 1.53 1.49 1.42 1.43 1.41 1.33 1.26 1.33 1.30 1.26 1.23 1.24 1.21 1.18 1.14 1.14 1.15 1.20 1.16 1.17 1.13 1.10 1.11 1.05 0.99 1.07 1.20 1.35 1.53 1.70 1.84 2.08 2.36 2.56 2.65
1.51 1.57 1.59 1.58 1.61 1.62 0.83 0.96 0.95 1.02 0.94 0.90 1.14 1.23 1.34 1.37 1.44 1.37 1.19 1.26 1.56 1.62 1.72 1.73 1.72 1.69 1.70 1.71 1.69 1.66 1.62 1.65 1.66 1.73 1.70 1.59 1.57 1.55 1.56 1.46 1.32 1.37 1.33 1.31 1.29 1.25 1.23 1.24 1.17 1.16 1.20 1.18 1.17 1.19 1.18 1.18 1.18 1.08 0.94 1.13 1.34 1.61 1.85 1.99 2.15 2.51 2.68 2.85 2.85
1.58 1.62 1.58 1.58 1.64 1.66 1.64 1.31 1.10 1.21 1.34 1.44 1.43 1.50 1.46 1.45 1.46 1.45 1.24 1.23 1.60 1.73 1.76 1.83 1.79 1.84 1.92 1.90 1.88 1.87 1.87 1.91 1.96 1.99 2.04 1.98 1.99 1.89 1.93 1.88 1.80 1.56 1.41 1.36 1.30 1.25 1.26 1.29 1.16 1.22 1.25 1.19 1.09 1.23 1.25 1.26 1.25 1.19 1.12 1.32 1.60 1.86 2.31 2.36 2.65 2.85 2.88 2.90 2.90
1.61 1.63 1.62 1.66 1.70 1.70 1.62 1.64 1.58 1.55 1.54 1.54 1.51 1.51 1.53 1.52 1.51 1.50 1.24 1.29 1.46 1.83 1.88 1.96 1.99 2.14 2.26 2.27 2.31 2.31 2.33 2.27 2.27 2.32 2.41 2.45 2.46 2.51 2.49 2.53 2.54 2.33 2.06 1.89 1.75 1.65 1.67 1.56 1.47 1.35 1.32 1.25 1.20 1.27 1.31 1.35 1.33 1.34 1.49 1.79 2.04 2.65 3.06 3.10 3.06 2.98 3.11 2.97 2.86
1.59 1.61 1.67 1.71 1.72 1.70 1.66 1.66 1.60 1.61 1.61 1.60 1.59 1.55 1.57 1.56 1.56 1.53 1.23 1.18 1.17 1.89 1.97 2.07 2.15 2.24 2.35 2.40 2.43 2.43 2.42 2.45 2.48 2.54 2.56 2.62 2.63 2.49 2.69 2.63 2.62 2.68 2.95 2.81 2.68 2.56 2.56 2.33 2.11 1.86 1.73 1.64 1.58 1.51 1.52 1.59 1.65 1.87 2.19 2.46 2.82 2.97 2.91 2.94 3.02 2.91 2.93 2.73 2.52
1.67 1.65 1.69 1.71 1.73 1.68 1.70 1.69 1.66 1.65 1.66 1.62 1.62 1.57 1.61 1.57 1.56 1.52 1.22 1.27 1.26 1.72 2.08 2.16 2.23 2.32 2.38 2.43 2.46 2.49 2.51 2.56 2.59 2.62 2.64 2.66 2.69 2.86 2.83 2.73 2.71 2.76 2.90 2.85 2.79 2.66 2.59 2.61 2.61 2.61 2.45 2.06 1.87 1.83 1.90 2.26 2.51 2.64 2.67 2.73 2.77 2.61 2.50 2.52 2.50 2.64 2.61 2.47 2.26
1.64 1.70 1.72 1.71 1.73 1.72 1.72 1.70 1.70 1.68 1.68 1.63 1.63 1.63 1.58 1.61 1.54 1.57 1.29 1.45 1.37 1.29 2.07 2.17 2.26 2.36 2.38 2.46 2.51 2.56 2.58 2.59 2.65 2.63 2.65 2.62 2.65 2.73 2.79 2.74 2.72 2.68 2.66 2.51 2.49 2.50 2.49 2.44 2.39 2.41 2.35 2.24 2.30 2.41 2.31 2.33 2.33 2.33 2.45 2.49 2.33 2.18 2.18 2.23 2.25 2.46 2.43 2.28 2.32
1.72 1.74 1.75 1.74 1.74 1.71 1.69 1.73 1.72 1.71 1.66 1.66 1.64 1.67 1.66 1.58 1.59 1.53 1.28 1.37 1.38 1.39 2.07 2.20 2.29 2.43 2.45 2.51 2.54 2.61 2.61 2.60 2.63 2.63 2.61 2.61 2.58 2.50 2.43 2.40 2.41 2.38 2.38 2.39 2.30 2.32 2.40 2.33 2.29 2.30 2.23 2.22 2.25 2.39 2.31 2.33 2.20 2.16 2.20 2.25 2.22 2.34 2.44 2.38 2.37 2.29 1.78 2.09 2.05
1.77 1.80 1.79 1.79 1.76 1.72 1.75 1.68 1.70 1.69 1.68 1.68 1.68 1.67 1.65 1.62 1.59 1.40 1.31 1.42 1.44 1.41 1.95 2.19 2.31 2.44 2.54 2.58 2.64 2.63 2.64 2.60 2.55 2.45 2.40 2.40 2.33 2.26 2.24 2.22 2.23 2.27 2.32 2.24 2.09 2.21 2.29 2.16 2.16 2.16 2.12 2.10 2.27 2.41 2.32 2.26 2.38 2.32 2.26 2.18 2.23 2.22 2.28 2.28 2.30 2.35 2.45 2.54 2.58
