utils/5a01f6d0e4b0531197b72cfe/584994d5e4b06d80b7b09558/5849a0a2e4b071492e42da96/ew14_apr_dem_5m.asc
ncols	964
nrows	465
xllcorner	295145.00
yllcorner	130095.00
cellsize	5.00
NODATA_value	-9999.00
[rows 180 to 209 of 465, columns 690 to 758 of 964]
-6.57 -6.63 -6.83 -6.94 -6.78 -6.85 -6.85 -6.94 -6.92 -7.02 -7.06 -7.11 -7.11 -7.14 -7.21 -7.25 -7.30 -7.26 -7.29 -7.36 -7.34 -7.37 -7.37 -7.35 -7.33 -7.33 -7.36 -7.36 -7.38 -7.43 -7.44 -7.40 -7.45 -7.45 -7.49 -7.51 -7.56 -7.60 -7.61 -7.65 -7.67 -7.75 -7.81 -7.84 -7.86 -7.88 -7.94 -7.97 -8.01 -8.03 -8.07 -8.09 -8.15 -8.17 -8.23 -8.27 -8.26 -8.30 -8.33 -8.33 -8.34 -8.38 -8.39 -8.42 -8.44 -8.48 -8.52 -8.57 -8.61
-6.64 -6.58 -6.62 -6.66 -6.90 -6.84 -6.85 -6.88 -6.95 -6.96 -6.96 -7.05 -7.10 -7.15 -7.15 -7.21 -7.24 -7.30 -7.32 -7.31 -7.35 -7.35 -7.38 -7.37 -7.34 -7.35 -7.32 -7.35 -7.35 -7.38 -7.40 -7.44 -7.46 -7.44 -7.42 -7.47 -7.52 -7.55 -7.59 -7.63 -7.65 -7.67 -7.74 -7.83 -7.85 -7.87 -7.88 -7.92 -8.00 -8.01 -8.05 -8.11 -8.14 -8.16 -8.17 -8.22 -8.25 -8.29 -8.27 -8.33 -8.33 -8.34 -8.36 -8.39 -8.41 -8.44 -8.48 -8.53 -8.56
-6.63 -6.70 -6.63 -6.63 -6.71 -6.83 -6.91 -6.89 -6.90 -6.96 -6.98 -7.00 -7.07 -7.08 -7.15 -7.21 -7.20 -7.28 -7.26 -7.30 -7.27 -7.35 -7.38 -7.34 -7.37 -7.35 -7.33 -7.31 -7.33 -7.35 -7.39 -7.38 -7.44 -7.46 -7.42 -7.44 -7.48 -7.53 -7.57 -7.59 -7.63 -7.66 -7.68 -7.73 -7.78 -7.86 -7.88 -7.87 -7.93 -8.01 -8.01 -8.06 -8.09 -8.15 -8.13 -8.17 -8.21 -8.24 -8.30 -8.27 -8.32 -8.33 -8.34 -8.36 -8.38 -8.40 -8.44 -8.47 -8.53
-6.55 -6.63 -6.73 -6.72 -6.67 -6.73 -6.79 -6.86 -6.92 -6.94 -6.95 -6.99 -7.04 -7.10 -7.12 -7.12 -7.18 -7.20 -7.23 -7.29 -7.27 -7.27 -7.36 -7.35 -7.35 -7.34 -7.35 -7.33 -7.32 -7.31 -7.35 -7.39 -7.36 -7.43 -7.43 -7.45 -7.45 -7.49 -7.54 -7.58 -7.61 -7.63 -7.67 -7.69 -7.73 -7.76 -7.86 -7.89 -7.88 -7.94 -7.99 -8.04 -8.07 -8.06 -8.12 -8.19 -8.17 -8.19 -8.23 -8.26 -8.30 -8.28 -8.31 -8.35 -8.36 -8.38 -8.41 -8.42 -8.46
-6.47 -6.52 -6.58 -6.66 -6.75 -6.66 -6.78 -6.81 -6.84 -6.92 -6.96 -6.97 -6.99 -7.05 -7.12 -7.17 -7.13 -7.15 -7.22 -7.23 -7.28 -7.27 -7.29 -7.26 -7.31 -7.34 -7.32 -7.32 -7.34 -7.33 -7.30 -7.35 -7.36 -7.38 -7.41 -7.44 -7.44 -7.44 -7.48 -7.52 -7.58 -7.61 -7.63 -7.65 -7.70 -7.74 -7.75 -7.81 -7.90 -7.89 -7.92 -7.97 -8.02 -8.07 -8.05 -8.12 -8.22 -8.16 -8.18 -8.22 -8.23 -8.26 -8.27 -8.30 -8.34 -8.36 -8.38 -8.40 -8.43
-6.56 -6.49 -6.53 -6.58 -6.58 -6.75 -6.70 -6.75 -6.83 -6.88 -6.93 -6.99 -6.99 -6.99 -7.06 -7.12 -7.18 -7.17 -7.14 -7.18 -7.23 -7.25 -7.25 -7.24 -7.24 -7.30 -7.31 -7.32 -7.29 -7.29 -7.32 -7.27 -7.35 -7.37 -7.36 -7.40 -7.44 -7.44 -7.43 -7.46 -7.51 -7.56 -7.61 -7.63 -7.65 -7.71 -7.74 -7.74 -7.78 -7.89 -7.87 -7.88 -7.95 -8.00 -8.05 -8.03 -8.10 -8.19 -8.15 -8.16 -8.20 -8.21 -8.24 -8.27 -8.27 -8.30 -8.35 -8.38 -8.38
-6.47 -6.55 -6.54 -6.55 -6.58 -6.54 -6.74 -6.82 -6.76 -6.87 -6.90 -6.94 -6.98 -7.01 -6.98 -7.06 -7.10 -7.13 -7.18 -7.16 -7.17 -7.22 -7.23 -7.24 -7.24 -7.25 -7.23 -7.27 -7.29 -7.31 -7.27 -7.25 -7.29 -7.32 -7.36 -7.35 -7.38 -7.42 -7.46 -7.44 -7.47 -7.49 -7.53 -7.59 -7.64 -7.65 -7.68 -7.74 -7.73 -7.76 -7.81 -7.91 -7.90 -7.94 -7.98 -8.02 -8.05 -8.08 -8.16 -8.16 -8.14 -8.19 -8.18 -8.21 -8.24 -8.25 -8.28 -8.33 -8.36
-6.44 -6.49 -6.54 -6.55 -6.58 -6.61 -6.63 -6.66 -6.84 -6.81 -6.87 -6.93 -6.94 -7.01 -7.01 -7.02 -7.04 -7.08 -7.10 -7.15 -7.17 -7.16 -7.16 -7.23 -7.22 -7.21 -7.21 -7.22 -7.22 -7.26 -7.26 -7.26 -7.27 -7.30 -7.32 -7.34 -7.36 -7.36 -7.42 -7.46 -7.46 -7.47 -7.48 -7.51 -7.53 -7.65 -7.68 -7.68 -7.72 -7.78 -7.82 -7.80 -7.83 -7.91 -7.94 -7.99 -8.01 -8.04 -8.07 -8.13 -8.15 -8.13 -8.17 -8.15 -8.19 -8.22 -8.24 -8.25 -8.28
-6.40 -6.45 -6.47 -6.53 -6.54 -6.61 -6.66 -6.70 -6.73 -6.86 -6.91 -6.87 -6.95 -6.97 -6.99 -7.01 -7.00 -7.01 -7.08 -7.09 -7.12 -7.19 -7.17 -7.17 -7.15 -7.22 -7.19 -7.22 -7.20 -7.19 -7.22 -7.24 -7.26 -7.27 -7.33 -7.35 -7.37 -7.37 -7.37 -7.40 -7.45 -7.47 -7.46 -7.48 -7.50 -7.53 -7.55 -7.64 -7.72 -7.74 -7.75 -7.80 -7.81 -7.86 -7.86 -7.93 -7.97 -8.00 -8.03 -8.06 -8.11 -8.14 -8.11 -8.16 -8.13 -8.16 -8.20 -8.20 -8.22
-6.30 -6.40 -6.49 -6.55 -6.52 -6.59 -6.62 -6.70 -6.72 -6.79 -6.86 -6.93 -6.91 -6.92 -6.97 -6.97 -6.98 -6.97 -7.02 -7.07 -7.08 -7.10 -7.20 -7.17 -7.17 -7.16 -7.23 -7.19 -7.16 -7.20 -7.16 -7.20 -7.24 -7.26 -7.27 -7.32 -7.37 -7.38 -7.38 -7.38 -7.39 -7.44 -7.46 -7.48 -7.49 -7.49 -7.52 -7.57 -7.60 -7.65 -7.75 -7.77 -7.78 -7.82 -7.84 -7.88 -7.92 -7.95 -7.99 -8.02 -8.05 -8.08 -8.13 -8.09 -8.14 -8.11 -8.16 -8.19 -8.20
-6.29 -6.33 -6.42 -6.47 -6.56 -6.60 -6.60 -6.66 -6.68 -6.78 -6.82 -6.91 -6.93 -6.95 -6.91 -6.94 -6.97 -6.96 -6.97 -6.99 -7.03 -7.07 -7.08 -7.18 -7.17 -7.17 -7.17 -7.11 -7.19 -7.21 -7.17 -7.16 -7.20 -7.25 -7.26 -7.27 -7.30 -7.37 -7.39 -7.39 -7.39 -7.40 -7.43 -7.46 -7.47 -7.49 -7.49 -7.58 -7.62 -7.61 -7.66 -7.71 -7.77 -7.79 -7.77 -7.81 -7.88 -7.91 -7.93 -7.98 -8.00 -8.04 -8.07 -8.12 -8.09 -8.13 -8.10 -8.15 -8.15
-6.31 -6.34 -6.39 -6.43 -6.49 -6.52 -6.61 -6.66 -6.70 -6.73 -6.76 -6.86 -6.86 -6.89 -6.91 -6.93 -6.92 -6.96 -6.96 -6.96 -6.98 -7.03 -7.07 -7.07 -7.15 -7.21 -7.16 -7.18 -7.17 -7.18 -7.19 -7.19 -7.16 -7.19 -7.22 -7.26 -7.27 -7.28 -7.33 -7.39 -7.39 -7.39 -7.41 -7.44 -7.45 -7.47 -7.49 -7.51 -7.56 -7.65 -7.63 -7.67 -7.72 -7.77 -7.80 -7.79 -7.80 -7.84 -7.90 -7.94 -7.97 -7.99 -8.01 -8.06 -8.08 -8.09 -8.08 -8.11 -8.13
-6.29 -6.34 -6.38 -6.43 -6.46 -6.50 -6.56 -6.57 -6.65 -6.71 -6.78 -6.77 -6.78 -6.85 -6.84 -6.85 -6.88 -6.91 -6.93 -6.95 -6.97 -6.99 -7.00 -7.06 -7.06 -7.10 -7.25 -7.14 -7.17 -7.17 -7.15 -7.15 -7.18 -7.18 -7.17 -7.21 -7.26 -7.28 -7.27 -7.32 -7.36 -7.41 -7.40 -7.42 -7.43 -7.45 -7.49 -7.52 -7.53 -7.60 -7.61 -7.64 -7.69 -7.74 -7.77 -7.79 -7.80 -7.80 -7.82 -7.88 -7.94 -7.95 -7.98 -7.97 -8.01 -8.03 -8.05 -8.05 -8.10
-6.25 -6.34 -6.37 -6.42 -6.45 -6.50 -6.54 -6.58 -6.63 -6.66 -6.70 -6.74 -6.77 -6.76 -6.78 -6.84 -6.83 -6.84 -6.88 -6.90 -6.93 -6.95 -6.99 -7.00 -7.04 -7.07 -7.09 -7.10 -7.13 -7.13 -7.15 -7.15 -7.12 -7.15 -7.16 -7.18 -7.20 -7.25 -7.29 -7.28 -7.30 -7.34 -7.39 -7.41 -7.36 -7.44 -7.46 -7.47 -7.54 -7.55 -7.62 -7.65 -7.66 -7.69 -7.72 -7.77 -7.78 -7.81 -7.82 -7.82 -7.85 -7.93 -7.93 -7.94 -7.94 -7.97 -7.98 -8.00 -8.01
-6.21 -6.27 -6.35 -6.41 -6.43 -6.50 -6.53 -6.56 -6.62 -6.65 -6.68 -6.66 -6.68 -6.73 -6.74 -6.78 -6.78 -6.84 -6.84 -6.85 -6.88 -6.90 -6.93 -6.95 -7.00 -6.99 -7.07 -7.06 -7.08 -7.11 -7.10 -7.12 -7.13 -7.14 -7.14 -7.19 -7.19 -7.21 -7.25 -7.29 -7.28 -7.28 -7.35 -7.36 -7.41 -7.38 -7.44 -7.48 -7.46 -7.53 -7.57 -7.63 -7.66 -7.66 -7.69 -7.72 -7.77 -7.81 -7.79 -7.81 -7.84 -7.83 -7.88 -7.89 -7.90 -7.91 -7.94 -7.97 -7.95
-6.18 -6.22 -6.28 -6.35 -6.42 -6.50 -6.50 -6.57 -6.61 -6.61 -6.62 -6.64 -6.65 -6.66 -6.67 -6.71 -6.73 -6.76 -6.77 -6.84 -6.85 -6.84 -6.87 -6.90 -6.93 -6.94 -7.00 -7.02 -7.04 -7.06 -7.08 -7.09 -7.09 -7.11 -7.15 -7.15 -7.17 -7.22 -7.22 -7.24 -7.29 -7.29 -7.28 -7.33 -7.37 -7.41 -7.39 -7.43 -7.49 -7.51 -7.52 -7.58 -7.60 -7.66 -7.68 -7.69 -7.72 -7.77 -7.81 -7.84 -7.81 -7.82 -7.80 -7.85 -7.86 -7.89 -7.87 -7.92 -7.94
-6.09 -6.20 -6.24 -6.29 -6.35 -6.42 -6.53 -6.52 -6.61 -6.59 -6.60 -6.61 -6.62 -6.60 -6.64 -6.66 -6.67 -6.71 -6.74 -6.74 -6.77 -6.84 -6.86 -6.83 -6.87 -6.87 -6.93 -6.97 -6.99 -7.01 -7.04 -7.05 -7.10 -7.10 -7.11 -7.13 -7.18 -7.18 -7.21 -7.26 -7.25 -7.28 -7.31 -7.31 -7.32 -7.38 -7.40 -7.39 -7.43 -7.49 -7.50 -7.51 -7.55 -7.60 -7.63 -7.66 -7.70 -7.72 -7.77 -7.80 -7.77 -7.81 -7.78 -7.77 -7.80 -7.82 -7.88 -7.86 -7.87
-5.97 -6.09 -6.22 -6.25 -6.31 -6.37 -6.42 -6.53 -6.59 -6.52 -6.59 -6.56 -6.58 -6.59 -6.58 -6.61 -6.63 -6.63 -6.68 -6.70 -6.74 -6.73 -6.77 -6.83 -6.81 -6.82 -6.87 -6.91 -6.95 -6.97 -7.00 -7.03 -7.06 -7.10 -7.14 -7.11 -7.13 -7.17 -7.20 -7.21 -7.24 -7.29 -7.28 -7.33 -7.30 -7.34 -7.35 -7.39 -7.39 -7.42 -7.47 -7.49 -7.50 -7.54 -7.60 -7.62 -7.66 -7.67 -7.72 -7.74 -7.75 -7.72 -7.78 -7.76 -7.74 -7.79 -7.81 -7.84 -7.83
-5.91 -6.00 -6.10 -6.24 -6.27 -6.32 -6.37 -6.44 -6.48 -6.53 -6.51 -6.52 -6.53 -6.55 -6.56 -6.57 -6.58 -6.59 -6.59 -6.64 -6.68 -6.68 -6.71 -6.70 -6.74 -6.81 -6.86 -6.88 -6.90 -6.94 -6.97 -7.00 -7.02 -7.08 -7.07 -7.14 -7.16 -7.13 -7.18 -7.23 -7.22 -7.22 -7.26 -7.30 -7.31 -7.29 -7.35 -7.35 -7.40 -7.38 -7.41 -7.45 -7.49 -7.49 -7.53 -7.60 -7.62 -7.63 -7.69 -7.66 -7.69 -7.71 -7.72 -7.70 -7.73 -7.74 -7.76 -7.78 -7.80
-5.84 -5.94 -6.04 -6.12 -6.27 -6.30 -6.33 -6.36 -6.41 -6.44 -6.45 -6.45 -6.45 -6.51 -6.49 -6.54 -6.54 -6.54 -6.56 -6.57 -6.60 -6.65 -6.66 -6.72 -6.69 -6.73 -6.77 -6.87 -6.87 -6.91 -6.95 -6.96 -7.00 -7.02 -7.07 -7.08 -7.12 -7.18 -7.16 -7.17 -7.23 -7.21 -7.24 -7.27 -7.28 -7.31 -7.31 -7.32 -7.34 -7.37 -7.38 -7.40 -7.43 -7.48 -7.48 -7.52 -7.59 -7.62 -7.63 -7.63 -7.63 -7.67 -7.66 -7.68 -7.69 -7.70 -7.70 -7.72 -7.74
-5.75 -5.86 -5.96 -6.05 -6.16 -6.28 -6.31 -6.31 -6.35 -6.35 -6.40 -6.40 -6.40 -6.42 -6.46 -6.48 -6.48 -6.52 -6.52 -6.54 -6.53 -6.58 -6.66 -6.65 -6.70 -6.72 -6.74 -6.78 -6.84 -6.87 -6.91 -6.95 -6.96 -7.02 -7.02 -7.06 -7.11 -7.09 -7.16 -7.22 -7.14 -7.21 -7.22 -7.27 -7.25 -7.31 -7.29 -7.29 -7.31 -7.33 -7.34 -7.37 -7.39 -7.42 -7.47 -7.47 -7.51 -7.58 -7.59 -7.58 -7.57 -7.61 -7.62 -7.64 -7.63 -7.65 -7.65 -7.67 -7.69
-5.62 -5.74 -5.88 -5.99 -6.10 -6.17 -6.23 -6.28 -6.29 -6.34 -6.33 -6.37 -6.37 -6.37 -6.39 -6.41 -6.46 -6.46 -6.48 -6.49 -6.50 -6.52 -6.56 -6.65 -6.65 -6.69 -6.72 -6.75 -6.78 -6.84 -6.87 -6.91 -6.95 -6.97 -7.03 -7.03 -7.04 -7.14 -7.08 -7.12 -7.17 -7.17 -7.19 -7.22 -7.27 -7.29 -7.26 -7.29 -7.29 -7.29 -7.30 -7.33 -7.37 -7.37 -7.41 -7.47 -7.46 -7.50 -7.54 -7.55 -7.54 -7.52 -7.58 -7.59 -7.61 -7.63 -7.61 -7.63 -7.66
-5.50 -5.61 -5.71 -5.90 -5.99 -6.08 -6.16 -6.20 -6.24 -6.27 -6.33 -6.28 -6.34 -6.34 -6.33 -6.35 -6.38 -6.43 -6.44 -6.43 -6.47 -6.51 -6.54 -6.59 -6.63 -6.64 -6.66 -6.73 -6.75 -6.78 -6.83 -6.87 -6.91 -6.95 -6.97 -7.03 -7.03 -7.04 -7.11 -7.13 -7.13 -7.14 -7.17 -7.16 -7.21 -7.23 -7.25 -7.26 -7.25 -7.28 -7.28 -7.29 -7.30 -7.34 -7.36 -7.40 -7.46 -7.45 -7.47 -7.50 -7.52 -7.48 -7.49 -7.52 -7.56 -7.57 -7.61 -7.60 -7.59
-5.40 -5.50 -5.60 -5.71 -5.81 -5.95 -6.06 -6.15 -6.16 -6.21 -6.25 -6.29 -6.30 -6.28 -6.32 -6.30 -6.32 -6.35 -6.38 -6.41 -6.41 -6.44 -6.51 -6.56 -6.62 -6.65 -6.65 -6.66 -6.74 -6.75 -6.78 -6.83 -6.87 -6.91 -6.95 -6.98 -7.04 -7.05 -7.05 -7.10 -7.18 -7.16 -7.17 -7.15 -7.14 -7.17 -7.21 -7.22 -7.23 -7.23 -7.23 -7.27 -7.26 -7.28 -7.30 -7.34 -7.38 -7.41 -7.42 -7.47 -7.48 -7.49 -7.45 -7.47 -7.49 -7.54 -7.54 -7.57 -7.61
-5.31 -5.42 -5.49 -5.58 -5.68 -5.78 -5.92 -6.02 -6.11 -6.16 -6.18 -6.21 -6.24 -6.27 -6.24 -6.28 -6.28 -6.29 -6.32 -6.34 -6.39 -6.41 -6.44 -6.50 -6.55 -6.61 -6.66 -6.65 -6.67 -6.73 -6.76 -6.78 -6.83 -6.87 -6.91 -6.96 -6.98 -7.02 -7.09 -7.07 -7.12 -7.17 -7.19 -7.17 -7.12 -7.12 -7.13 -7.18 -7.20 -7.18 -7.21 -7.21 -7.22 -7.27 -7.22 -7.27 -7.31 -7.36 -7.37 -7.38 -7.43 -7.44 -7.47 -7.44 -7.45 -7.46 -7.51 -7.50 -7.52
-5.14 -5.28 -5.36 -5.48 -5.55 -5.64 -5.76 -5.88 -5.96 -6.09 -6.13 -6.16 -6.17 -6.20 -6.22 -6.23 -6.23 -6.25 -6.31 -6.29 -6.34 -6.38 -6.41 -6.44 -6.50 -6.56 -6.58 -6.64 -6.66 -6.66 -6.71 -6.77 -6.79 -6.83 -6.87 -6.91 -6.96 -6.96 -7.04 -7.09 -7.08 -7.12 -7.13 -7.15 -7.13 -7.09 -7.09 -7.10 -7.15 -7.16 -7.13 -7.16 -7.18 -7.18 -7.23 -7.20 -7.23 -7.27 -7.31 -7.33 -7.35 -7.39 -7.42 -7.43 -7.43 -7.42 -7.44 -7.49 -7.46
-5.01 -5.12 -5.22 -5.35 -5.42 -5.53 -5.60 -5.71 -5.84 -5.93 -6.06 -6.09 -6.13 -6.13 -6.16 -6.19 -6.19 -6.21 -6.21 -6.28 -6.29 -6.34 -6.38 -6.40 -6.44 -6.49 -6.55 -6.58 -6.63 -6.66 -6.66 -6.72 -6.78 -6.79 -6.83 -6.87 -6.91 -6.97 -6.97 -7.03 -7.08 -7.07 -7.07 -7.10 -7.11 -7.10 -7.06 -7.06 -7.07 -7.12 -7.13 -7.09 -7.11 -7.13 -7.15 -7.17 -7.20 -7.21 -7.25 -7.27 -7.30 -7.32 -7.34 -7.39 -7.38 -7.40 -7.39 -7.42 -7.46
-4.87 -4.97 -5.09 -5.18 -5.30 -5.39 -5.47 -5.60 -5.70 -5.82 -5.93 -6.00 -6.06 -6.08 -6.09 -6.13 -6.15 -6.18 -6.19 -6.22 -6.26 -6.28 -6.34 -6.38 -6.40 -6.43 -6.48 -6.53 -6.60 -6.60 -6.66 -6.67 -6.73 -6.78 -6.79 -6.84 -6.86 -6.89 -6.95 -6.99 -6.98 -7.04 -7.03 -7.03 -7.06 -7.08 -7.07 -7.03 -7.03 -7.04 -7.07 -7.12 -7.08 -7.08 -7.10 -7.12 -7.13 -7.16 -7.18 -7.20 -7.24 -7.26 -7.29 -7.31 -7.35 -7.34 -7.36 -7.37 -7.39
-4.68 -4.81 -4.94 -5.04 -5.15 -5.26 -5.35 -5.47 -5.56 -5.71 -5.80 -5.92 -5.97 -6.02 -6.05 -6.07 -6.08 -6.11 -6.14 -6.16 -6.24 -6.24 -6.26 -6.33 -6.36 -6.39 -6.42 -6.48 -6.53 -6.58 -6.62 -6.66 -6.67 -6.74 -6.76 -6.79 -6.83 -6.86 -6.88 -6.90 -6.95 -6.93 -6.98 -6.98 -6.99 -7.04 -7.04 -7.03 -7.00 -7.00 -7.00 -7.03 -7.09 -7.05 -7.06 -7.06 -7.09 -7.10 -7.13 -7.16 -7.19 -7.20 -7.23 -7.26 -7.28 -7.31 -7.32 -7.32 -7.36
-4.55 -4.64 -4.76 -4.89 -5.00 -5.11 -5.23 -5.32 -5.46 -5.55 -5.66 -5.81 -5.90 -5.95 -6.01 -6.05 -6.05 -6.05 -6.07 -6.12 -6.12 -6.24 -6.23 -6.24 -6.30 -6.35 -6.38 -6.41 -6.46 -6.52 -6.56 -6.64 -6.61 -6.69 -6.70 -6.75 -6.80 -6.82 -6.85 -6.84 -6.84 -6.89 -6.89 -6.91 -6.94 -6.94 -7.02 -7.00 -7.00 -6.97 -6.97 -6.97 -6.98 -7.01 -7.02 -7.04 -7.03 -7.06 -7.07 -7.11 -7.14 -7.16 -7.19 -7.19 -7.23 -7.26 -7.26 -7.29 -7.28
