utils/5a01f6d0e4b0531197b72cfe/584994d5e4b06d80b7b09558/5849a0a2e4b071492e42da96/ew14_apr_dem_5m.asc
ncols	964
nrows	465
xllcorner	295145.00
yllcorner	130095.00
cellsize	5.00
NODATA_value	-9999.00
[rows 120 to 149 of 465, columns 414 to 482 of 964]
-9.14 -9.12 -9.08 -9.10 -9.08 -9.10 -9.12 -9.15 -9.16 -9.14 -9.13 -9.11 -9.12 -9.10 -9.06 -9.01 -8.98 -8.90 -8.83 -8.77 -8.69 -8.61 -8.50 -8.44 -8.32 -8.18 -8.17 -8.13 -8.08 -8.01 -7.95 -7.91 -7.97 -8.05 -8.13 -8.20 -8.28 -8.31 -8.27 -8.23 -8.21 -8.18 -8.16 -8.13 -8.11 -8.10 -8.08 -8.05 -8.00 -7.96 -7.95 -7.86 -7.77 -7.68 -7.58 -7.49 -7.37 -7.37 -7.36 -7.35 -7.32 -7.28 -7.25 -7.21 -7.18 -7.20 -7.20 -7.21 -7.22
-9.06 -9.04 -9.03 -9.03 -9.05 -9.11 -9.10 -9.05 -9.05 -9.08 -9.05 -9.04 -9.03 -8.99 -8.93 -8.88 -8.83 -8.77 -8.72 -8.65 -8.55 -8.44 -8.37 -8.25 -8.10 -7.90 -7.88 -7.90 -7.88 -7.85 -7.81 -7.79 -7.84 -7.91 -7.98 -8.03 -8.10 -8.14 -8.10 -8.07 -8.05 -8.02 -7.99 -7.97 -7.97 -7.96 -7.95 -7.94 -7.92 -7.91 -7.90 -7.83 -7.76 -7.66 -7.58 -7.49 -7.40 -7.35 -7.30 -7.25 -7.20 -7.15 -7.10 -7.06 -7.01 -7.03 -7.09 -7.11 -7.13
-8.92 -8.95 -8.98 -9.01 -8.99 -8.98 -9.02 -8.99 -8.97 -8.95 -8.93 -8.90 -8.85 -8.85 -8.82 -8.76 -8.71 -8.64 -8.59 -8.54 -8.44 -8.31 -8.20 -8.07 -7.89 -7.81 -7.75 -7.74 -7.75 -7.69 -7.71 -7.77 -7.81 -7.87 -7.93 -7.99 -8.03 -8.07 -8.04 -8.01 -7.97 -7.93 -7.90 -7.87 -7.85 -7.83 -7.80 -7.80 -7.80 -7.82 -7.88 -7.84 -7.75 -7.66 -7.59 -7.51 -7.44 -7.36 -7.29 -7.23 -7.16 -7.10 -7.03 -6.97 -6.91 -6.96 -7.01 -7.04 -7.06
-8.90 -8.90 -8.89 -8.94 -8.88 -8.90 -8.88 -8.85 -8.78 -8.76 -8.80 -8.77 -8.74 -8.74 -8.70 -8.63 -8.55 -8.53 -8.49 -8.44 -8.29 -8.14 -8.01 -7.91 -7.77 -7.64 -7.63 -7.70 -7.70 -7.69 -7.72 -7.66 -7.69 -7.78 -7.82 -7.86 -7.88 -7.92 -7.90 -7.87 -7.83 -7.78 -7.73 -7.68 -7.66 -7.68 -7.68 -7.67 -7.68 -7.70 -7.72 -7.68 -7.58 -7.52 -7.48 -7.43 -7.38 -7.31 -7.25 -7.18 -7.11 -7.07 -7.04 -7.00 -6.98 -6.97 -7.00 -7.02 -7.03
-8.83 -8.80 -8.77 -8.81 -8.79 -8.71 -8.65 -8.75 -8.69 -8.63 -8.65 -8.61 -8.64 -8.56 -8.54 -8.51 -8.46 -8.39 -8.30 -8.23 -8.14 -8.00 -7.92 -7.83 -7.73 -7.67 -7.64 -7.66 -7.67 -7.67 -7.67 -7.65 -7.60 -7.70 -7.72 -7.76 -7.76 -7.78 -7.74 -7.69 -7.64 -7.59 -7.54 -7.49 -7.45 -7.45 -7.44 -7.43 -7.42 -7.41 -7.41 -7.37 -7.35 -7.34 -7.32 -7.31 -7.27 -7.23 -7.22 -7.21 -7.19 -7.18 -7.18 -7.17 -7.16 -7.12 -7.08 -7.05 -7.04
-8.68 -8.71 -8.69 -8.61 -8.60 -8.60 -8.54 -8.54 -8.51 -8.46 -8.52 -8.42 -8.43 -8.43 -8.43 -8.35 -8.30 -8.27 -8.12 -8.05 -7.97 -7.87 -7.82 -7.78 -7.73 -7.71 -7.69 -7.71 -7.73 -7.70 -7.65 -7.63 -7.60 -7.57 -7.60 -7.62 -7.64 -7.63 -7.56 -7.49 -7.43 -7.36 -7.30 -7.23 -7.19 -7.22 -7.26 -7.29 -7.33 -7.35 -7.36 -7.37 -7.33 -7.27 -7.22 -7.15 -7.09 -7.06 -7.06 -7.06 -7.08 -7.08 -7.10 -7.13 -7.15 -7.09 -7.02 -7.00 -6.97
-8.46 -8.56 -8.49 -8.48 -8.46 -8.46 -8.36 -8.40 -8.41 -8.28 -8.27 -8.25 -8.27 -8.28 -8.38 -8.18 -8.04 -7.96 -7.91 -7.86 -7.81 -7.77 -7.73 -7.71 -7.63 -7.69 -7.74 -7.71 -7.70 -7.66 -7.64 -7.62 -7.59 -7.57 -7.55 -7.54 -7.54 -7.52 -7.42 -7.31 -7.21 -7.11 -7.02 -6.93 -6.90 -6.96 -7.04 -7.12 -7.19 -7.26 -7.33 -7.33 -7.26 -7.18 -7.12 -7.06 -7.01 -6.99 -7.02 -7.05 -7.09 -7.13 -7.16 -7.20 -7.24 -7.17 -7.11 -7.05 -7.00
-8.36 -8.35 -8.32 -8.33 -8.27 -8.31 -8.24 -8.12 -8.10 -8.08 -8.07 -8.19 -8.16 -8.13 -8.10 -8.03 -7.99 -7.88 -7.80 -7.73 -7.62 -7.55 -7.59 -7.57 -7.61 -7.66 -7.68 -7.72 -7.66 -7.63 -7.59 -7.54 -7.48 -7.51 -7.47 -7.45 -7.42 -7.38 -7.28 -7.18 -7.08 -6.98 -6.88 -6.77 -6.75 -6.81 -6.88 -6.96 -7.04 -7.12 -7.20 -7.21 -7.16 -7.10 -7.06 -7.04 -7.00 -6.99 -7.02 -7.05 -7.08 -7.12 -7.15 -7.19 -7.20 -7.13 -7.06 -6.98 -6.91
-8.08 -8.19 -8.22 -8.13 -8.07 -8.02 -8.01 -8.02 -7.97 -8.03 -7.98 -7.98 -7.98 -7.89 -7.83 -7.79 -7.69 -7.59 -7.51 -7.45 -7.43 -7.46 -7.43 -7.50 -7.52 -7.53 -7.58 -7.65 -7.62 -7.55 -7.50 -7.45 -7.39 -7.37 -7.36 -7.34 -7.27 -7.20 -7.13 -7.06 -7.00 -6.93 -6.87 -6.81 -6.82 -6.86 -6.89 -6.93 -6.97 -7.03 -7.10 -7.16 -7.10 -7.04 -7.00 -6.97 -6.93 -6.90 -6.91 -6.94 -6.96 -6.98 -7.01 -7.05 -7.06 -7.00 -6.94 -6.88 -6.83
-8.12 -8.01 -7.94 -7.81 -7.87 -7.89 -7.85 -7.90 -7.88 -7.83 -7.77 -7.75 -7.65 -7.57 -7.47 -7.50 -7.54 -7.48 -7.41 -7.34 -7.32 -7.27 -7.28 -7.36 -7.46 -7.47 -7.55 -7.65 -7.60 -7.53 -7.43 -7.32 -7.26 -7.20 -7.16 -7.12 -7.08 -7.04 -7.00 -6.99 -6.97 -6.94 -6.90 -6.88 -6.89 -6.90 -6.91 -6.92 -6.97 -7.01 -7.06 -7.02 -6.96 -6.90 -6.85 -6.84 -6.83 -6.78 -6.78 -6.83 -6.88 -6.91 -6.96 -7.00 -7.01 -6.95 -6.90 -6.84 -6.78
-7.73 -7.60 -7.72 -7.79 -7.83 -7.83 -7.76 -7.72 -7.72 -7.62 -7.55 -7.55 -7.51 -7.49 -7.47 -7.41 -7.32 -7.28 -7.18 -7.13 -7.20 -7.23 -7.26 -7.35 -7.36 -7.33 -7.31 -7.32 -7.32 -7.34 -7.35 -7.40 -7.34 -7.26 -7.21 -7.17 -7.12 -7.06 -7.00 -7.04 -7.02 -6.97 -6.92 -6.89 -6.88 -6.90 -6.92 -6.94 -6.93 -6.90 -6.83 -6.78 -6.74 -6.72 -6.71 -6.69 -6.68 -6.68 -6.71 -6.74 -6.78 -6.81 -6.84 -6.86 -6.87 -6.86 -6.84 -6.80 -6.77
-7.32 -7.55 -7.65 -7.58 -7.50 -7.47 -7.42 -7.41 -7.43 -7.52 -7.45 -7.47 -7.36 -7.29 -7.21 -7.12 -7.05 -7.00 -6.94 -6.98 -7.00 -7.16 -7.25 -7.30 -7.32 -7.36 -7.32 -7.20 -7.13 -7.19 -7.16 -7.09 -7.02 -6.95 -6.98 -6.98 -7.02 -7.06 -7.02 -6.96 -6.92 -6.93 -6.94 -6.94 -6.92 -6.88 -6.83 -6.78 -6.73 -6.68 -6.63 -6.60 -6.60 -6.59 -6.58 -6.57 -6.59 -6.69 -6.71 -6.71 -6.73 -6.74 -6.75 -6.76 -6.78 -6.80 -6.81 -6.82 -6.80
-7.45 -7.45 -7.30 -7.31 -7.35 -7.37 -7.44 -7.45 -7.41 -7.29 -7.16 -7.07 -7.01 -6.91 -6.80 -6.64 -6.55 -6.68 -6.85 -6.95 -6.99 -6.99 -6.97 -7.01 -7.02 -6.98 -6.95 -6.93 -6.93 -6.89 -6.86 -6.89 -6.93 -7.02 -7.06 -7.01 -7.00 -6.99 -6.99 -6.98 -6.95 -6.90 -6.86 -6.84 -6.81 -6.74 -6.66 -6.58 -6.50 -6.39 -6.27 -6.11 -6.18 -6.25 -6.34 -6.42 -6.51 -6.59 -6.63 -6.65 -6.67 -6.69 -6.70 -6.72 -6.73 -6.74 -6.75 -6.76 -6.77
-7.12 -7.24 -7.14 -7.31 -7.29 -7.26 -7.24 -7.21 -7.05 -6.98 -6.92 -6.80 -6.70 -6.65 -6.64 -6.59 -6.51 -6.54 -6.60 -6.62 -6.67 -6.70 -6.68 -6.66 -6.68 -6.72 -6.78 -6.84 -6.88 -6.88 -6.89 -6.90 -6.89 -6.88 -6.87 -6.86 -6.89 -6.93 -6.96 -7.01 -6.96 -6.88 -6.82 -6.75 -6.75 -6.72 -6.57 -6.40 -6.24 -6.08 -5.92 -5.78 -5.88 -5.98 -6.07 -6.17 -6.26 -6.36 -6.39 -6.44 -6.49 -6.55 -6.59 -6.64 -6.68 -6.68 -6.66 -6.67 -6.67
-7.04 -7.17 -7.04 -7.01 -7.06 -7.04 -7.01 -6.84 -6.78 -6.76 -6.72 -6.69 -6.59 -6.57 -6.55 -6.48 -6.31 -6.30 -6.29 -6.34 -6.39 -6.41 -6.45 -6.53 -6.66 -6.72 -6.76 -6.71 -6.69 -6.70 -6.71 -6.73 -6.73 -6.73 -6.78 -6.86 -6.88 -6.90 -6.89 -6.83 -6.79 -6.75 -6.70 -6.68 -6.66 -6.52 -6.38 -6.28 -6.17 -6.04 -5.93 -5.86 -5.86 -5.88 -5.92 -6.00 -6.07 -6.14 -6.24 -6.30 -6.36 -6.43 -6.48 -6.52 -6.54 -6.54 -6.54 -6.53 -6.52
-7.01 -6.75 -6.58 -6.75 -6.62 -6.81 -6.63 -6.55 -6.69 -6.57 -6.62 -6.60 -6.58 -6.56 -6.51 -6.30 -6.14 -6.17 -6.25 -6.28 -6.29 -6.31 -6.29 -6.32 -6.37 -6.49 -6.59 -6.74 -6.82 -6.75 -6.69 -6.62 -6.56 -6.50 -6.47 -6.44 -6.43 -6.41 -6.39 -6.38 -6.38 -6.38 -6.38 -6.38 -6.38 -6.32 -6.28 -6.28 -6.15 -6.09 -6.07 -6.03 -6.02 -6.00 -5.99 -5.96 -5.94 -5.92 -5.99 -6.07 -6.14 -6.20 -6.29 -6.38 -6.43 -6.46 -6.44 -6.45 -6.44
-6.43 -6.42 -6.43 -6.45 -6.43 -6.45 -6.39 -6.60 -6.42 -6.64 -6.55 -6.59 -6.57 -6.54 -6.27 -6.20 -5.99 -5.87 -5.86 -5.86 -5.84 -5.85 -5.93 -6.04 -6.09 -6.14 -6.21 -6.29 -6.38 -6.42 -6.46 -6.54 -6.60 -6.62 -6.58 -6.54 -6.59 -6.67 -6.76 -6.71 -6.64 -6.57 -6.56 -6.50 -6.36 -6.26 -6.19 -6.14 -6.08 -6.05 -6.08 -6.09 -6.05 -5.99 -5.94 -5.86 -5.81 -5.78 -5.83 -5.89 -5.96 -6.05 -6.13 -6.21 -6.24 -6.25 -6.25 -6.26 -6.26
-6.10 -6.10 -6.09 -6.12 -6.39 -6.40 -6.45 -6.27 -6.43 -6.60 -6.46 -6.78 -6.57 -6.30 -6.26 -6.03 -5.80 -5.74 -5.81 -5.87 -5.87 -5.84 -5.82 -5.93 -6.05 -6.14 -6.20 -6.23 -6.33 -6.31 -6.33 -6.35 -6.37 -6.36 -6.38 -6.44 -6.49 -6.53 -6.61 -6.59 -6.46 -6.35 -6.24 -6.14 -6.12 -6.12 -6.15 -6.18 -6.09 -6.04 -5.98 -5.93 -5.89 -5.85 -5.81 -5.78 -5.73 -5.65 -5.70 -5.75 -5.81 -5.86 -5.91 -5.97 -5.99 -6.00 -6.01 -6.03 -6.04
-6.05 -6.25 -6.12 -6.28 -6.39 -6.29 -6.11 -6.32 -6.36 -6.39 -6.42 -6.33 -6.28 -6.33 -6.09 -5.99 -5.92 -5.73 -5.68 -5.71 -5.69 -5.64 -5.56 -5.59 -5.68 -5.76 -5.84 -5.97 -6.08 -6.11 -6.11 -6.06 -6.02 -5.99 -5.98 -6.05 -6.13 -6.21 -6.27 -6.24 -6.19 -6.18 -6.16 -6.13 -6.10 -6.07 -6.07 -6.07 -6.07 -6.08 -6.08 -6.08 -6.01 -5.90 -5.79 -5.69 -5.59 -5.48 -5.54 -5.59 -5.65 -5.71 -5.77 -5.82 -5.85 -5.86 -5.87 -5.87 -5.88
-6.14 -6.03 -5.93 -6.16 -6.13 -5.98 -6.22 -6.25 -6.28 -6.14 -6.03 -6.08 -6.06 -5.98 -6.01 -5.98 -5.76 -5.62 -5.60 -5.59 -5.58 -5.57 -5.48 -5.60 -5.66 -5.79 -5.95 -6.04 -6.13 -6.06 -6.02 -5.98 -5.89 -5.82 -5.80 -5.87 -5.96 -6.04 -6.01 -5.98 -5.99 -6.01 -6.06 -6.09 -6.12 -6.13 -6.10 -6.07 -6.05 -6.02 -6.03 -6.03 -6.01 -5.92 -5.80 -5.72 -5.62 -5.54 -5.52 -5.49 -5.49 -5.48 -5.48 -5.48 -5.50 -5.51 -5.52 -5.54 -5.55
-5.89 -5.79 -5.80 -5.64 -5.71 -5.96 -6.11 -6.10 -6.01 -5.94 -5.88 -5.86 -5.79 -5.70 -5.61 -5.73 -5.79 -5.59 -5.63 -5.62 -5.51 -5.74 -5.54 -5.62 -5.60 -5.68 -5.73 -5.79 -5.89 -5.93 -5.98 -5.99 -5.95 -6.05 -6.00 -5.87 -5.82 -5.81 -5.82 -5.82 -5.79 -5.76 -5.73 -5.70 -5.68 -5.68 -5.74 -5.80 -5.85 -5.89 -5.92 -5.95 -5.94 -5.81 -5.67 -5.54 -5.41 -5.30 -5.32 -5.32 -5.33 -5.34 -5.33 -5.37 -5.41 -5.44 -5.48 -5.52 -5.55
-5.59 -5.42 -5.15 -5.09 -5.60 -5.79 -5.62 -5.60 -5.61 -5.65 -5.66 -5.52 -5.32 -5.46 -5.52 -5.55 -5.64 -5.74 -5.69 -5.55 -5.72 -5.61 -5.39 -5.23 -5.27 -5.33 -5.42 -5.46 -5.61 -5.57 -5.58 -5.62 -5.66 -5.68 -5.68 -5.71 -5.75 -5.77 -5.73 -5.67 -5.65 -5.66 -5.66 -5.68 -5.62 -5.61 -5.65 -5.69 -5.72 -5.75 -5.78 -5.80 -5.78 -5.63 -5.57 -5.47 -5.37 -5.26 -5.17 -5.17 -5.20 -5.22 -5.19 -5.14 -5.14 -5.17 -5.20 -5.23 -5.26
-4.92 -4.77 -4.94 -5.40 -5.36 -5.33 -5.38 -5.37 -5.36 -5.34 -5.24 -5.05 -5.50 -5.32 -5.32 -5.41 -5.50 -5.57 -5.64 -5.65 -5.48 -5.20 -5.06 -4.99 -5.07 -5.20 -5.26 -5.39 -5.39 -5.42 -5.44 -5.42 -5.40 -5.40 -5.45 -5.47 -5.58 -5.69 -5.79 -5.86 -5.78 -5.69 -5.60 -5.53 -5.46 -5.42 -5.42 -5.43 -5.44 -5.45 -5.46 -5.48 -5.49 -5.36 -5.29 -5.22 -5.16 -5.10 -5.05 -5.05 -5.02 -4.99 -4.97 -4.96 -4.99 -5.04 -5.09 -5.15 -5.20
-4.45 -4.75 -4.99 -4.97 -4.93 -4.96 -5.05 -5.04 -5.01 -5.09 -4.88 -5.38 -5.12 -5.09 -5.17 -5.11 -5.19 -5.33 -5.30 -5.21 -5.06 -5.07 -5.31 -5.06 -5.04 -5.09 -5.13 -5.18 -5.14 -5.04 -5.03 -5.05 -5.09 -5.18 -5.23 -5.30 -5.35 -5.37 -5.40 -5.44 -5.42 -5.41 -5.40 -5.40 -5.47 -5.48 -5.46 -5.45 -5.44 -5.41 -5.35 -5.28 -5.22 -5.20 -5.19 -5.17 -5.14 -5.08 -5.05 -5.06 -5.05 -4.99 -4.96 -4.93 -4.92 -4.97 -5.04 -5.11 -5.18
-4.51 -4.58 -4.61 -4.60 -4.65 -4.70 -4.74 -4.74 -5.00 -4.73 -4.78 -4.82 -4.64 -4.60 -4.65 -4.71 -4.82 -5.00 -5.12 -4.95 -4.99 -5.09 -5.02 -4.91 -5.05 -4.93 -4.89 -4.92 -4.84 -4.67 -4.70 -4.78 -4.90 -4.97 -4.95 -4.94 -4.94 -5.01 -5.14 -5.26 -5.33 -5.38 -5.40 -5.41 -5.44 -5.43 -5.36 -5.28 -5.20 -5.11 -5.03 -4.96 -4.91 -4.89 -4.88 -4.87 -4.86 -4.85 -4.86 -4.90 -4.95 -4.97 -4.98 -4.97 -4.99 -5.01 -5.02 -5.03 -5.03
-4.16 -4.25 -4.28 -4.33 -4.41 -4.36 -4.32 -4.68 -4.45 -4.26 -4.33 -4.52 -4.10 -4.27 -4.58 -4.66 -4.74 -4.79 -4.90 -4.72 -4.94 -4.88 -4.89 -4.90 -4.87 -4.69 -4.84 -4.67 -4.53 -4.56 -4.68 -4.71 -4.65 -4.69 -4.78 -5.08 -5.10 -5.15 -5.17 -5.21 -5.23 -5.20 -5.18 -5.15 -5.15 -5.13 -5.04 -4.98 -4.90 -4.81 -4.71 -4.64 -4.62 -4.63 -4.63 -4.64 -4.64 -4.65 -4.67 -4.71 -4.73 -4.76 -4.78 -4.80 -4.80 -4.82 -4.85 -4.87 -4.88
-3.77 -3.97 -4.08 -4.13 -4.06 -3.99 -4.14 -4.08 -4.09 -4.30 -4.37 -4.23 -4.24 -4.27 -4.38 -4.58 -4.59 -4.41 -4.44 -4.76 -4.75 -4.76 -4.72 -4.71 -4.63 -4.64 -4.43 -4.38 -4.45 -4.65 -4.75 -4.70 -4.77 -4.84 -4.91 -4.98 -4.94 -4.92 -4.86 -4.79 -4.75 -4.73 -4.74 -4.74 -4.74 -4.72 -4.65 -4.60 -4.62 -4.65 -4.67 -4.70 -4.71 -4.69 -4.66 -4.65 -4.63 -4.61 -4.58 -4.60 -4.63 -4.66 -4.69 -4.70 -4.71 -4.74 -4.79 -4.83 -4.80
-3.39 -3.64 -3.84 -3.74 -3.75 -3.85 -3.75 -3.99 -4.06 -3.97 -3.91 -3.95 -4.48 -4.33 -4.13 -4.10 -4.19 -4.17 -4.43 -4.41 -4.38 -4.34 -4.36 -4.35 -4.38 -4.17 -4.29 -4.30 -4.53 -4.58 -4.42 -4.49 -4.56 -4.59 -4.65 -4.60 -4.54 -4.48 -4.41 -4.33 -4.30 -4.31 -4.36 -4.42 -4.49 -4.65 -4.78 -4.81 -4.84 -4.86 -4.89 -4.86 -4.81 -4.77 -4.79 -4.79 -4.79 -4.74 -4.76 -4.74 -4.73 -4.71 -4.68 -4.65 -4.70 -4.72 -4.74 -4.76 -4.79
-3.14 -3.24 -3.28 -3.43 -3.57 -3.40 -3.49 -3.64 -3.62 -3.65 -3.70 -3.93 -3.93 -3.85 -3.89 -3.97 -3.91 -3.94 -4.09 -3.89 -3.94 -4.02 -4.06 -3.99 -3.93 -4.19 -4.17 -4.23 -4.27 -4.29 -3.96 -4.28 -4.17 -4.23 -4.27 -4.39 -4.31 -4.23 -4.15 -4.07 -4.11 -4.24 -4.36 -4.49 -4.59 -4.70 -4.75 -4.76 -4.77 -4.77 -4.69 -4.64 -4.62 -4.60 -4.57 -4.54 -4.51 -4.48 -4.44 -4.47 -4.50 -4.53 -4.55 -4.57 -4.58 -4.59 -4.59 -4.61 -4.63
-2.89 -2.90 -2.96 -3.10 -3.03 -3.15 -3.35 -3.29 -3.32 -3.34 -3.36 -3.55 -3.50 -3.48 -3.58 -3.64 -3.46 -3.81 -3.57 -3.80 -3.85 -3.81 -3.74 -3.70 -3.87 -3.95 -3.93 -3.96 -3.98 -4.01 -4.07 -3.98 -3.97 -3.94 -4.03 -3.87 -3.92 -3.97 -4.08 -4.19 -4.25 -4.30 -4.34 -4.38 -4.41 -4.47 -4.50 -4.47 -4.45 -4.45 -4.44 -4.44 -4.44 -4.41 -4.39 -4.37 -4.34 -4.32 -4.29 -4.29 -4.30 -4.31 -4.34 -4.35 -4.36 -4.37 -4.38 -4.39 -4.40
