utils/5a01f6d0e4b0531197b72cfe/584994d5e4b06d80b7b09558/5849a0a2e4b071492e42da96/ew14_apr_dem_5m.asc
ncols	964
nrows	465
xllcorner	295145.00
yllcorner	130095.00
cellsize	5.00
NODATA_value	-9999.00
[rows 150 to 179 of 465, columns 759 to 827 of 964]
-9.46 -9.50 -9.53 -9.58 -9.62 -9.66 -9.73 -9.78 -9.77 -9.79 -9.78 -9.86 -9.90 -9.90 -9.91 -9.91 -9.92 -9.92 -9.93 -9.96 -9.94 -9.94 -9.96 -9.91 -9.95 -9.90 -9.95 -9.97 -9.97 -9.95 -9.96 -9.99 -9999.00 -9999.00 -9999.00 -9999.00 -9999.00 -9999.00 -9999.00 -9999.00 -9999.00 -9999.00 -9999.00 -9999.00 -9999.00 -9999.00 -9999.00 -9999.00 -9999.00 -9999.00 -9999.00 -9999.00 -9999.00 -9999.00 -9999.00 -9999.00 -9999.00 -9999.00 -9999.00 -9999.00 -9999.00 -9999.00 -9999.00 -9999.00 -9999.00 -9999.00 -9999.00 -9999.00 -9999.00
-9.41 -9.46 -9.53 -9.58 -9.61 -9.64 -9.65 -9.69 -9.75 -9.80 -9.84 -9.82 -9.87 -9.87 -9.89 -9.89 -9.89 -9.90 -9.90 -9.91 -9.92 -9.93 -9.92 -9.94 -9.88 -9.91 -9.88 -9.94 -9.94 -9.93 -9.92 -9.96 -9.95 -9999.00 -9999.00 -9999.00 -9999.00 -9999.00 -9999.00 -9999.00 -9999.00 -9999.00 -9999.00 -9999.00 -9999.00 -9999.00 -9999.00 -9999.00 -9999.00 -9999.00 -9999.00 -9999.00 -9999.00 -9999.00 -9999.00 -9999.00 -9999.00 -9999.00 -9999.00 -9999.00 -9999.00 -9999.00 -9999.00 -9999.00 -9999.00 -9999.00 -9999.00 -9999.00 -9999.00
-9.36 -9.43 -9.48 -9.52 -9.60 -9.65 -9.68 -9.67 -9.70 -9.71 -9.78 -9.82 -9.87 -9.87 -9.86 -9.86 -9.86 -9.88 -9.88 -9.89 -9.89 -9.90 -9.93 -9.89 -9.92 -9.87 -9.88 -9.87 -9.94 -9.89 -9.88 -9.88 -9.90 -9.91 -9.88 -9999.00 -9999.00 -9999.00 -9999.00 -9999.00 -9999.00 -9999.00 -9999.00 -9999.00 -9999.00 -9999.00 -9999.00 -9999.00 -9999.00 -9999.00 -9999.00 -9999.00 -9999.00 -9999.00 -9999.00 -9999.00 -9999.00 -9999.00 -9999.00 -9999.00 -9999.00 -9999.00 -9999.00 -9999.00 -9999.00 -9999.00 -9999.00 -9999.00 -9999.00
-9.29 -9.37 -9.48 -9.50 -9.52 -9.60 -9.66 -9.69 -9.74 -9.73 -9.76 -9.78 -9.79 -9.80 -9.86 -9.86 -9.85 -9.86 -9.86 -9.87 -9.87 -9.86 -9.89 -9.89 -9.89 -9.90 -9.86 -9.85 -9.85 -9.93 -9.83 -9.86 -9.85 -9.87 -9.88 -9.85 -9999.00 -9999.00 -9999.00 -9999.00 -9999.00 -9999.00 -9999.00 -9999.00 -9999.00 -9999.00 -9999.00 -9999.00 -9999.00 -9999.00 -9999.00 -9999.00 -9999.00 -9999.00 -9999.00 -9999.00 -9999.00 -9999.00 -9999.00 -9999.00 -9999.00 -9999.00 -9999.00 -9999.00 -9999.00 -9999.00 -9999.00 -9999.00 -9999.00
-9.27 -9.31 -9.40 -9.50 -9.53 -9.55 -9.61 -9.67 -9.71 -9.76 -9.76 -9.78 -9.73 -9.76 -9.82 -9.79 -9.85 -9.85 -9.85 -9.85 -9.86 -9.85 -9.87 -9.88 -9.85 -9.89 -9.88 -9.86 -9.82 -9.84 -9.91 -9.81 -9.85 -9.82 -9.84 -9.83 -9.82 -9.84 -9999.00 -9999.00 -9999.00 -9999.00 -9999.00 -9999.00 -9999.00 -9999.00 -9999.00 -9999.00 -9999.00 -9999.00 -9999.00 -9999.00 -9999.00 -9999.00 -9999.00 -9999.00 -9999.00 -9999.00 -9999.00 -9999.00 -9999.00 -9999.00 -9999.00 -9999.00 -9999.00 -9999.00 -9999.00 -9999.00 -9999.00
-9.27 -9.30 -9.34 -9.40 -9.49 -9.53 -9.59 -9.62 -9.67 -9.73 -9.74 -9.74 -9.73 -9.77 -9.75 -9.76 -9.83 -9.78 -9.84 -9.84 -9.85 -9.85 -9.85 -9.83 -9.82 -9.82 -9.86 -9.86 -9.85 -9.81 -9.81 -9.85 -9.80 -9.84 -9.79 -9.81 -9.80 -9.78 -9.81 -9999.00 -9999.00 -9999.00 -9999.00 -9999.00 -9999.00 -9999.00 -9999.00 -9999.00 -9999.00 -9999.00 -9999.00 -9999.00 -9999.00 -9999.00 -9999.00 -9999.00 -9999.00 -9999.00 -9999.00 -9999.00 -9999.00 -9999.00 -9999.00 -9999.00 -9999.00 -9999.00 -9999.00 -9999.00 -9999.00
-9.28 -9.31 -9.36 -9.36 -9.42 -9.50 -9.54 -9.62 -9.62 -9.65 -9.65 -9.71 -9.75 -9.74 -9.77 -9.75 -9.75 -9.80 -9.82 -9.78 -9.83 -9.82 -9.80 -9.80 -9.85 -9.79 -9.77 -9.79 -9.81 -9.81 -9.80 -9.77 -9.81 -9.78 -9.83 -9.76 -9.77 -9.77 -9.77 -9.78 -9999.00 -9999.00 -9999.00 -9999.00 -9999.00 -9999.00 -9999.00 -9999.00 -9999.00 -9999.00 -9999.00 -9999.00 -9999.00 -9999.00 -9999.00 -9999.00 -9999.00 -9999.00 -9999.00 -9999.00 -9999.00 -9999.00 -9999.00 -9999.00 -9999.00 -9999.00 -9999.00 -9999.00 -9999.00
-9.23 -9.32 -9.33 -9.39 -9.38 -9.50 -9.51 -9.60 -9.61 -9.61 -9.64 -9.65 -9.71 -9.75 -9.75 -9.75 -9.75 -9.76 -9.75 -9.83 -9.79 -9.78 -9.77 -9.78 -9.75 -9.77 -9.83 -9.79 -9.78 -9.76 -9.77 -9.77 -9.74 -9.75 -9.75 -9.82 -9.73 -9.75 -9.72 -9.77 -9.77 -9999.00 -9999.00 -9999.00 -9999.00 -9999.00 -9999.00 -9999.00 -9999.00 -9999.00 -9999.00 -9999.00 -9999.00 -9999.00 -9999.00 -9999.00 -9999.00 -9999.00 -9999.00 -9999.00 -9999.00 -9999.00 -9999.00 -9999.00 -9999.00 -9999.00 -9999.00 -9999.00 -9999.00
-9.23 -9.26 -9.30 -9.39 -9.39 -9.42 -9.48 -9.57 -9.59 -9.59 -9.61 -9.64 -9.65 -9.70 -9.70 -9.75 -9.74 -9.73 -9.76 -9.75 -9.76 -9.79 -9.73 -9.74 -9.71 -9.78 -9.72 -9.73 -9.79 -9.77 -9.74 -9.72 -9.73 -9.72 -9.71 -9.75 -9.81 -9.70 -9.72 -9.70 -9.75 -9.77 -9.77 -9999.00 -9999.00 -9999.00 -9999.00 -9999.00 -9999.00 -9999.00 -9999.00 -9999.00 -9999.00 -9999.00 -9999.00 -9999.00 -9999.00 -9999.00 -9999.00 -9999.00 -9999.00 -9999.00 -9999.00 -9999.00 -9999.00 -9999.00 -9999.00 -9999.00 -9999.00
-9.24 -9.24 -9.31 -9.30 -9.44 -9.39 -9.45 -9.46 -9.56 -9.58 -9.58 -9.61 -9.62 -9.64 -9.70 -9.69 -9.73 -9.75 -9.71 -9.72 -9.74 -9.69 -9.75 -9.69 -9.71 -9.67 -9.69 -9.71 -9.69 -9.70 -9.73 -9.72 -9.70 -9.68 -9.69 -9.68 -9.71 -9.80 -9.66 -9.68 -9.70 -9.73 -9.77 -9.77 -9999.00 -9999.00 -9999.00 -9999.00 -9999.00 -9999.00 -9999.00 -9999.00 -9999.00 -9999.00 -9999.00 -9999.00 -9999.00 -9999.00 -9999.00 -9999.00 -9999.00 -9999.00 -9999.00 -9999.00 -9999.00 -9999.00 -9999.00 -9999.00 -9999.00
-9.18 -9.22 -9.25 -9.36 -9.30 -9.40 -9.40 -9.42 -9.47 -9.56 -9.58 -9.58 -9.61 -9.62 -9.65 -9.70 -9.69 -9.69 -9.75 -9.70 -9.69 -9.71 -9.63 -9.69 -9.66 -9.67 -9.63 -9.64 -9.68 -9.66 -9.64 -9.64 -9.67 -9.66 -9.65 -9.64 -9.65 -9.70 -9.72 -9.64 -9.64 -9.66 -9.71 -9.79 -9.77 -9999.00 -9999.00 -9999.00 -9999.00 -9999.00 -9999.00 -9999.00 -9999.00 -9999.00 -9999.00 -9999.00 -9999.00 -9999.00 -9999.00 -9999.00 -9999.00 -9999.00 -9999.00 -9999.00 -9999.00 -9999.00 -9999.00 -9999.00 -9999.00
-9.20 -9.20 -9.21 -9.26 -9.37 -9.33 -9.37 -9.39 -9.44 -9.47 -9.53 -9.57 -9.58 -9.59 -9.62 -9.65 -9.69 -9.69 -9.66 -9.67 -9.64 -9.63 -9.69 -9.57 -9.61 -9.61 -9.62 -9.61 -9.60 -9.61 -9.63 -9.60 -9.59 -9.62 -9.61 -9.60 -9.59 -9.63 -9.66 -9.68 -9.62 -9.61 -9.63 -9.69 -9.61 -9.59 -9999.00 -9999.00 -9999.00 -9999.00 -9999.00 -9999.00 -9999.00 -9999.00 -9999.00 -9999.00 -9999.00 -9999.00 -9999.00 -9999.00 -9999.00 -9999.00 -9999.00 -9999.00 -9999.00 -9999.00 -9999.00 -9999.00 -9999.00
-9.20 -9.24 -9.26 -9.30 -9.33 -9.36 -9.39 -9.34 -9.40 -9.45 -9.46 -9.51 -9.57 -9.57 -9.59 -9.61 -9.65 -9.68 -9.65 -9.63 -9.64 -9.62 -9.51 -9.51 -9.53 -9.56 -9.56 -9.57 -9.56 -9.57 -9.56 -9.59 -9.57 -9.55 -9.54 -9.56 -9.55 -9.63 -9.63 -9.62 -9.64 -9.59 -9.58 -9.59 -9.59 -9.57 -9.54 -9999.00 -9999.00 -9999.00 -9999.00 -9999.00 -9999.00 -9999.00 -9999.00 -9999.00 -9999.00 -9999.00 -9999.00 -9999.00 -9999.00 -9999.00 -9999.00 -9999.00 -9999.00 -9999.00 -9999.00 -9999.00 -9999.00
-9.18 -9.21 -9.25 -9.26 -9.29 -9.32 -9.35 -9.38 -9.38 -9.42 -9.45 -9.46 -9.49 -9.57 -9.57 -9.59 -9.60 -9.63 -9.63 -9.61 -9.58 -9.58 -9.62 -9.55 -9.46 -9.48 -9.51 -9.51 -9.52 -9.51 -9.51 -9.52 -9.53 -9.56 -9.52 -9.50 -9.49 -9.53 -9.51 -9.58 -9.59 -9.61 -9.54 -9.54 -9.56 -9.56 -9.53 -9.50 -9999.00 -9999.00 -9999.00 -9999.00 -9999.00 -9999.00 -9999.00 -9999.00 -9999.00 -9999.00 -9999.00 -9999.00 -9999.00 -9999.00 -9999.00 -9999.00 -9999.00 -9999.00 -9999.00 -9999.00 -9999.00
-9.18 -9.19 -9.28 -9.33 -9.31 -9.28 -9.31 -9.34 -9.37 -9.40 -9.39 -9.43 -9.49 -9.49 -9.58 -9.55 -9.58 -9.58 -9.58 -9.57 -9.55 -9.53 -9.52 -9.53 -9.54 -9.41 -9.43 -9.46 -9.45 -9.46 -9.46 -9.46 -9.47 -9.47 -9.51 -9.46 -9.51 -9.48 -9.48 -9.54 -9.49 -9.48 -9.50 -9.50 -9.50 -9.51 -9.52 -9.50 -9.46 -9.47 -9999.00 -9999.00 -9999.00 -9999.00 -9999.00 -9999.00 -9999.00 -9999.00 -9999.00 -9999.00 -9999.00 -9999.00 -9999.00 -9999.00 -9999.00 -9999.00 -9999.00 -9999.00 -9999.00
-9.14 -9.20 -9.24 -9.22 -9.28 -9.32 -9.34 -9.36 -9.35 -9.36 -9.39 -9.42 -9.42 -9.50 -9.48 -9.51 -9.54 -9.53 -9.55 -9.55 -9.51 -9.51 -9.48 -9.46 -9.48 -9.50 -9.41 -9.38 -9.40 -9.40 -9.41 -9.41 -9.41 -9.42 -9.42 -9.39 -9.42 -9.45 -9.48 -9.49 -9.45 -9.45 -9.45 -9.46 -9.46 -9.46 -9.46 -9.49 -9.46 -9.42 -9.43 -9999.00 -9999.00 -9999.00 -9999.00 -9999.00 -9999.00 -9999.00 -9999.00 -9999.00 -9999.00 -9999.00 -9999.00 -9999.00 -9999.00 -9999.00 -9999.00 -9999.00 -9999.00
-9.09 -9.14 -9.20 -9.24 -9.23 -9.24 -9.29 -9.32 -9.34 -9.36 -9.40 -9.43 -9.42 -9.42 -9.46 -9.49 -9.48 -9.50 -9.46 -9.53 -9.52 -9.42 -9.49 -9.47 -9.43 -9.42 -9.41 -9.41 -9.33 -9.35 -9.35 -9.36 -9.36 -9.36 -9.35 -9.37 -9.37 -9.38 -9.39 -9.38 -9.40 -9.41 -9.41 -9.41 -9.42 -9.42 -9.42 -9.42 -9.46 -9.42 -9.38 -9.38 -9999.00 -9999.00 -9999.00 -9999.00 -9999.00 -9999.00 -9999.00 -9999.00 -9999.00 -9999.00 -9999.00 -9999.00 -9999.00 -9999.00 -9999.00 -9999.00 -9999.00
-9.10 -9.13 -9.15 -9.18 -9.26 -9.23 -9.24 -9.25 -9.29 -9.33 -9.35 -9.37 -9.39 -9.41 -9.46 -9.42 -9.47 -9.46 -9.45 -9.45 -9.50 -9.50 -9.39 -9.39 -9.46 -9.39 -9.38 -9.35 -9.35 -9.30 -9.30 -9.30 -9.31 -9.31 -9.33 -9.31 -9.33 -9.33 -9.35 -9.37 -9.36 -9.36 -9.37 -9.37 -9.37 -9.38 -9.38 -9.39 -9.37 -9.43 -9.38 -9.34 -9.34 -9999.00 -9999.00 -9999.00 -9999.00 -9999.00 -9999.00 -9999.00 -9999.00 -9999.00 -9999.00 -9999.00 -9999.00 -9999.00 -9999.00 -9999.00 -9999.00
-9.05 -9.07 -9.13 -9.15 -9.16 -9.25 -9.23 -9.24 -9.25 -9.26 -9.30 -9.33 -9.35 -9.38 -9.34 -9.40 -9.46 -9.43 -9.46 -9.45 -9.41 -9.46 -9.45 -9.39 -9.34 -9.37 -9.36 -9.33 -9.31 -9.29 -9.28 -9.25 -9.26 -9.27 -9.29 -9.32 -9.26 -9.36 -9.28 -9.35 -9.30 -9.31 -9.32 -9.33 -9.33 -9.34 -9.34 -9.34 -9.36 -9.33 -9.40 -9.34 -9.30 -9.30 -9999.00 -9999.00 -9999.00 -9999.00 -9999.00 -9999.00 -9999.00 -9999.00 -9999.00 -9999.00 -9999.00 -9999.00 -9999.00 -9999.00 -9999.00
-9.03 -9.05 -9.06 -9.12 -9.15 -9.14 -9.21 -9.24 -9.24 -9.25 -9.26 -9.27 -9.29 -9.34 -9.36 -9.35 -9.36 -9.38 -9.45 -9.42 -9.38 -9.35 -9.39 -9.38 -9.38 -9.32 -9.30 -9.34 -9.30 -9.28 -9.26 -9.23 -9.21 -9.22 -9.24 -9.23 -9.26 -9.24 -9.26 -9.27 -9.29 -9.27 -9.27 -9.26 -9.28 -9.29 -9.30 -9.30 -9.30 -9.35 -9.28 -9.37 -9.31 -9.26 -9.26 -9.25 -9999.00 -9999.00 -9999.00 -9999.00 -9999.00 -9999.00 -9999.00 -9999.00 -9999.00 -9999.00 -9999.00 -9999.00 -9999.00
-9.00 -9.02 -9.04 -9.06 -9.08 -9.15 -9.15 -9.18 -9.25 -9.24 -9.25 -9.26 -9.29 -9.26 -9.30 -9.30 -9.35 -9.33 -9.34 -9.37 -9.35 -9.32 -9.31 -9.31 -9.32 -9.32 -9.29 -9.25 -9.24 -9.27 -9.23 -9.22 -9.19 -9.16 -9.17 -9.19 -9.19 -9.21 -9.20 -9.22 -9.23 -9.24 -9.25 -9.24 -9.22 -9.23 -9.24 -9.26 -9.26 -9.27 -9.30 -9.24 -9.34 -9.28 -9.24 -9.22 -9.22 -9999.00 -9999.00 -9999.00 -9999.00 -9999.00 -9999.00 -9999.00 -9999.00 -9999.00 -9999.00 -9999.00 -9999.00
-9.03 -9.00 -9.02 -9.03 -9.04 -9.07 -9.15 -9.16 -9.16 -9.24 -9.24 -9.20 -9.22 -9.25 -9.25 -9.25 -9.29 -9.28 -9.28 -9.27 -9.29 -9.29 -9.25 -9.24 -9.24 -9.25 -9.25 -9.26 -9.23 -9.17 -9.22 -9.19 -9.19 -9.15 -9.12 -9.13 -9.15 -9.13 -9.14 -9.16 -9.17 -9.18 -9.20 -9.22 -9.21 -9.23 -9.18 -9.19 -9.20 -9.22 -9.23 -9.25 -9.20 -9.31 -9.27 -9.23 -9.21 -9.20 -9999.00 -9999.00 -9999.00 -9999.00 -9999.00 -9999.00 -9999.00 -9999.00 -9999.00 -9999.00 -9999.00
-8.95 -9.01 -9.02 -9.02 -9.01 -9.03 -9.06 -9.11 -9.18 -9.14 -9.21 -9.21 -9.16 -9.16 -9.21 -9.22 -9.21 -9.21 -9.19 -9.21 -9.19 -9.19 -9.22 -9.19 -9.18 -9.17 -9.18 -9.18 -9.19 -9.21 -9.14 -9.18 -9.19 -9.13 -9.11 -9.07 -9.09 -9.06 -9.10 -9.10 -9.11 -9.13 -9.14 -9.15 -9.18 -9.17 -9.18 -9.21 -9.14 -9.15 -9.16 -9.19 -9.24 -9.23 -9.29 -9.27 -9.22 -9.20 -9.19 -9999.00 -9999.00 -9999.00 -9999.00 -9999.00 -9999.00 -9999.00 -9999.00 -9999.00 -9999.00
-8.89 -8.93 -8.99 -9.03 -9.02 -9.01 -9.02 -9.05 -9.08 -9.19 -9.13 -9.16 -9.16 -9.12 -9.09 -9.14 -9.15 -9.14 -9.13 -9.12 -9.13 -9.10 -9.12 -9.16 -9.14 -9.09 -9.10 -9.11 -9.13 -9.07 -9.15 -9.11 -9.13 -9.18 -9.06 -9.07 -8.92 -8.99 -9.02 -9.05 -9.09 -9.07 -9.08 -9.09 -9.11 -9.14 -9.14 -9.15 -9.17 -9.18 -9.10 -9.11 -9.14 -9.23 -9.19 -9.23 -9.26 -9.22 -9.19 -9.17 -9999.00 -9999.00 -9999.00 -9999.00 -9999.00 -9999.00 -9999.00 -9999.00 -9999.00
-8.85 -8.89 -8.92 -8.96 -9.01 -9.01 -9.00 -9.01 -9.05 -9.06 -9.12 -9.11 -9.11 -9.09 -9.07 -9.07 -9.08 -9.08 -9.09 -9.06 -9.06 -9.03 -9.04 -9.06 -9.09 -9.07 -9.02 -9.02 -9.04 -9.05 -9.01 -9.08 -9.07 -9.08 -9.10 -8.97 -8.94 -8.90 -8.96 -8.98 -9.01 -9.05 -9.08 -9.03 -9.05 -9.06 -9.10 -9.11 -9.12 -9.13 -9.16 -9.08 -9.10 -9.12 -9.21 -9.21 -9.18 -9.23 -9.22 -9.18 -9.17 -9.19 -9999.00 -9999.00 -9999.00 -9999.00 -9999.00 -9999.00 -9999.00
-8.83 -8.85 -8.88 -8.92 -8.95 -9.00 -9.03 -9.00 -8.99 -9.03 -9.03 -9.06 -9.12 -9.05 -9.04 -9.03 -9.01 -9.02 -9.03 -9.03 -9.00 -8.97 -8.94 -8.96 -8.96 -9.02 -8.98 -8.97 -8.98 -8.98 -8.97 -8.96 -9.02 -9.04 -9.02 -8.99 -8.95 -8.92 -8.88 -8.92 -8.94 -8.97 -9.01 -9.05 -9.07 -9.00 -9.02 -9.06 -9.07 -9.08 -9.09 -9.08 -9.05 -9.08 -9.10 -9.18 -9.18 -9.18 -9.17 -9.21 -9.17 -9.15 -9.17 -9999.00 -9999.00 -9999.00 -9999.00 -9999.00 -9999.00
-8.81 -8.85 -8.86 -8.88 -8.89 -8.92 -8.98 -9.01 -8.97 -8.94 -9.01 -9.00 -9.02 -9.09 -9.02 -9.04 -8.99 -8.97 -8.97 -8.96 -8.96 -8.94 -8.91 -8.88 -8.87 -8.89 -8.95 -8.90 -8.93 -8.94 -8.93 -8.90 -8.93 -8.95 -8.97 -8.95 -8.99 -8.94 -8.90 -8.87 -8.88 -8.91 -8.92 -8.97 -9.01 -9.05 -9.05 -8.97 -9.01 -9.04 -9.05 -9.07 -9.05 -9.03 -9.06 -9.08 -9.16 -9.16 -9.16 -9.16 -9.17 -9.17 -9.14 -9.14 -9999.00 -9999.00 -9999.00 -9999.00 -9999.00
-8.78 -8.80 -8.82 -8.86 -8.90 -8.91 -8.93 -8.90 -8.95 -8.94 -8.91 -8.98 -8.98 -8.98 -9.02 -9.04 -9.00 -8.94 -8.92 -8.93 -8.92 -8.89 -8.88 -8.85 -8.82 -8.82 -8.84 -8.87 -8.84 -8.88 -8.90 -8.90 -8.86 -8.88 -8.93 -8.92 -8.91 -8.96 -8.92 -8.89 -8.85 -8.85 -8.91 -8.88 -8.92 -8.96 -9.01 -9.05 -8.99 -9.00 -9.01 -9.02 -9.04 -9.01 -9.01 -9.03 -9.05 -9.14 -9.14 -9.14 -9.14 -9.12 -9.16 -9.13 -9.12 -9999.00 -9999.00 -9999.00 -9999.00
-8.72 -8.78 -8.79 -8.81 -8.83 -8.87 -8.93 -8.91 -8.89 -8.89 -8.91 -8.89 -8.94 -8.92 -8.93 -8.97 -8.98 -8.96 -8.94 -8.89 -8.88 -8.89 -8.85 -8.82 -8.79 -8.79 -8.81 -8.81 -8.79 -8.79 -8.81 -8.79 -8.81 -8.83 -8.85 -8.91 -8.89 -8.88 -8.88 -8.89 -8.87 -8.86 -8.82 -8.91 -8.84 -8.88 -8.92 -8.96 -8.95 -8.96 -8.97 -8.98 -8.99 -9.01 -8.98 -8.99 -9.01 -9.03 -9.12 -9.12 -9.11 -9.11 -9.11 -9.11 -9.12 -9.11 -9999.00 -9999.00 -9999.00
-8.68 -8.72 -8.77 -8.79 -8.80 -8.83 -8.82 -8.85 -8.87 -8.88 -8.84 -8.84 -8.85 -8.88 -8.87 -8.88 -8.93 -8.92 -8.95 -8.92 -8.85 -8.84 -8.85 -8.85 -8.77 -8.75 -8.73 -8.81 -8.79 -8.71 -8.71 -8.74 -8.76 -8.78 -8.80 -8.83 -8.88 -8.85 -8.85 -8.83 -8.87 -8.85 -8.86 -8.80 -8.90 -8.80 -8.83 -8.94 -9.01 -8.92 -8.93 -8.94 -8.95 -8.96 -8.98 -8.95 -8.97 -9.00 -9.01 -9.09 -9.09 -9.09 -9.09 -9.09 -9.09 -9.10 -9.09 -9999.00 -9999.00
