utils/5a01f6d0e4b0531197b72cfe/584994d5e4b06d80b7b09558/5849a0a2e4b071492e42da96/ew14_apr_dem_5m.asc
ncols	964
nrows	465
xllcorner	295145.00
yllcorner	130095.00
cellsize	5.00
NODATA_value	-9999.00
[rows 150 to 179 of 465, columns 690 to 758 of 964]
-7.71 -7.67 -7.72 -7.77 -7.74 -7.77 -7.77 -7.70 -7.76 -7.66 -7.70 -7.71 -7.72 -7.72 -7.75 -7.78 -7.82 -7.83 -7.88 -7.95 -7.86 -7.89 -7.88 -7.93 -7.94 -7.95 -7.91 -7.90 -7.88 -7.87 -7.92 -8.06 -8.07 -8.21 -8.22 -8.22 -8.25 -8.44 -8.43 -8.43 -8.46 -8.52 -8.54 -8.52 -8.50 -8.53 -8.56 -8.60 -8.63 -8.68 -8.69 -8.71 -8.76 -8.78 -8.85 -8.86 -8.87 -8.90 -8.92 -8.96 -9.02 -9.07 -9.09 -9.10 -9.15 -9.20 -9.26 -9.34 -9.39
-7.63 -7.71 -7.64 -7.70 -7.76 -7.71 -7.70 -7.74 -7.69 -7.68 -7.65 -7.60 -7.67 -7.73 -7.76 -7.77 -7.79 -7.82 -7.80 -7.85 -7.96 -7.91 -7.87 -7.87 -7.89 -7.96 -7.92 -8.04 -7.89 -7.92 -7.98 -7.98 -8.05 -8.12 -8.16 -8.31 -8.24 -8.24 -8.32 -8.45 -8.45 -8.45 -8.50 -8.53 -8.52 -8.53 -8.55 -8.59 -8.60 -8.65 -8.68 -8.72 -8.74 -8.77 -8.80 -8.82 -8.88 -8.89 -8.92 -8.95 -8.99 -9.03 -9.05 -9.09 -9.11 -9.16 -9.22 -9.27 -9.36
-7.69 -7.67 -7.61 -7.71 -7.58 -7.73 -7.76 -7.64 -7.64 -7.67 -7.60 -7.66 -7.58 -7.65 -7.71 -7.77 -7.75 -7.78 -7.81 -7.79 -7.83 -7.88 -7.96 -7.88 -7.84 -7.85 -7.92 -7.95 -7.92 -8.09 -7.95 -8.01 -8.08 -8.09 -8.17 -8.19 -8.34 -8.30 -8.29 -8.33 -8.38 -8.45 -8.46 -8.50 -8.53 -8.55 -8.56 -8.55 -8.59 -8.62 -8.64 -8.69 -8.76 -8.76 -8.79 -8.91 -8.84 -8.90 -8.91 -8.94 -9.00 -9.01 -9.05 -9.08 -9.11 -9.14 -9.17 -9.23 -9.28
-7.51 -7.60 -7.67 -7.55 -7.68 -7.69 -7.59 -7.70 -7.64 -7.56 -7.57 -7.66 -7.59 -7.70 -7.66 -7.73 -7.76 -7.81 -7.84 -7.81 -7.77 -7.79 -7.79 -7.81 -7.86 -7.83 -7.82 -7.89 -7.94 -7.99 -7.97 -8.11 -8.01 -8.09 -8.17 -8.19 -8.21 -8.30 -8.35 -8.32 -8.34 -8.40 -8.42 -8.47 -8.50 -8.53 -8.53 -8.54 -8.57 -8.61 -8.65 -8.67 -8.70 -8.74 -8.77 -8.84 -8.91 -8.87 -8.91 -8.93 -8.97 -9.04 -9.03 -9.08 -9.11 -9.14 -9.18 -9.20 -9.24
-7.53 -7.47 -7.52 -7.65 -7.67 -7.53 -7.65 -7.60 -7.61 -7.58 -7.53 -7.50 -7.56 -7.70 -7.69 -7.76 -7.74 -7.79 -7.83 -7.81 -7.81 -7.79 -7.79 -7.82 -7.82 -7.80 -7.78 -7.83 -7.88 -7.94 -7.98 -8.03 -8.01 -8.13 -8.08 -8.14 -8.22 -8.20 -8.25 -8.36 -8.35 -8.39 -8.40 -8.41 -8.48 -8.50 -8.54 -8.56 -8.55 -8.58 -8.60 -8.67 -8.69 -8.70 -8.76 -8.78 -8.83 -8.90 -8.88 -8.94 -8.96 -8.98 -9.06 -9.07 -9.10 -9.15 -9.18 -9.20 -9.24
-7.44 -7.50 -7.59 -7.51 -7.54 -7.62 -7.59 -7.50 -7.60 -7.54 -7.53 -7.53 -7.55 -7.59 -7.65 -7.76 -7.80 -7.83 -7.83 -7.84 -7.83 -7.79 -7.80 -7.79 -7.80 -7.79 -7.78 -7.79 -7.84 -7.89 -7.93 -7.95 -8.03 -8.07 -8.06 -8.14 -8.12 -8.20 -8.18 -8.21 -8.32 -8.37 -8.38 -8.41 -8.44 -8.48 -8.51 -8.53 -8.58 -8.55 -8.57 -8.61 -8.67 -8.69 -8.71 -8.77 -8.80 -8.82 -8.88 -8.89 -8.94 -8.98 -9.02 -9.08 -9.10 -9.12 -9.16 -9.22 -9.24
-7.40 -7.46 -7.46 -7.57 -7.62 -7.50 -7.58 -7.59 -7.51 -7.44 -7.57 -7.54 -7.56 -7.62 -7.64 -7.71 -7.75 -7.83 -7.90 -7.84 -7.82 -7.83 -7.78 -7.79 -7.80 -7.80 -7.81 -7.84 -7.82 -7.84 -7.90 -7.95 -8.01 -7.98 -8.07 -8.09 -8.09 -8.17 -8.12 -8.20 -8.18 -8.32 -8.39 -8.40 -8.43 -8.44 -8.47 -8.52 -8.54 -8.59 -8.58 -8.55 -8.61 -8.65 -8.69 -8.72 -8.77 -8.81 -8.82 -8.89 -8.92 -8.96 -9.01 -9.04 -9.09 -9.10 -9.16 -9.18 -9.23
-7.40 -7.40 -7.40 -7.48 -7.52 -7.59 -7.52 -7.52 -7.60 -7.53 -7.50 -7.53 -7.57 -7.60 -7.62 -7.71 -7.74 -7.81 -7.82 -7.82 -7.82 -7.80 -7.79 -7.77 -7.77 -7.79 -7.82 -7.83 -7.86 -7.90 -7.86 -7.89 -7.95 -8.03 -8.04 -8.02 -8.09 -8.10 -8.13 -8.18 -8.23 -8.22 -8.25 -8.38 -8.44 -8.42 -8.45 -8.48 -8.53 -8.54 -8.58 -8.56 -8.62 -8.65 -8.66 -8.69 -8.72 -8.76 -8.83 -8.85 -8.89 -8.94 -8.98 -9.03 -9.07 -9.10 -9.12 -9.20 -9.22
-7.44 -7.51 -7.43 -7.39 -7.45 -7.50 -7.51 -7.57 -7.51 -7.54 -7.60 -7.53 -7.49 -7.60 -7.63 -7.68 -7.67 -7.78 -7.69 -7.79 -7.74 -7.76 -7.74 -7.74 -7.78 -7.79 -7.82 -7.83 -7.84 -7.87 -7.91 -7.98 -7.91 -7.93 -8.01 -8.05 -8.06 -8.08 -8.09 -8.14 -8.20 -8.20 -8.28 -8.26 -8.36 -8.45 -8.45 -8.47 -8.48 -8.53 -8.54 -8.56 -8.58 -8.62 -8.67 -8.69 -8.71 -8.72 -8.77 -8.84 -8.89 -8.90 -8.96 -9.00 -9.05 -9.10 -9.11 -9.13 -9.24
-7.53 -7.49 -7.51 -7.41 -7.42 -7.46 -7.46 -7.48 -7.59 -7.51 -7.52 -7.58 -7.57 -7.53 -7.51 -7.63 -7.74 -7.71 -7.74 -7.63 -7.73 -7.71 -7.67 -7.71 -7.72 -7.81 -7.81 -7.85 -7.85 -7.87 -7.90 -7.91 -8.00 -7.92 -7.95 -7.97 -8.05 -8.06 -8.07 -8.12 -8.14 -8.19 -8.27 -8.31 -8.32 -8.32 -8.44 -8.49 -8.47 -8.49 -8.47 -8.52 -8.58 -8.60 -8.64 -8.66 -8.71 -8.74 -8.77 -8.80 -8.85 -8.93 -8.93 -8.98 -9.01 -9.07 -9.12 -9.12 -9.14
-7.45 -7.49 -7.47 -7.47 -7.41 -7.40 -7.47 -7.40 -7.42 -7.47 -7.53 -7.51 -7.55 -7.60 -7.55 -7.57 -7.61 -7.68 -7.72 -7.67 -7.64 -7.67 -7.68 -7.69 -7.73 -7.75 -7.85 -7.83 -7.86 -7.86 -7.87 -7.89 -7.91 -7.93 -7.98 -7.97 -7.95 -8.02 -8.07 -8.10 -8.12 -8.16 -8.19 -8.25 -8.32 -8.37 -8.36 -8.40 -8.48 -8.46 -8.37 -8.50 -8.55 -8.58 -8.63 -8.67 -8.68 -8.73 -8.77 -8.82 -8.85 -8.88 -8.93 -8.99 -8.97 -9.03 -9.09 -9.13 -9.13
-7.35 -7.37 -7.39 -7.43 -7.41 -7.40 -7.37 -7.46 -7.41 -7.45 -7.45 -7.53 -7.49 -7.60 -7.57 -7.61 -7.56 -7.62 -7.64 -7.68 -7.69 -7.65 -7.62 -7.70 -7.71 -7.74 -7.78 -7.85 -7.84 -7.87 -7.86 -7.88 -7.90 -7.91 -7.94 -7.96 -7.96 -7.97 -7.95 -8.05 -8.11 -8.15 -8.18 -8.22 -8.25 -8.30 -8.39 -8.41 -8.41 -8.42 -8.46 -8.42 -8.53 -8.57 -8.61 -8.65 -8.68 -8.71 -8.74 -8.79 -8.83 -8.88 -8.93 -8.96 -9.01 -9.00 -9.05 -9.10 -9.14
-7.30 -7.37 -7.32 -7.32 -7.35 -7.34 -7.42 -7.39 -7.45 -7.47 -7.45 -7.41 -7.50 -7.52 -7.48 -7.61 -7.65 -7.66 -7.59 -7.66 -7.64 -7.68 -7.70 -7.68 -7.69 -7.73 -7.76 -7.81 -7.82 -7.86 -7.88 -7.86 -7.87 -7.90 -7.92 -7.94 -7.93 -7.97 -8.03 -7.99 -8.03 -8.12 -8.15 -8.18 -8.24 -8.27 -8.30 -8.36 -8.37 -8.41 -8.41 -8.45 -8.48 -8.53 -8.58 -8.63 -8.67 -8.70 -8.74 -8.77 -8.82 -8.86 -8.89 -8.94 -9.01 -9.04 -9.09 -9.09 -9.11
-7.21 -7.26 -7.35 -7.37 -7.29 -7.28 -7.35 -7.45 -7.42 -7.45 -7.54 -7.42 -7.49 -7.45 -7.49 -7.50 -7.52 -7.56 -7.66 -7.62 -7.70 -7.64 -7.65 -7.68 -7.71 -7.71 -7.75 -7.76 -7.82 -7.82 -7.87 -7.87 -7.86 -7.87 -7.90 -7.92 -7.95 -7.99 -7.99 -8.03 -8.03 -8.06 -8.11 -8.16 -8.19 -8.22 -8.29 -8.31 -8.34 -8.38 -8.43 -8.43 -8.43 -8.49 -8.56 -8.61 -8.63 -8.69 -8.73 -8.76 -8.79 -8.84 -8.88 -8.92 -8.96 -8.98 -9.07 -9.11 -9.14
-7.18 -7.20 -7.21 -7.29 -7.40 -7.32 -7.30 -7.38 -7.42 -7.43 -7.45 -7.54 -7.46 -7.53 -7.40 -7.53 -7.57 -7.51 -7.50 -7.61 -7.66 -7.61 -7.67 -7.64 -7.67 -7.69 -7.72 -7.75 -7.76 -7.81 -7.84 -7.87 -7.86 -7.88 -7.86 -7.91 -7.94 -7.96 -8.02 -8.01 -8.06 -8.09 -8.03 -8.10 -8.15 -8.20 -8.24 -8.33 -8.31 -8.36 -8.40 -8.45 -8.45 -8.44 -8.50 -8.57 -8.62 -8.67 -8.70 -8.75 -8.80 -8.82 -8.85 -8.91 -8.95 -8.97 -8.98 -9.09 -9.13
-7.29 -7.23 -7.16 -7.18 -7.23 -7.33 -7.42 -7.32 -7.35 -7.45 -7.46 -7.45 -7.55 -7.53 -7.47 -7.49 -7.56 -7.59 -7.64 -7.54 -7.47 -7.66 -7.64 -7.62 -7.63 -7.64 -7.69 -7.71 -7.73 -7.76 -7.79 -7.83 -7.83 -7.87 -7.87 -7.86 -7.92 -7.95 -7.97 -8.04 -8.07 -8.07 -8.09 -8.10 -8.08 -8.19 -8.20 -8.27 -8.30 -8.34 -8.36 -8.39 -8.45 -8.46 -8.45 -8.51 -8.57 -8.64 -8.67 -8.70 -8.77 -8.82 -8.84 -8.87 -8.93 -8.97 -8.99 -9.03 -9.07
-7.18 -7.25 -7.30 -7.17 -7.18 -7.23 -7.31 -7.38 -7.40 -7.36 -7.47 -7.49 -7.48 -7.48 -7.54 -7.43 -7.57 -7.53 -7.59 -7.65 -7.60 -7.53 -7.56 -7.60 -7.60 -7.61 -7.62 -7.66 -7.71 -7.72 -7.75 -7.78 -7.83 -7.83 -7.88 -7.88 -7.87 -7.92 -7.96 -7.98 -8.07 -8.10 -8.10 -8.10 -8.16 -8.12 -8.22 -8.25 -8.28 -8.32 -8.35 -8.33 -8.39 -8.45 -8.47 -8.46 -8.52 -8.59 -8.65 -8.67 -8.73 -8.76 -8.84 -8.85 -8.85 -8.96 -8.99 -9.02 -9.08
-7.24 -7.16 -7.15 -7.32 -7.27 -7.25 -7.27 -7.34 -7.39 -7.42 -7.40 -7.42 -7.54 -7.49 -7.41 -7.44 -7.36 -7.59 -7.59 -7.62 -7.63 -7.59 -7.55 -7.51 -7.59 -7.58 -7.57 -7.62 -7.66 -7.66 -7.72 -7.75 -7.78 -7.80 -7.85 -7.89 -7.89 -7.88 -7.92 -7.97 -7.98 -8.07 -8.13 -8.14 -8.11 -8.16 -8.20 -8.21 -8.29 -8.31 -8.34 -8.35 -8.35 -8.39 -8.45 -8.48 -8.47 -8.53 -8.61 -8.68 -8.68 -8.75 -8.76 -8.82 -8.88 -8.91 -8.99 -9.01 -9.04
-7.11 -7.22 -7.19 -7.20 -7.19 -7.32 -7.28 -7.35 -7.33 -7.44 -7.48 -7.46 -7.43 -7.47 -7.50 -7.52 -7.38 -7.38 -7.56 -7.62 -7.60 -7.60 -7.59 -7.56 -7.53 -7.54 -7.54 -7.59 -7.61 -7.66 -7.70 -7.69 -7.74 -7.78 -7.84 -7.86 -7.87 -7.93 -7.89 -7.92 -7.98 -7.98 -8.06 -8.16 -8.10 -8.15 -8.19 -8.23 -8.28 -8.32 -8.34 -8.36 -8.38 -8.38 -8.39 -8.45 -8.49 -8.48 -8.54 -8.63 -8.70 -8.70 -8.72 -8.83 -8.86 -8.94 -8.96 -9.04 -9.03
-7.04 -7.04 -7.12 -7.20 -7.21 -7.20 -7.29 -7.32 -7.38 -7.46 -7.39 -7.50 -7.47 -7.45 -7.44 -7.50 -7.53 -7.40 -7.41 -7.53 -7.61 -7.60 -7.60 -7.60 -7.53 -7.53 -7.56 -7.57 -7.61 -7.64 -7.66 -7.72 -7.74 -7.75 -7.78 -7.83 -7.85 -7.87 -7.94 -7.91 -7.92 -7.99 -7.99 -8.02 -8.06 -8.12 -8.16 -8.21 -8.26 -8.30 -8.33 -8.34 -8.37 -8.40 -8.41 -8.41 -8.45 -8.49 -8.49 -8.55 -8.65 -8.73 -8.68 -8.78 -8.82 -8.91 -8.99 -9.00 -9.01
-7.04 -7.05 -7.09 -7.10 -7.19 -7.26 -7.28 -7.22 -7.31 -7.40 -7.31 -7.47 -7.47 -7.43 -7.44 -7.52 -7.43 -7.52 -7.56 -7.46 -7.51 -7.58 -7.60 -7.60 -7.61 -7.53 -7.54 -7.54 -7.57 -7.59 -7.67 -7.67 -7.72 -7.77 -7.77 -7.80 -7.84 -7.87 -7.89 -7.95 -7.93 -7.93 -7.97 -7.97 -8.04 -8.09 -8.13 -8.16 -8.21 -8.26 -8.30 -8.33 -8.34 -8.36 -8.41 -8.42 -8.43 -8.45 -8.50 -8.50 -8.57 -8.66 -8.72 -8.75 -8.82 -8.88 -8.93 -9.01 -9.02
-6.92 -6.98 -7.09 -7.12 -7.13 -7.19 -7.32 -7.33 -7.27 -7.27 -7.37 -7.31 -7.29 -7.45 -7.47 -7.42 -7.44 -7.50 -7.48 -7.52 -7.50 -7.53 -7.57 -7.60 -7.59 -7.60 -7.56 -7.54 -7.54 -7.59 -7.61 -7.66 -7.68 -7.74 -7.78 -7.82 -7.81 -7.83 -7.89 -7.90 -7.93 -7.97 -7.95 -8.00 -8.02 -8.07 -8.11 -8.17 -8.19 -8.21 -8.27 -8.32 -8.33 -8.36 -8.36 -8.39 -8.46 -8.45 -8.46 -8.50 -8.52 -8.59 -8.66 -8.76 -8.79 -8.84 -8.87 -8.92 -8.98
-6.88 -6.92 -6.96 -7.12 -7.15 -7.16 -7.19 -7.35 -7.37 -7.35 -7.29 -7.34 -7.37 -7.28 -7.27 -7.50 -7.47 -7.49 -7.53 -7.48 -7.48 -7.55 -7.57 -7.56 -7.56 -7.58 -7.56 -7.56 -7.54 -7.56 -7.56 -7.59 -7.65 -7.69 -7.72 -7.80 -7.84 -7.86 -7.85 -7.88 -7.92 -7.91 -7.94 -7.96 -7.99 -8.05 -8.09 -8.17 -8.17 -8.21 -8.23 -8.27 -8.32 -8.34 -8.34 -8.37 -8.38 -8.43 -8.49 -8.49 -8.52 -8.55 -8.63 -8.68 -8.74 -8.85 -8.83 -8.86 -8.90
-6.83 -6.89 -6.92 -6.95 -7.13 -7.17 -7.18 -7.18 -7.32 -7.34 -7.37 -7.36 -7.36 -7.38 -7.30 -7.31 -7.30 -7.50 -7.49 -7.54 -7.51 -7.53 -7.50 -7.55 -7.54 -7.53 -7.54 -7.52 -7.55 -7.54 -7.57 -7.57 -7.61 -7.64 -7.67 -7.70 -7.78 -7.86 -7.90 -7.91 -7.90 -7.92 -7.95 -7.93 -8.00 -8.02 -8.08 -8.13 -8.18 -8.20 -8.21 -8.25 -8.28 -8.35 -8.33 -8.35 -8.38 -8.38 -8.40 -8.52 -8.50 -8.54 -8.58 -8.66 -8.75 -8.76 -8.79 -8.82 -8.86
-6.92 -6.90 -6.87 -6.92 -6.95 -7.15 -7.18 -7.18 -7.16 -7.17 -7.27 -7.35 -7.36 -7.39 -7.39 -7.35 -7.31 -7.38 -7.35 -7.49 -7.55 -7.56 -7.51 -7.50 -7.49 -7.52 -7.49 -7.51 -7.51 -7.52 -7.57 -7.57 -7.60 -7.61 -7.63 -7.69 -7.70 -7.76 -7.85 -7.89 -7.90 -7.94 -7.95 -7.97 -7.95 -8.02 -8.00 -8.10 -8.15 -8.20 -8.22 -8.24 -8.26 -8.29 -8.36 -8.36 -8.35 -8.36 -8.39 -8.43 -8.51 -8.54 -8.57 -8.61 -8.70 -8.78 -8.81 -8.80 -8.82
-6.88 -6.90 -6.97 -6.91 -6.90 -6.96 -7.12 -7.20 -7.17 -7.15 -7.12 -7.19 -7.31 -7.36 -7.40 -7.39 -7.38 -7.34 -7.35 -7.45 -7.40 -7.48 -7.55 -7.44 -7.40 -7.44 -7.45 -7.46 -7.49 -7.49 -7.51 -7.55 -7.58 -7.60 -7.61 -7.63 -7.69 -7.68 -7.74 -7.86 -7.88 -7.91 -7.90 -7.93 -7.98 -7.96 -7.98 -8.03 -8.12 -8.16 -8.20 -8.26 -8.26 -8.27 -8.30 -8.35 -8.35 -8.37 -8.38 -8.41 -8.44 -8.49 -8.59 -8.57 -8.62 -8.69 -8.79 -8.79 -8.83
-6.71 -6.85 -6.88 -7.00 -7.01 -6.89 -6.98 -7.03 -7.18 -7.17 -7.08 -7.07 -7.12 -7.22 -7.34 -7.36 -7.39 -7.38 -7.37 -7.37 -7.41 -7.45 -7.43 -7.47 -7.45 -7.34 -7.44 -7.42 -7.47 -7.47 -7.49 -7.51 -7.53 -7.58 -7.60 -7.63 -7.64 -7.67 -7.68 -7.77 -7.85 -7.88 -7.91 -7.94 -7.90 -7.92 -7.99 -8.01 -8.05 -8.10 -8.18 -8.21 -8.30 -8.30 -8.29 -8.31 -8.36 -8.37 -8.37 -8.40 -8.43 -8.45 -8.50 -8.62 -8.62 -8.63 -8.69 -8.76 -8.79
-6.71 -6.74 -6.78 -6.91 -6.88 -7.09 -7.02 -6.94 -7.05 -7.11 -7.18 -7.13 -7.05 -7.14 -7.21 -7.31 -7.35 -7.37 -7.37 -7.36 -7.38 -7.41 -7.41 -7.39 -7.40 -7.43 -7.35 -7.37 -7.40 -7.44 -7.47 -7.50 -7.51 -7.52 -7.56 -7.61 -7.63 -7.74 -7.77 -7.71 -7.79 -7.85 -7.88 -7.91 -7.94 -7.94 -7.95 -8.00 -8.04 -8.08 -8.13 -8.20 -8.23 -8.27 -8.33 -8.32 -8.33 -8.37 -8.39 -8.37 -8.40 -8.44 -8.46 -8.50 -8.60 -8.62 -8.63 -8.68 -8.73
-6.81 -6.75 -6.77 -6.79 -6.89 -6.85 -7.02 -7.09 -7.04 -7.00 -7.12 -7.18 -7.21 -7.15 -7.14 -7.21 -7.30 -7.33 -7.37 -7.39 -7.36 -7.36 -7.35 -7.39 -7.37 -7.36 -7.38 -7.41 -7.36 -7.44 -7.44 -7.48 -7.48 -7.51 -7.52 -7.55 -7.60 -7.63 -7.68 -7.76 -7.77 -7.80 -7.84 -7.87 -7.92 -7.95 -7.96 -7.99 -8.01 -8.06 -8.09 -8.15 -8.20 -8.25 -8.27 -8.37 -8.29 -8.34 -8.38 -8.42 -8.37 -8.41 -8.45 -8.49 -8.49 -8.59 -8.62 -8.63 -8.68
-6.76 -6.87 -6.80 -6.77 -6.81 -6.81 -6.87 -6.90 -7.04 -7.09 -7.07 -7.06 -7.18 -7.22 -7.26 -7.20 -7.22 -7.31 -7.31 -7.36 -7.37 -7.36 -7.35 -7.34 -7.33 -7.36 -7.36 -7.35 -7.43 -7.38 -7.38 -7.42 -7.47 -7.48 -7.51 -7.52 -7.57 -7.61 -7.63 -7.68 -7.76 -7.80 -7.82 -7.85 -7.89 -7.94 -7.95 -7.98 -8.01 -8.04 -8.09 -8.12 -8.18 -8.21 -8.29 -8.24 -8.34 -8.32 -8.35 -8.38 -8.42 -8.40 -8.43 -8.45 -8.49 -8.50 -8.58 -8.61 -8.63
