data/Elwha/Time-Series Data/ew11_aug_dem_5m.asc
ncols	793
nrows	424
xllcorner	295245.00
yllcorner	130095.00
cellsize	5.00
NODATA_value	-9999.00
[rows 150 to 179 of 424, columns 134 to 200 of 793]
-9999.00 -9999.00 -9999.00 -9999.00 -9999.00 -9999.00 -9999.00 -9999.00 -9999.00 -9999.00 -9999.00 -9999.00 -9999.00 -9999.00 -9999.00 -9999.00 -9999.00 -9999.00 -9999.00 -9999.00 -9999.00 -9999.00 -9999.00 -9999.00 -9999.00 -9999.00 -9999.00 -9999.00 -9999.00 -9999.00 -9999.00 -9999.00 -9999.00 -16.73 -16.52 -16.39 -16.23 -16.07 -15.92 -15.79 -15.61 -15.40 -15.22 -15.00 -14.82 -14.61 -14.41 -14.22 -14.01 -13.84 -13.69 -13.55 -13.45 -13.35 -13.28 -13.19 -13.13 -13.02 -12.88 -12.73 -12.55 -12.49 -12.35 -12.25 -12.17 -12.11 -12.01
-9999.00 -9999.00 -9999.00 -9999.00 -9999.00 -9999.00 -9999.00 -9999.00 -9999.00 -9999.00 -9999.00 -9999.00 -9999.00 -9999.00 -9999.00 -9999.00 -9999.00 -9999.00 -9999.00 -9999.00 -9999.00 -9999.00 -9999.00 -9999.00 -9999.00 -9999.00 -9999.00 -9999.00 -9999.00 -9999.00 -9999.00 -9999.00 -16.83 -16.63 -16.50 -16.35 -16.20 -16.06 -15.93 -15.73 -15.52 -15.34 -15.14 -14.94 -14.75 -14.53 -14.35 -14.14 -13.93 -13.77 -13.61 -13.50 -13.40 -13.32 -13.21 -13.17 -13.10 -12.99 -12.81 -12.64 -12.57 -12.45 -12.34 -12.25 -12.18 -12.11 -12.04
-9999.00 -9999.00 -9999.00 -9999.00 -9999.00 -9999.00 -9999.00 -9999.00 -9999.00 -9999.00 -9999.00 -9999.00 -9999.00 -9999.00 -9999.00 -9999.00 -9999.00 -9999.00 -9999.00 -9999.00 -9999.00 -9999.00 -9999.00 -9999.00 -9999.00 -9999.00 -9999.00 -9999.00 -9999.00 -9999.00 -9999.00 -9999.00 -16.74 -16.60 -16.45 -16.31 -16.16 -16.06 -15.83 -15.64 -15.47 -15.29 -15.07 -14.89 -14.65 -14.48 -14.27 -14.06 -13.86 -13.66 -13.55 -13.44 -13.36 -13.25 -13.18 -13.12 -13.06 -12.98 -12.77 -12.64 -12.56 -12.42 -12.34 -12.25 -12.20 -12.12 -12.05
-9999.00 -9999.00 -9999.00 -9999.00 -9999.00 -9999.00 -9999.00 -9999.00 -9999.00 -9999.00 -9999.00 -9999.00 -9999.00 -9999.00 -9999.00 -9999.00 -9999.00 -9999.00 -9999.00 -9999.00 -9999.00 -9999.00 -9999.00 -9999.00 -9999.00 -9999.00 -9999.00 -9999.00 -9999.00 -9999.00 -9999.00 -16.86 -16.70 -16.55 -16.42 -16.27 -16.15 -16.00 -15.76 -15.59 -15.43 -15.19 -15.02 -14.79 -14.61 -14.40 -14.21 -14.01 -13.77 -13.62 -13.49 -13.41 -13.28 -13.18 -13.14 -13.13 -13.08 -12.94 -12.72 -12.70 -12.54 -12.43 -12.35 -12.27 -12.20 -12.13 -12.05
-9999.00 -9999.00 -9999.00 -9999.00 -9999.00 -9999.00 -9999.00 -9999.00 -9999.00 -9999.00 -9999.00 -9999.00 -9999.00 -9999.00 -9999.00 -9999.00 -9999.00 -9999.00 -9999.00 -9999.00 -9999.00 -9999.00 -9999.00 -9999.00 -9999.00 -9999.00 -9999.00 -9999.00 -9999.00 -9999.00 -16.93 -16.81 -16.66 -16.53 -16.38 -16.24 -16.09 -15.89 -15.71 -15.54 -15.32 -15.15 -14.93 -14.74 -14.54 -14.35 -14.15 -13.90 -13.72 -13.58 -13.48 -13.33 -13.18 -13.13 -13.15 -13.17 -13.05 -12.91 -12.82 -12.65 -12.52 -12.45 -12.36 -12.28 -12.22 -12.14 -12.05
-9999.00 -9999.00 -9999.00 -9999.00 -9999.00 -9999.00 -9999.00 -9999.00 -9999.00 -9999.00 -9999.00 -9999.00 -9999.00 -9999.00 -9999.00 -9999.00 -9999.00 -9999.00 -9999.00 -9999.00 -9999.00 -9999.00 -9999.00 -9999.00 -9999.00 -9999.00 -9999.00 -9999.00 -9999.00 -9999.00 -16.83 -16.72 -16.58 -16.46 -16.33 -16.17 -16.01 -15.81 -15.66 -15.47 -15.29 -15.06 -14.87 -14.67 -14.49 -14.28 -14.05 -13.86 -13.70 -13.57 -13.44 -13.25 -13.12 -13.15 -13.23 -13.19 -13.07 -12.93 -12.80 -12.66 -12.54 -12.46 -12.38 -12.30 -12.22 -12.14 -12.04
-9999.00 -9999.00 -9999.00 -9999.00 -9999.00 -9999.00 -9999.00 -9999.00 -9999.00 -9999.00 -9999.00 -9999.00 -9999.00 -9999.00 -9999.00 -9999.00 -9999.00 -9999.00 -9999.00 -9999.00 -9999.00 -9999.00 -9999.00 -9999.00 -9999.00 -9999.00 -9999.00 -9999.00 -9999.00 -16.87 -16.75 -16.63 -16.52 -16.41 -16.25 -16.13 -15.98 -15.77 -15.62 -15.45 -15.24 -15.01 -14.80 -14.63 -14.43 -14.20 -13.99 -13.80 -13.66 -13.53 -13.37 -13.25 -13.20 -13.26 -13.29 -13.20 -13.08 -12.95 -12.80 -12.67 -12.57 -12.49 -12.42 -12.31 -12.23 -12.13 -12.07
-9999.00 -9999.00 -9999.00 -9999.00 -9999.00 -9999.00 -9999.00 -9999.00 -9999.00 -9999.00 -9999.00 -9999.00 -9999.00 -9999.00 -9999.00 -9999.00 -9999.00 -9999.00 -9999.00 -9999.00 -9999.00 -9999.00 -9999.00 -9999.00 -9999.00 -9999.00 -9999.00 -9999.00 -9999.00 -16.79 -16.68 -16.57 -16.45 -16.32 -16.18 -16.08 -15.92 -15.75 -15.59 -15.43 -15.18 -14.96 -14.76 -14.57 -14.39 -14.11 -13.92 -13.78 -13.62 -13.49 -13.34 -13.28 -13.32 -13.36 -13.29 -13.25 -13.09 -12.94 -12.80 -12.69 -12.60 -12.53 -12.43 -12.33 -12.21 -12.16 -12.09
-9999.00 -9999.00 -9999.00 -9999.00 -9999.00 -9999.00 -9999.00 -9999.00 -9999.00 -9999.00 -9999.00 -9999.00 -9999.00 -9999.00 -9999.00 -9999.00 -9999.00 -9999.00 -9999.00 -9999.00 -9999.00 -9999.00 -9999.00 -9999.00 -9999.00 -9999.00 -9999.00 -9999.00 -16.82 -16.72 -16.62 -16.50 -16.39 -16.26 -16.15 -16.00 -15.87 -15.73 -15.62 -15.35 -15.12 -14.94 -14.70 -14.53 -14.23 -14.05 -13.89 -13.75 -13.58 -13.46 -13.37 -13.37 -13.40 -13.37 -13.35 -13.24 -13.12 -12.95 -12.80 -12.71 -12.64 -12.55 -12.44 -12.33 -12.27 -12.18 -12.13
-9999.00 -9999.00 -9999.00 -9999.00 -9999.00 -9999.00 -9999.00 -9999.00 -9999.00 -9999.00 -9999.00 -9999.00 -9999.00 -9999.00 -9999.00 -9999.00 -9999.00 -9999.00 -9999.00 -9999.00 -9999.00 -9999.00 -9999.00 -9999.00 -9999.00 -9999.00 -9999.00 -16.82 -16.74 -16.66 -16.56 -16.45 -16.33 -16.23 -16.12 -15.96 -15.84 -15.71 -15.52 -15.29 -15.13 -14.91 -14.71 -14.42 -14.18 -13.97 -13.86 -13.67 -13.55 -13.47 -13.43 -13.44 -13.43 -13.44 -13.38 -13.30 -13.12 -12.97 -12.82 -12.75 -12.66 -12.55 -12.44 -12.39 -12.30 -12.23 -12.20
-9999.00 -9999.00 -9999.00 -9999.00 -9999.00 -9999.00 -9999.00 -9999.00 -9999.00 -9999.00 -9999.00 -9999.00 -9999.00 -9999.00 -9999.00 -9999.00 -9999.00 -9999.00 -9999.00 -9999.00 -9999.00 -9999.00 -9999.00 -9999.00 -9999.00 -9999.00 -9999.00 -16.77 -16.69 -16.61 -16.51 -16.40 -16.30 -16.20 -16.07 -15.94 -15.80 -15.65 -15.46 -15.32 -15.11 -14.89 -14.68 -14.41 -14.17 -13.97 -13.75 -13.64 -13.57 -13.51 -13.50 -13.46 -13.51 -13.54 -13.43 -13.30 -13.15 -13.02 -12.90 -12.79 -12.67 -12.57 -12.51 -12.43 -12.36 -12.31 -12.19
-9999.00 -9999.00 -9999.00 -9999.00 -9999.00 -9999.00 -9999.00 -9999.00 -9999.00 -9999.00 -9999.00 -9999.00 -9999.00 -9999.00 -9999.00 -9999.00 -9999.00 -9999.00 -9999.00 -9999.00 -9999.00 -9999.00 -9999.00 -9999.00 -9999.00 -9999.00 -16.79 -16.71 -16.64 -16.57 -16.47 -16.38 -16.28 -16.18 -16.02 -15.93 -15.73 -15.58 -15.45 -15.27 -15.08 -14.89 -14.61 -14.41 -14.16 -13.94 -13.74 -13.66 -13.62 -13.55 -13.48 -13.57 -13.64 -13.58 -13.49 -13.35 -13.21 -13.09 -12.98 -12.83 -12.70 -12.62 -12.55 -12.48 -12.42 -12.33 -12.25
-9999.00 -9999.00 -9999.00 -9999.00 -9999.00 -9999.00 -9999.00 -9999.00 -9999.00 -9999.00 -9999.00 -9999.00 -9999.00 -9999.00 -9999.00 -9999.00 -9999.00 -9999.00 -9999.00 -9999.00 -9999.00 -9999.00 -9999.00 -9999.00 -9999.00 -16.82 -16.73 -16.66 -16.60 -16.51 -16.46 -16.37 -16.26 -16.12 -16.03 -15.86 -15.71 -15.57 -15.41 -15.24 -15.05 -14.80 -14.61 -14.35 -14.12 -13.96 -13.72 -13.69 -13.61 -13.54 -13.62 -13.72 -13.72 -13.67 -13.54 -13.41 -13.29 -13.17 -13.04 -12.90 -12.79 -12.69 -12.60 -12.53 -12.46 -12.39 -12.29
-9999.00 -9999.00 -9999.00 -9999.00 -9999.00 -9999.00 -9999.00 -9999.00 -9999.00 -9999.00 -9999.00 -9999.00 -9999.00 -9999.00 -9999.00 -9999.00 -9999.00 -9999.00 -9999.00 -9999.00 -9999.00 -9999.00 -9999.00 -9999.00 -9999.00 -9999.00 -16.70 -16.62 -16.55 -16.49 -16.41 -16.33 -16.23 -16.10 -15.98 -15.83 -15.69 -15.56 -15.40 -15.21 -14.97 -14.80 -14.55 -14.31 -14.08 -13.86 -13.72 -13.65 -13.57 -13.62 -13.79 -13.87 -13.81 -13.71 -13.58 -13.48 -13.37 -13.24 -13.10 -12.98 -12.88 -12.76 -12.64 -12.58 -12.52 -12.40 -12.31
-9999.00 -9999.00 -9999.00 -9999.00 -9999.00 -9999.00 -9999.00 -9999.00 -9999.00 -9999.00 -9999.00 -9999.00 -9999.00 -9999.00 -9999.00 -9999.00 -9999.00 -9999.00 -9999.00 -9999.00 -9999.00 -9999.00 -9999.00 -9999.00 -9999.00 -9999.00 -16.63 -16.57 -16.50 -16.44 -16.37 -16.29 -16.17 -16.09 -15.95 -15.82 -15.69 -15.56 -15.36 -15.15 -15.00 -14.77 -14.54 -14.31 -14.10 -13.77 -13.68 -13.59 -13.60 -13.79 -13.96 -13.95 -13.87 -13.76 -13.67 -13.58 -13.45 -13.30 -13.18 -13.07 -12.95 -12.82 -12.73 -12.65 -12.54 -12.43 -12.34
-9999.00 -9999.00 -9999.00 -9999.00 -9999.00 -9999.00 -9999.00 -9999.00 -9999.00 -9999.00 -9999.00 -9999.00 -9999.00 -9999.00 -9999.00 -9999.00 -9999.00 -9999.00 -9999.00 -9999.00 -9999.00 -9999.00 -9999.00 -9999.00 -9999.00 -9999.00 -16.62 -16.52 -16.46 -16.40 -16.32 -16.23 -16.16 -16.06 -15.94 -15.83 -15.72 -15.52 -15.33 -15.19 -14.99 -14.77 -14.58 -14.38 -14.02 -13.85 -13.62 -13.61 -13.76 -13.93 -13.98 -13.99 -13.95 -13.86 -13.77 -13.66 -13.50 -13.38 -13.26 -13.13 -12.99 -12.88 -12.79 -12.69 -12.59 -12.46 -12.32
-9999.00 -9999.00 -9999.00 -9999.00 -9999.00 -9999.00 -9999.00 -9999.00 -9999.00 -9999.00 -9999.00 -9999.00 -9999.00 -9999.00 -9999.00 -9999.00 -9999.00 -9999.00 -9999.00 -9999.00 -9999.00 -9999.00 -9999.00 -9999.00 -9999.00 -9999.00 -16.58 -16.48 -16.43 -16.36 -16.29 -16.20 -16.11 -15.99 -15.93 -15.88 -15.68 -15.52 -15.39 -15.22 -14.99 -14.81 -14.61 -14.40 -14.08 -13.85 -13.69 -13.73 -13.90 -13.96 -13.95 -13.93 -13.94 -13.95 -13.84 -13.70 -13.58 -13.45 -13.31 -13.17 -13.03 -12.96 -12.86 -12.73 -12.58 -12.44 -12.27
-9999.00 -9999.00 -9999.00 -9999.00 -9999.00 -9999.00 -9999.00 -9999.00 -9999.00 -9999.00 -9999.00 -9999.00 -9999.00 -9999.00 -9999.00 -9999.00 -9999.00 -9999.00 -9999.00 -9999.00 -9999.00 -9999.00 -9999.00 -9999.00 -9999.00 -9999.00 -16.55 -16.45 -16.39 -16.34 -16.26 -16.17 -16.05 -15.98 -15.91 -15.79 -15.70 -15.59 -15.43 -15.24 -15.04 -14.82 -14.68 -14.34 -14.15 -13.97 -13.91 -13.93 -13.94 -13.94 -13.86 -13.87 -13.90 -13.91 -13.89 -13.77 -13.64 -13.48 -13.35 -13.19 -13.13 -13.01 -12.87 -12.72 -12.58 -12.40 -12.23
-9999.00 -9999.00 -9999.00 -9999.00 -9999.00 -9999.00 -9999.00 -9999.00 -9999.00 -9999.00 -9999.00 -9999.00 -9999.00 -9999.00 -9999.00 -9999.00 -9999.00 -9999.00 -9999.00 -9999.00 -9999.00 -9999.00 -9999.00 -9999.00 -9999.00 -9999.00 -9999.00 -16.43 -16.36 -16.31 -16.21 -16.14 -16.03 -15.95 -15.87 -15.78 -15.73 -15.63 -15.45 -15.27 -15.06 -14.91 -14.70 -14.46 -14.23 -14.18 -14.15 -14.10 -13.99 -13.80 -13.80 -13.82 -13.88 -13.90 -13.87 -13.82 -13.66 -13.50 -13.36 -13.29 -13.15 -13.01 -12.85 -12.72 -12.52 -12.36 -12.18
-9999.00 -9999.00 -9999.00 -9999.00 -9999.00 -9999.00 -9999.00 -9999.00 -9999.00 -9999.00 -9999.00 -9999.00 -9999.00 -9999.00 -9999.00 -9999.00 -9999.00 -9999.00 -9999.00 -9999.00 -9999.00 -9999.00 -9999.00 -9999.00 -9999.00 -9999.00 -9999.00 -16.40 -16.34 -16.27 -16.20 -16.09 -16.02 -15.92 -15.84 -15.78 -15.71 -15.62 -15.51 -15.32 -15.15 -14.97 -14.70 -14.49 -14.41 -14.36 -14.31 -14.19 -13.95 -13.81 -13.73 -13.84 -13.90 -13.91 -13.88 -13.77 -13.65 -13.52 -13.44 -13.30 -13.16 -12.98 -12.85 -12.64 -12.47 -12.29 -12.14
-9999.00 -9999.00 -9999.00 -9999.00 -9999.00 -9999.00 -9999.00 -9999.00 -9999.00 -9999.00 -9999.00 -9999.00 -9999.00 -9999.00 -9999.00 -9999.00 -9999.00 -9999.00 -9999.00 -9999.00 -9999.00 -9999.00 -9999.00 -9999.00 -9999.00 -9999.00 -9999.00 -16.37 -16.31 -16.23 -16.15 -16.09 -15.99 -15.90 -15.84 -15.77 -15.67 -15.59 -15.52 -15.38 -15.21 -15.01 -14.76 -14.67 -14.59 -14.51 -14.39 -14.16 -14.03 -13.88 -13.86 -13.94 -13.96 -13.94 -13.84 -13.73 -13.63 -13.56 -13.45 -13.31 -13.12 -12.99 -12.76 -12.58 -12.40 -12.25 -12.10
-9999.00 -9999.00 -9999.00 -9999.00 -9999.00 -9999.00 -9999.00 -9999.00 -9999.00 -9999.00 -9999.00 -9999.00 -9999.00 -9999.00 -9999.00 -9999.00 -9999.00 -9999.00 -9999.00 -9999.00 -9999.00 -9999.00 -9999.00 -9999.00 -9999.00 -9999.00 -9999.00 -16.34 -16.27 -16.18 -16.12 -16.05 -15.96 -15.90 -15.83 -15.73 -15.64 -15.59 -15.49 -15.40 -15.26 -15.05 -14.93 -14.82 -14.71 -14.58 -14.38 -14.24 -14.09 -14.06 -14.03 -14.02 -14.00 -13.92 -13.84 -13.73 -13.68 -13.55 -13.43 -13.25 -13.13 -12.87 -12.69 -12.50 -12.35 -12.19 -12.00
-9999.00 -9999.00 -9999.00 -9999.00 -9999.00 -9999.00 -9999.00 -9999.00 -9999.00 -9999.00 -9999.00 -9999.00 -9999.00 -9999.00 -9999.00 -9999.00 -9999.00 -9999.00 -9999.00 -9999.00 -9999.00 -9999.00 -9999.00 -9999.00 -9999.00 -9999.00 -9999.00 -16.31 -16.22 -16.16 -16.09 -16.01 -15.95 -15.88 -15.77 -15.69 -15.63 -15.53 -15.45 -15.36 -15.22 -15.12 -15.06 -14.92 -14.78 -14.61 -14.47 -14.32 -14.26 -14.18 -14.14 -14.08 -13.98 -13.91 -13.83 -13.78 -13.66 -13.53 -13.35 -13.22 -12.98 -12.80 -12.61 -12.45 -12.28 -12.09 -11.95
-9999.00 -9999.00 -9999.00 -9999.00 -9999.00 -9999.00 -9999.00 -9999.00 -9999.00 -9999.00 -9999.00 -9999.00 -9999.00 -9999.00 -9999.00 -9999.00 -9999.00 -9999.00 -9999.00 -9999.00 -9999.00 -9999.00 -9999.00 -9999.00 -9999.00 -9999.00 -9999.00 -16.26 -16.19 -16.12 -16.06 -15.99 -15.91 -15.83 -15.73 -15.68 -15.60 -15.52 -15.44 -15.33 -15.21 -15.14 -15.08 -14.98 -14.83 -14.69 -14.53 -14.45 -14.32 -14.25 -14.18 -14.07 -14.00 -13.92 -13.87 -13.74 -13.62 -13.46 -13.29 -13.06 -12.90 -12.70 -12.56 -12.38 -12.17 -12.03 -11.85
-9999.00 -9999.00 -9999.00 -9999.00 -9999.00 -9999.00 -9999.00 -9999.00 -9999.00 -9999.00 -9999.00 -9999.00 -9999.00 -9999.00 -9999.00 -9999.00 -9999.00 -9999.00 -9999.00 -9999.00 -9999.00 -9999.00 -9999.00 -9999.00 -9999.00 -9999.00 -9999.00 -16.22 -16.16 -16.10 -16.03 -15.95 -15.88 -15.79 -15.72 -15.65 -15.60 -15.51 -15.43 -15.29 -15.22 -15.16 -15.07 -15.00 -14.90 -14.73 -14.61 -14.47 -14.37 -14.27 -14.16 -14.07 -14.00 -13.94 -13.83 -13.71 -13.56 -13.37 -13.14 -12.97 -12.78 -12.63 -12.46 -12.30 -12.12 -11.92 -11.76
-9999.00 -9999.00 -9999.00 -9999.00 -9999.00 -9999.00 -9999.00 -9999.00 -9999.00 -9999.00 -9999.00 -9999.00 -9999.00 -9999.00 -9999.00 -9999.00 -9999.00 -9999.00 -9999.00 -9999.00 -9999.00 -9999.00 -9999.00 -9999.00 -9999.00 -9999.00 -16.23 -16.18 -16.14 -16.07 -15.98 -15.92 -15.84 -15.77 -15.70 -15.64 -15.56 -15.48 -15.39 -15.30 -15.24 -15.15 -15.07 -15.00 -14.90 -14.77 -14.61 -14.49 -14.37 -14.26 -14.16 -14.08 -13.99 -13.90 -13.79 -13.67 -13.48 -13.22 -13.07 -12.87 -12.71 -12.53 -12.43 -12.24 -12.03 -11.87 -11.68
-9999.00 -9999.00 -9999.00 -9999.00 -9999.00 -9999.00 -9999.00 -9999.00 -9999.00 -9999.00 -9999.00 -9999.00 -9999.00 -9999.00 -9999.00 -9999.00 -9999.00 -9999.00 -9999.00 -9999.00 -9999.00 -9999.00 -9999.00 -9999.00 -9999.00 -16.24 -16.18 -16.16 -16.10 -16.01 -15.95 -15.89 -15.81 -15.75 -15.68 -15.61 -15.53 -15.46 -15.39 -15.31 -15.22 -15.13 -15.05 -14.95 -14.86 -14.71 -14.60 -14.48 -14.35 -14.24 -14.15 -14.06 -13.97 -13.85 -13.73 -13.57 -13.31 -13.15 -12.96 -12.77 -12.61 -12.48 -12.27 -12.14 -11.99 -11.78 -11.61
-9999.00 -9999.00 -9999.00 -9999.00 -9999.00 -9999.00 -9999.00 -9999.00 -9999.00 -9999.00 -9999.00 -9999.00 -9999.00 -9999.00 -9999.00 -9999.00 -9999.00 -9999.00 -9999.00 -9999.00 -9999.00 -9999.00 -9999.00 -9999.00 -9999.00 -16.19 -16.16 -16.11 -16.04 -15.97 -15.92 -15.86 -15.78 -15.72 -15.66 -15.59 -15.51 -15.45 -15.36 -15.28 -15.20 -15.11 -15.00 -14.92 -14.77 -14.67 -14.57 -14.45 -14.34 -14.22 -14.13 -14.03 -13.91 -13.77 -13.63 -13.35 -13.20 -13.06 -12.86 -12.66 -12.51 -12.35 -12.19 -12.03 -11.87 -11.73 -11.52
-9999.00 -9999.00 -9999.00 -9999.00 -9999.00 -9999.00 -9999.00 -9999.00 -9999.00 -9999.00 -9999.00 -9999.00 -9999.00 -9999.00 -9999.00 -9999.00 -9999.00 -9999.00 -9999.00 -9999.00 -9999.00 -9999.00 -9999.00 -9999.00 -16.20 -16.16 -16.12 -16.06 -15.99 -15.94 -15.89 -15.82 -15.76 -15.71 -15.64 -15.56 -15.49 -15.41 -15.32 -15.25 -15.16 -15.05 -14.96 -14.83 -14.72 -14.61 -14.49 -14.38 -14.28 -14.20 -14.08 -13.96 -13.81 -13.67 -13.40 -13.23 -13.08 -12.91 -12.73 -12.57 -12.42 -12.25 -12.11 -11.93 -11.79 -11.63 -11.45
-9999.00 -9999.00 -9999.00 -9999.00 -9999.00 -9999.00 -9999.00 -9999.00 -9999.00 -9999.00 -9999.00 -9999.00 -9999.00 -9999.00 -9999.00 -9999.00 -9999.00 -9999.00 -9999.00 -9999.00 -9999.00 -9999.00 -9999.00 -9999.00 -16.16 -16.14 -16.09 -16.02 -15.96 -15.92 -15.87 -15.80 -15.74 -15.68 -15.60 -15.54 -15.45 -15.37 -15.30 -15.22 -15.10 -15.01 -14.89 -14.78 -14.67 -14.55 -14.44 -14.33 -14.24 -14.13 -14.02 -13.86 -13.70 -13.45 -13.27 -13.12 -12.96 -12.79 -12.63 -12.51 -12.32 -12.18 -12.03 -11.87 -11.72 -11.56 -11.39
