data/Elwha/Time-Series Data/ew11_aug_dem_5m.asc
ncols	793
nrows	424
xllcorner	295245.00
yllcorner	130095.00
cellsize	5.00
NODATA_value	-9999.00
[rows 330 to 359 of 424, columns 67 to 133 of 793]
-11.01 -11.00 -10.95 -10.96 -10.91 -10.87 -10.90 -10.86 -10.77 -10.73 -10.77 -10.67 -10.67 -10.62 -10.57 -10.49 -10.42 -10.38 -10.32 -10.27 -10.21 -10.11 -10.07 -10.07 -10.00 -9.96 -9.87 -9.77 -9.73 -9.66 -9.59 -9.53 -9.46 -9.37 -9.28 -9.21 -9.16 -9.07 -9.01 -8.86 -8.82 -8.74 -8.64 -8.52 -8.44 -8.33 -8.25 -8.16 -8.06 -7.93 -7.87 -7.70 -7.64 -7.54 -7.42 -7.31 -7.22 -7.14 -7.03 -6.93 -6.84 -6.74 -6.66 -6.56 -6.45 -6.36 -6.28
-10.95 -10.92 -10.93 -10.86 -10.85 -10.83 -10.79 -10.75 -10.69 -10.71 -10.62 -10.61 -10.58 -10.52 -10.45 -10.38 -10.34 -10.26 -10.22 -10.14 -10.08 -10.05 -9.99 -9.95 -9.87 -9.81 -9.72 -9.67 -9.60 -9.53 -9.47 -9.40 -9.31 -9.23 -9.16 -9.11 -9.03 -8.94 -8.82 -8.80 -8.72 -8.64 -8.49 -8.40 -8.30 -8.22 -8.13 -8.05 -7.90 -7.84 -7.68 -7.61 -7.52 -7.40 -7.28 -7.19 -7.11 -6.99 -6.90 -6.79 -6.70 -6.62 -6.50 -6.40 -6.32 -6.26 -6.12
-10.87 -10.85 -10.82 -10.79 -10.79 -10.73 -10.69 -10.65 -10.64 -10.58 -10.55 -10.55 -10.46 -10.40 -10.35 -10.28 -10.22 -10.16 -10.11 -10.03 -9.99 -9.96 -9.87 -9.84 -9.78 -9.76 -9.61 -9.54 -9.48 -9.41 -9.34 -9.25 -9.18 -9.12 -9.07 -8.97 -8.87 -8.80 -8.76 -8.67 -8.62 -8.47 -8.36 -8.29 -8.20 -8.11 -8.03 -7.87 -7.78 -7.68 -7.58 -7.49 -7.37 -7.26 -7.16 -7.07 -6.97 -6.87 -6.76 -6.69 -6.58 -6.46 -6.38 -6.27 -6.21 -6.08 -5.98
-10.82 -10.78 -10.76 -10.73 -10.72 -10.66 -10.61 -10.56 -10.53 -10.49 -10.47 -10.43 -10.36 -10.31 -10.24 -10.20 -10.12 -10.07 -10.00 -9.95 -9.91 -9.84 -9.78 -9.72 -9.67 -9.65 -9.51 -9.42 -9.35 -9.28 -9.20 -9.15 -9.09 -9.00 -8.90 -8.83 -8.79 -8.72 -8.63 -8.53 -8.47 -8.37 -8.27 -8.17 -8.11 -7.99 -7.83 -7.73 -7.67 -7.54 -7.46 -7.35 -7.24 -7.13 -7.04 -6.94 -6.85 -6.71 -6.64 -6.52 -6.41 -6.35 -6.23 -6.16 -6.05 -5.95 -5.87
-10.77 -10.75 -10.67 -10.65 -10.63 -10.56 -10.51 -10.47 -10.45 -10.41 -10.39 -10.33 -10.28 -10.20 -10.16 -10.10 -10.03 -9.96 -9.94 -9.90 -9.81 -9.72 -9.66 -9.62 -9.57 -9.50 -9.43 -9.29 -9.23 -9.15 -9.11 -9.03 -8.94 -8.87 -8.79 -8.74 -8.65 -8.58 -8.50 -8.40 -8.34 -8.27 -8.16 -8.10 -7.95 -7.80 -7.68 -7.65 -7.52 -7.43 -7.32 -7.22 -7.12 -7.01 -6.91 -6.81 -6.69 -6.60 -6.49 -6.38 -6.29 -6.19 -6.10 -6.01 -5.92 -5.83 -5.72
-10.68 -10.62 -10.59 -10.55 -10.49 -10.47 -10.43 -10.40 -10.35 -10.31 -10.28 -10.23 -10.16 -10.12 -10.07 -9.99 -9.94 -9.90 -9.85 -9.77 -9.66 -9.60 -9.55 -9.51 -9.45 -9.37 -9.29 -9.20 -9.12 -9.07 -8.97 -8.89 -8.80 -8.76 -8.67 -8.59 -8.52 -8.46 -8.40 -8.29 -8.18 -8.11 -8.07 -7.90 -7.77 -7.67 -7.62 -7.49 -7.39 -7.30 -7.19 -7.08 -6.98 -6.88 -6.78 -6.68 -6.57 -6.47 -6.37 -6.29 -6.19 -6.06 -5.98 -5.91 -5.79 -5.69 -5.59
-10.56 -10.54 -10.48 -10.46 -10.41 -10.36 -10.34 -10.30 -10.23 -10.22 -10.16 -10.12 -10.07 -10.02 -9.95 -9.90 -9.88 -9.80 -9.71 -9.60 -9.58 -9.51 -9.45 -9.40 -9.31 -9.25 -9.15 -9.08 -9.00 -8.91 -8.81 -8.77 -8.69 -8.60 -8.53 -8.46 -8.41 -8.36 -8.23 -8.13 -8.04 -8.00 -7.83 -7.75 -7.66 -7.58 -7.46 -7.36 -7.28 -7.16 -7.06 -6.94 -6.85 -6.75 -6.66 -6.55 -6.44 -6.35 -6.27 -6.15 -6.03 -5.94 -5.87 -5.75 -5.65 -5.55 -5.45
-10.51 -10.43 -10.43 -10.35 -10.31 -10.28 -10.23 -10.15 -10.16 -10.11 -10.07 -10.03 -9.97 -9.94 -9.88 -9.83 -9.76 -9.66 -9.58 -9.56 -9.45 -9.39 -9.34 -9.26 -9.22 -9.09 -9.03 -8.91 -8.85 -8.78 -8.71 -8.62 -8.53 -8.48 -8.42 -8.35 -8.26 -8.14 -8.05 -7.98 -7.91 -7.79 -7.71 -7.66 -7.56 -7.43 -7.34 -7.25 -7.12 -7.04 -6.92 -6.84 -6.72 -6.62 -6.52 -6.41 -6.32 -6.24 -6.12 -6.00 -5.92 -5.81 -5.71 -5.61 -5.52 -5.44 -5.31
-10.39 -10.38 -10.29 -10.26 -10.24 -10.18 -10.11 -10.11 -10.05 -10.02 -9.98 -9.92 -9.90 -9.83 -9.81 -9.72 -9.61 -9.57 -9.55 -9.40 -9.36 -9.29 -9.22 -9.17 -9.05 -8.98 -8.90 -8.81 -8.73 -8.64 -8.55 -8.48 -8.42 -8.35 -8.28 -8.17 -8.09 -7.99 -7.93 -7.82 -7.77 -7.68 -7.63 -7.50 -7.39 -7.30 -7.22 -7.09 -7.02 -6.89 -6.82 -6.69 -6.59 -6.50 -6.37 -6.29 -6.20 -6.09 -5.98 -5.89 -5.78 -5.70 -5.58 -5.49 -5.39 -5.28 -5.17
-10.31 -10.23 -10.21 -10.19 -10.12 -10.07 -10.04 -10.00 -9.97 -9.93 -9.89 -9.83 -9.77 -9.73 -9.64 -9.59 -9.56 -9.53 -9.36 -9.34 -9.24 -9.16 -9.12 -9.01 -8.93 -8.84 -8.79 -8.71 -8.59 -8.49 -8.43 -8.37 -8.30 -8.20 -8.12 -8.02 -7.95 -7.87 -7.78 -7.72 -7.63 -7.57 -7.46 -7.36 -7.27 -7.19 -7.07 -6.99 -6.85 -6.78 -6.66 -6.56 -6.47 -6.35 -6.27 -6.17 -6.07 -5.95 -5.86 -5.75 -5.66 -5.55 -5.45 -5.34 -5.22 -5.13 -5.04
-10.18 -10.15 -10.15 -10.07 -10.03 -9.97 -9.94 -9.90 -9.85 -9.83 -9.73 -9.71 -9.65 -9.56 -9.50 -9.58 -9.48 -9.32 -9.29 -9.19 -9.13 -9.07 -8.96 -8.90 -8.82 -8.76 -8.64 -8.54 -8.46 -8.39 -8.32 -8.24 -8.15 -8.05 -7.97 -7.90 -7.82 -7.73 -7.66 -7.58 -7.49 -7.42 -7.31 -7.24 -7.14 -7.05 -6.96 -6.83 -6.75 -6.63 -6.54 -6.43 -6.33 -6.25 -6.14 -6.04 -5.92 -5.83 -5.73 -5.63 -5.53 -5.42 -5.30 -5.18 -5.06 -4.99 -4.89
-10.08 -10.08 -10.00 -9.95 -9.90 -9.87 -9.83 -9.80 -9.77 -9.67 -9.64 -9.57 -9.48 -9.47 -9.48 -9.36 -9.30 -9.23 -9.14 -9.09 -9.02 -8.91 -8.85 -8.77 -8.69 -8.59 -8.47 -8.42 -8.33 -8.28 -8.16 -8.07 -8.00 -7.92 -7.84 -7.76 -7.69 -7.60 -7.53 -7.45 -7.37 -7.26 -7.18 -7.09 -7.01 -6.90 -6.83 -6.72 -6.62 -6.52 -6.40 -6.29 -6.21 -6.11 -6.01 -5.90 -5.80 -5.71 -5.60 -5.49 -5.38 -5.26 -5.14 -5.06 -4.98 -4.86 -4.75
-10.00 -9.95 -9.90 -9.85 -9.80 -9.76 -9.70 -9.70 -9.65 -9.57 -9.49 -9.41 -9.36 -9.36 -9.27 -9.22 -9.12 -9.09 -9.05 -8.97 -8.86 -8.79 -8.73 -8.61 -8.54 -8.43 -8.33 -8.31 -8.22 -8.11 -8.01 -7.94 -7.87 -7.79 -7.71 -7.64 -7.55 -7.49 -7.41 -7.33 -7.23 -7.18 -7.05 -6.97 -6.87 -6.78 -6.69 -6.60 -6.50 -6.36 -6.27 -6.19 -6.08 -5.98 -5.87 -5.77 -5.67 -5.57 -5.46 -5.34 -5.22 -5.11 -5.05 -4.94 -4.82 -4.70 -4.60
-9.88 -9.86 -9.80 -9.74 -9.73 -9.63 -9.65 -9.59 -9.51 -9.45 -9.38 -9.28 -9.24 -9.23 -9.15 -9.07 -9.04 -8.99 -8.91 -8.78 -8.73 -8.67 -8.54 -8.47 -8.39 -8.29 -8.26 -8.16 -8.08 -7.98 -7.89 -7.80 -7.74 -7.66 -7.59 -7.50 -7.44 -7.37 -7.28 -7.20 -7.13 -7.02 -6.95 -6.86 -6.76 -6.65 -6.56 -6.46 -6.35 -6.26 -6.16 -6.06 -5.95 -5.84 -5.74 -5.65 -5.53 -5.43 -5.30 -5.18 -5.10 -5.03 -4.90 -4.78 -4.66 -4.57 -4.45
-9.81 -9.72 -9.70 -9.65 -9.62 -9.59 -9.52 -9.46 -9.40 -9.32 -9.24 -9.18 -9.13 -9.06 -9.02 -8.96 -8.92 -8.88 -8.72 -8.67 -8.61 -8.52 -8.38 -8.34 -8.25 -8.21 -8.13 -8.03 -7.93 -7.84 -7.75 -7.69 -7.62 -7.53 -7.45 -7.39 -7.32 -7.23 -7.15 -7.07 -6.99 -6.91 -6.82 -6.73 -6.62 -6.55 -6.42 -6.33 -6.24 -6.11 -6.02 -5.93 -5.81 -5.72 -5.61 -5.50 -5.38 -5.26 -5.15 -5.08 -4.99 -4.86 -4.74 -4.63 -4.53 -4.42 -4.31
-9.69 -9.66 -9.59 -9.65 -9.53 -9.42 -9.38 -9.35 -9.26 -9.18 -9.14 -9.07 -9.00 -8.99 -8.89 -8.83 -8.80 -8.66 -8.60 -8.52 -8.49 -8.33 -8.30 -8.20 -8.16 -8.10 -8.00 -7.89 -7.78 -7.70 -7.63 -7.58 -7.49 -7.40 -7.34 -7.27 -7.19 -7.10 -7.04 -6.95 -6.87 -6.80 -6.69 -6.60 -6.49 -6.41 -6.31 -6.21 -6.09 -5.97 -5.84 -5.80 -5.69 -5.58 -5.46 -5.34 -5.23 -5.14 -5.07 -4.95 -4.82 -4.71 -4.59 -4.50 -4.38 -4.27 -4.18
-9.59 -9.64 -9.55 -9.41 -9.35 -9.32 -9.23 -9.19 -9.11 -9.07 -9.01 -8.95 -8.88 -8.80 -8.75 -8.70 -8.61 -8.54 -8.46 -8.41 -8.28 -8.26 -8.17 -8.11 -8.09 -7.93 -7.83 -7.74 -7.64 -7.59 -7.53 -7.45 -7.35 -7.30 -7.23 -7.14 -7.06 -6.99 -6.91 -6.86 -6.77 -6.64 -6.57 -6.46 -6.38 -6.27 -6.15 -6.05 -5.93 -5.83 -5.75 -5.69 -5.54 -5.43 -5.30 -5.20 -5.12 -5.03 -4.91 -4.78 -4.67 -4.57 -4.46 -4.35 -4.26 -4.14 -4.04
-9.58 -9.41 -9.32 -9.31 -9.26 -9.23 -9.14 -9.05 -9.01 -8.94 -8.87 -8.80 -8.74 -8.68 -8.61 -8.56 -8.47 -8.40 -8.32 -8.25 -8.20 -8.12 -8.12 -8.02 -7.90 -7.77 -7.68 -7.60 -7.54 -7.50 -7.41 -7.31 -7.25 -7.17 -7.09 -7.04 -6.96 -6.87 -6.84 -6.73 -6.62 -6.55 -6.44 -6.38 -6.22 -6.10 -6.01 -5.89 -5.79 -5.71 -5.62 -5.53 -5.39 -5.28 -5.17 -5.10 -4.99 -4.87 -4.74 -4.63 -4.53 -4.43 -4.32 -4.22 -4.11 -4.01 -3.91
-9.33 -9.31 -9.25 -9.25 -9.20 -9.08 -9.02 -8.97 -8.88 -8.79 -8.72 -8.67 -8.61 -8.56 -8.50 -8.42 -8.35 -8.28 -8.19 -8.15 -8.06 -8.08 -7.94 -7.83 -7.72 -7.63 -7.56 -7.51 -7.43 -7.35 -7.27 -7.21 -7.11 -7.04 -7.00 -6.89 -6.84 -6.80 -6.70 -6.59 -6.53 -6.42 -6.36 -6.21 -6.08 -5.97 -5.85 -5.74 -5.66 -5.57 -5.46 -5.34 -5.24 -5.15 -5.08 -4.95 -4.83 -4.70 -4.60 -4.49 -4.39 -4.28 -4.18 -4.08 -3.98 -3.88 -3.77
-9.23 -9.22 -9.24 -9.14 -9.03 -8.96 -8.89 -8.80 -8.73 -8.68 -8.61 -8.54 -8.50 -8.41 -8.36 -8.28 -8.24 -8.14 -8.07 -8.00 -7.98 -7.85 -7.77 -7.68 -7.58 -7.51 -7.46 -7.40 -7.29 -7.22 -7.14 -7.07 -7.00 -6.93 -6.85 -6.78 -6.70 -6.66 -6.56 -6.50 -6.41 -6.35 -6.19 -6.07 -5.94 -5.83 -5.72 -5.60 -5.53 -5.41 -5.32 -5.20 -5.10 -5.01 -4.91 -4.79 -4.66 -4.57 -4.47 -4.36 -4.25 -4.15 -4.06 -3.95 -3.86 -3.73 -3.61
-9.19 -9.15 -9.05 -8.96 -8.89 -8.82 -8.74 -8.68 -8.63 -8.52 -8.47 -8.44 -8.33 -8.27 -8.20 -8.15 -8.09 -8.00 -7.91 -7.83 -7.76 -7.72 -7.63 -7.52 -7.49 -7.40 -7.33 -7.24 -7.19 -7.09 -7.03 -6.96 -6.87 -6.80 -6.71 -6.65 -6.59 -6.52 -6.48 -6.40 -6.32 -6.16 -6.03 -5.91 -5.80 -5.69 -5.58 -5.48 -5.36 -5.29 -5.18 -5.07 -4.96 -4.85 -4.77 -4.62 -4.53 -4.43 -4.33 -4.22 -4.13 -4.03 -3.93 -3.80 -3.69 -3.57 -3.45
-9.06 -8.96 -8.90 -8.82 -8.75 -8.68 -8.62 -8.58 -8.45 -8.43 -8.35 -8.27 -8.18 -8.12 -8.06 -8.02 -7.95 -7.84 -7.71 -7.72 -7.68 -7.57 -7.48 -7.42 -7.39 -7.26 -7.19 -7.14 -7.05 -6.96 -6.90 -6.81 -6.74 -6.66 -6.60 -6.52 -6.46 -6.42 -6.36 -6.28 -6.13 -5.98 -5.89 -5.78 -5.66 -5.55 -5.45 -5.33 -5.25 -5.13 -5.03 -4.91 -4.84 -4.72 -4.60 -4.51 -4.40 -4.28 -4.19 -4.11 -4.00 -3.89 -3.77 -3.65 -3.53 -3.40 -3.28
-8.89 -8.84 -8.76 -8.69 -8.61 -8.58 -8.54 -8.40 -8.37 -8.28 -8.20 -8.11 -8.02 -7.97 -7.91 -7.85 -7.75 -7.67 -7.65 -7.62 -7.48 -7.43 -7.41 -7.32 -7.21 -7.18 -7.05 -7.02 -6.91 -6.84 -6.76 -6.69 -6.61 -6.55 -6.46 -6.41 -6.36 -6.28 -6.20 -6.09 -5.99 -5.86 -5.74 -5.63 -5.53 -5.44 -5.29 -5.22 -5.09 -4.99 -4.88 -4.78 -4.69 -4.57 -4.48 -4.39 -4.26 -4.16 -4.08 -3.99 -3.84 -3.73 -3.61 -3.49 -3.36 -3.24 -3.12
-8.78 -8.71 -8.63 -8.56 -8.53 -8.48 -8.34 -8.30 -8.22 -8.14 -8.05 -7.97 -7.88 -7.82 -7.76 -7.69 -7.60 -7.57 -7.51 -7.43 -7.39 -7.39 -7.27 -7.18 -7.11 -7.02 -6.93 -6.87 -6.78 -6.73 -6.63 -6.59 -6.49 -6.42 -6.36 -6.31 -6.21 -6.13 -6.02 -5.92 -5.82 -5.70 -5.60 -5.51 -5.39 -5.26 -5.19 -5.05 -4.96 -4.85 -4.74 -4.65 -4.54 -4.46 -4.36 -4.25 -4.15 -4.07 -3.92 -3.80 -3.69 -3.57 -3.45 -3.32 -3.20 -3.08 -2.94
-8.65 -8.55 -8.50 -8.45 -8.38 -8.29 -8.23 -8.15 -8.07 -7.97 -7.91 -7.82 -7.76 -7.68 -7.58 -7.52 -7.49 -7.41 -7.36 -7.37 -7.37 -7.22 -7.08 -7.01 -6.97 -6.87 -6.80 -6.76 -6.65 -6.61 -6.54 -6.43 -6.38 -6.29 -6.24 -6.13 -6.06 -5.96 -5.86 -5.78 -5.67 -5.56 -5.49 -5.36 -5.22 -5.15 -5.01 -4.93 -4.82 -4.71 -4.60 -4.51 -4.40 -4.34 -4.23 -4.10 -4.00 -3.87 -3.76 -3.65 -3.53 -3.40 -3.28 -3.16 -3.03 -2.90 -2.75
-8.47 -8.45 -8.39 -8.31 -8.23 -8.18 -8.11 -8.00 -7.88 -7.84 -7.76 -7.69 -7.58 -7.51 -7.45 -7.41 -7.33 -7.32 -7.32 -7.19 -7.11 -7.05 -6.96 -6.89 -6.82 -6.76 -6.69 -6.64 -6.58 -6.48 -6.39 -6.32 -6.23 -6.16 -6.07 -5.99 -5.91 -5.82 -5.73 -5.62 -5.53 -5.46 -5.32 -5.19 -5.11 -4.98 -4.89 -4.79 -4.68 -4.56 -4.47 -4.37 -4.27 -4.16 -4.05 -3.94 -3.83 -3.72 -3.59 -3.48 -3.36 -3.24 -3.11 -2.99 -2.85 -2.70 -2.56
-8.38 -8.32 -8.26 -8.16 -8.10 -8.04 -7.93 -7.80 -7.77 -7.69 -7.63 -7.51 -7.43 -7.37 -7.32 -7.28 -7.25 -7.20 -7.15 -7.03 -6.96 -6.89 -6.81 -6.76 -6.71 -6.63 -6.58 -6.53 -6.41 -6.35 -6.29 -6.18 -6.11 -6.03 -5.94 -5.86 -5.75 -5.69 -5.58 -5.49 -5.38 -5.26 -5.17 -5.06 -4.94 -4.86 -4.76 -4.65 -4.52 -4.44 -4.33 -4.24 -4.10 -4.03 -3.92 -3.81 -3.69 -3.56 -3.44 -3.32 -3.20 -3.06 -2.95 -2.81 -2.66 -2.52 -2.38
-8.23 -8.18 -8.11 -8.08 -7.99 -7.86 -7.80 -7.72 -7.60 -7.55 -7.44 -7.36 -7.33 -7.26 -7.23 -7.16 -7.13 -7.04 -6.98 -6.91 -6.83 -6.74 -6.68 -6.61 -6.59 -6.52 -6.43 -6.36 -6.28 -6.22 -6.13 -6.06 -5.98 -5.90 -5.81 -5.71 -5.63 -5.53 -5.43 -5.34 -5.23 -5.13 -5.02 -4.91 -4.79 -4.72 -4.62 -4.48 -4.40 -4.32 -4.21 -4.09 -3.97 -3.86 -3.76 -3.64 -3.51 -3.40 -3.28 -3.14 -3.03 -2.91 -2.76 -2.62 -2.47 -2.33 -2.17
-8.10 -8.04 -8.02 -7.95 -7.83 -7.76 -7.67 -7.58 -7.48 -7.37 -7.29 -7.27 -7.22 -7.15 -7.09 -7.01 -6.98 -6.92 -6.87 -6.78 -6.70 -6.63 -6.58 -6.50 -6.45 -6.38 -6.30 -6.22 -6.16 -6.08 -6.01 -5.93 -5.86 -5.76 -5.68 -5.58 -5.49 -5.39 -5.29 -5.21 -5.10 -4.98 -4.89 -4.76 -4.69 -4.57 -4.44 -4.37 -4.27 -4.16 -4.06 -3.95 -3.82 -3.73 -3.60 -3.46 -3.36 -3.23 -3.09 -2.99 -2.86 -2.70 -2.57 -2.41 -2.29 -2.13 -1.97
-7.96 -7.89 -7.85 -7.78 -7.71 -7.60 -7.51 -7.42 -7.32 -7.25 -7.20 -7.15 -7.09 -7.04 -6.97 -6.91 -6.88 -6.81 -6.72 -6.65 -6.59 -6.52 -6.45 -6.40 -6.33 -6.26 -6.17 -6.09 -6.04 -5.94 -5.89 -5.82 -5.73 -5.63 -5.54 -5.46 -5.35 -5.27 -5.16 -5.06 -4.95 -4.84 -4.72 -4.65 -4.53 -4.41 -4.33 -4.22 -4.14 -4.02 -3.90 -3.79 -3.69 -3.56 -3.42 -3.30 -3.16 -3.06 -2.94 -2.81 -2.65 -2.52 -2.36 -2.24 -2.08 -1.91 -1.73
