data/Elwha/Time-Series Data/ew11_aug_dem_5m.asc
ncols	793
nrows	424
xllcorner	295245.00
yllcorner	130095.00
cellsize	5.00
NODATA_value	-9999.00
[rows 90 to 119 of 424, columns 268 to 334 of 793]
-12.81 -12.76 -12.75 -12.74 -12.69 -12.72 -12.73 -12.65 -12.69 -12.68 -12.70 -12.75 -12.77 -12.77 -12.72 -12.66 -12.53 -12.48 -12.39 -12.31 -12.24 -12.10 -11.97 -11.91 -11.85 -11.85 -11.80 -11.75 -11.74 -11.73 -11.70 -11.66 -11.56 -11.50 -11.40 -11.34 -11.34 -11.29 -11.27 -11.20 -11.14 -11.13 -11.11 -11.12 -11.06 -11.06 -11.02 -10.99 -10.92 -10.88 -10.83 -10.78 -10.71 -10.70 -10.70 -10.69 -10.66 -10.61 -10.55 -10.50 -10.42 -10.36 -10.30 -10.26 -10.20 -10.11 -10.06
-12.69 -12.66 -12.64 -12.62 -12.62 -12.66 -12.55 -12.57 -12.61 -12.61 -12.66 -12.67 -12.67 -12.65 -12.67 -12.57 -12.48 -12.42 -12.35 -12.27 -12.13 -12.01 -11.84 -11.75 -11.71 -11.66 -11.63 -11.62 -11.67 -11.63 -11.57 -11.49 -11.40 -11.27 -11.22 -11.22 -11.18 -11.18 -11.12 -11.08 -11.04 -11.06 -10.99 -10.97 -10.97 -10.94 -10.89 -10.86 -10.84 -10.76 -10.72 -10.68 -10.65 -10.63 -10.62 -10.60 -10.57 -10.53 -10.47 -10.39 -10.36 -10.30 -10.23 -10.14 -10.08 -10.03 -9.94
-12.60 -12.56 -12.55 -12.57 -12.52 -12.48 -12.45 -12.49 -12.53 -12.54 -12.56 -12.51 -12.55 -12.51 -12.54 -12.51 -12.45 -12.36 -12.30 -12.17 -12.02 -11.88 -11.74 -11.59 -11.50 -11.49 -11.55 -11.59 -11.57 -11.51 -11.42 -11.31 -11.19 -11.11 -11.09 -11.07 -11.04 -10.98 -10.98 -10.98 -10.92 -10.90 -10.91 -10.90 -10.84 -10.78 -10.78 -10.73 -10.69 -10.65 -10.63 -10.58 -10.55 -10.55 -10.53 -10.49 -10.47 -10.43 -10.40 -10.34 -10.28 -10.19 -10.11 -10.05 -9.99 -9.91 -9.83
-12.49 -12.47 -12.49 -12.42 -12.41 -12.39 -12.39 -12.42 -12.44 -12.41 -12.39 -12.38 -12.44 -12.43 -12.44 -12.46 -12.44 -12.33 -12.20 -12.03 -11.90 -11.74 -11.60 -11.44 -11.42 -11.47 -11.52 -11.50 -11.44 -11.36 -11.22 -11.13 -11.05 -10.98 -10.94 -10.90 -10.89 -10.89 -10.85 -10.83 -10.83 -10.82 -10.79 -10.72 -10.70 -10.69 -10.64 -10.60 -10.59 -10.53 -10.51 -10.48 -10.47 -10.42 -10.42 -10.38 -10.39 -10.40 -10.31 -10.25 -10.16 -10.08 -10.00 -9.94 -9.85 -9.82 -9.74
-12.39 -12.42 -12.34 -12.32 -12.32 -12.35 -12.33 -12.32 -12.25 -12.27 -12.30 -12.32 -12.34 -12.34 -12.35 -12.41 -12.35 -12.21 -12.08 -11.89 -11.74 -11.58 -11.50 -11.42 -11.41 -11.48 -11.44 -11.38 -11.27 -11.16 -11.09 -11.00 -10.93 -10.86 -10.80 -10.78 -10.78 -10.76 -10.72 -10.75 -10.77 -10.68 -10.63 -10.61 -10.58 -10.54 -10.54 -10.51 -10.48 -10.43 -10.41 -10.36 -10.33 -10.31 -10.31 -10.31 -10.29 -10.26 -10.22 -10.11 -10.02 -9.94 -9.87 -9.81 -9.73 -9.68 -9.60
-12.32 -12.27 -12.27 -12.24 -12.27 -12.24 -12.21 -12.15 -12.17 -12.22 -12.22 -12.21 -12.24 -12.29 -12.28 -12.25 -12.19 -12.05 -11.89 -11.71 -11.59 -11.51 -11.41 -11.43 -11.43 -11.35 -11.29 -11.19 -11.11 -11.03 -10.96 -10.88 -10.82 -10.75 -10.70 -10.67 -10.66 -10.64 -10.65 -10.62 -10.56 -10.56 -10.53 -10.49 -10.49 -10.47 -10.43 -10.37 -10.35 -10.29 -10.24 -10.26 -10.21 -10.23 -10.20 -10.16 -10.13 -10.10 -10.03 -9.95 -9.88 -9.81 -9.71 -9.64 -9.61 -9.56 -9.48
-12.21 -12.19 -12.17 -12.18 -12.15 -12.12 -12.06 -12.11 -12.08 -12.09 -12.13 -12.15 -12.17 -12.16 -12.13 -12.05 -11.98 -11.84 -11.70 -11.61 -11.50 -11.42 -11.43 -11.39 -11.30 -11.22 -11.14 -11.07 -10.98 -10.91 -10.84 -10.77 -10.70 -10.65 -10.61 -10.56 -10.56 -10.56 -10.52 -10.47 -10.48 -10.47 -10.45 -10.44 -10.37 -10.32 -10.28 -10.24 -10.17 -10.18 -10.12 -10.14 -10.11 -10.06 -10.03 -10.00 -9.95 -9.90 -9.89 -9.80 -9.69 -9.63 -9.60 -9.55 -9.48 -9.41 -9.33
-12.15 -12.10 -12.08 -12.06 -12.04 -12.03 -12.01 -12.01 -12.01 -12.06 -12.07 -12.07 -12.04 -12.04 -11.95 -11.92 -11.81 -11.70 -11.61 -11.49 -11.38 -11.40 -11.32 -11.23 -11.17 -11.09 -11.00 -10.93 -10.86 -10.78 -10.73 -10.65 -10.58 -10.58 -10.52 -10.47 -10.43 -10.42 -10.39 -10.40 -10.38 -10.36 -10.27 -10.27 -10.23 -10.19 -10.12 -10.09 -10.08 -10.04 -10.02 -9.96 -9.92 -9.90 -9.87 -9.82 -9.79 -9.76 -9.70 -9.62 -9.59 -9.54 -9.47 -9.40 -9.34 -9.27 -9.22
-12.08 -12.00 -11.97 -11.94 -11.93 -11.91 -11.91 -11.95 -11.94 -11.91 -11.92 -11.96 -11.92 -11.92 -11.83 -11.74 -11.67 -11.58 -11.46 -11.38 -11.35 -11.24 -11.18 -11.12 -11.02 -10.95 -10.88 -10.81 -10.75 -10.67 -10.60 -10.57 -10.51 -10.47 -10.41 -10.36 -10.32 -10.31 -10.31 -10.29 -10.23 -10.18 -10.13 -10.08 -10.06 -10.00 -9.97 -9.96 -9.92 -9.87 -9.84 -9.81 -9.78 -9.73 -9.70 -9.67 -9.62 -9.56 -9.53 -9.51 -9.45 -9.39 -9.35 -9.28 -9.22 -9.17 -9.11
-12.02 -11.93 -11.86 -11.82 -11.81 -11.84 -11.86 -11.83 -11.88 -11.85 -11.89 -11.88 -11.87 -11.79 -11.74 -11.66 -11.53 -11.44 -11.37 -11.27 -11.19 -11.15 -11.08 -10.98 -10.91 -10.85 -10.77 -10.74 -10.60 -10.51 -10.52 -10.48 -10.38 -10.36 -10.33 -10.26 -10.25 -10.21 -10.18 -10.16 -10.11 -10.06 -10.01 -9.96 -9.89 -9.85 -9.85 -9.80 -9.81 -9.75 -9.68 -9.67 -9.62 -9.57 -9.54 -9.48 -9.47 -9.47 -9.42 -9.37 -9.34 -9.28 -9.22 -9.18 -9.13 -9.06 -9.02
-11.96 -11.86 -11.79 -11.74 -11.77 -11.74 -11.75 -11.77 -11.77 -11.78 -11.81 -11.80 -11.78 -11.69 -11.62 -11.51 -11.40 -11.36 -11.25 -11.17 -11.08 -11.04 -10.95 -10.91 -10.82 -10.72 -10.67 -10.57 -10.53 -10.48 -10.39 -10.37 -10.29 -10.27 -10.22 -10.18 -10.15 -10.13 -10.08 -10.04 -9.97 -9.92 -9.86 -9.83 -9.79 -9.74 -9.74 -9.68 -9.64 -9.60 -9.59 -9.52 -9.46 -9.41 -9.41 -9.40 -9.37 -9.35 -9.30 -9.28 -9.23 -9.18 -9.11 -9.07 -9.03 -8.97 -8.92
-11.88 -11.81 -11.72 -11.69 -11.68 -11.69 -11.70 -11.70 -11.73 -11.75 -11.87 -11.73 -11.64 -11.58 -11.50 -11.40 -11.32 -11.25 -11.19 -11.11 -11.00 -10.93 -10.86 -10.78 -10.73 -10.64 -10.52 -10.51 -10.44 -10.37 -10.29 -10.29 -10.20 -10.17 -10.13 -10.09 -10.04 -10.00 -9.96 -9.90 -9.84 -9.80 -9.75 -9.73 -9.64 -9.62 -9.57 -9.53 -9.54 -9.50 -9.44 -9.38 -9.34 -9.34 -9.33 -9.28 -9.27 -9.24 -9.19 -9.15 -9.11 -9.08 -9.05 -8.98 -8.93 -8.88 -8.84
-11.82 -11.74 -11.70 -11.65 -11.60 -11.62 -11.63 -11.64 -11.66 -11.65 -11.61 -11.58 -11.55 -11.47 -11.38 -11.32 -11.23 -11.13 -11.10 -11.00 -10.92 -10.85 -10.75 -10.71 -10.59 -10.53 -10.48 -10.34 -10.31 -10.31 -10.16 -10.15 -10.12 -10.08 -10.01 -9.97 -9.94 -9.90 -9.82 -9.80 -9.75 -9.71 -9.62 -9.56 -9.52 -9.47 -9.45 -9.46 -9.41 -9.35 -9.30 -9.27 -9.27 -9.24 -9.24 -9.19 -9.16 -9.13 -9.10 -9.08 -9.06 -8.99 -8.93 -8.91 -8.86 -8.78 -8.77
-11.76 -11.68 -11.65 -11.60 -11.56 -11.55 -11.56 -11.58 -11.56 -11.53 -11.50 -11.48 -11.43 -11.37 -11.32 -11.27 -11.13 -11.07 -10.99 -10.91 -10.82 -10.73 -10.66 -10.57 -10.52 -10.40 -10.36 -10.33 -10.20 -10.17 -10.03 -10.05 -9.97 -9.94 -9.90 -9.84 -9.80 -9.76 -9.73 -9.67 -9.59 -9.54 -9.50 -9.46 -9.42 -9.39 -9.39 -9.31 -9.29 -9.24 -9.20 -9.20 -9.17 -9.16 -9.12 -9.09 -9.10 -9.05 -9.03 -8.97 -8.92 -8.91 -8.87 -8.80 -8.77 -8.73 -8.73
-11.69 -11.64 -11.61 -11.57 -11.53 -11.48 -11.49 -11.48 -11.47 -11.45 -11.40 -11.38 -11.31 -11.25 -11.33 -11.17 -11.08 -10.98 -10.88 -10.80 -10.75 -10.65 -10.58 -10.47 -10.38 -10.35 -10.24 -10.22 -10.12 -10.06 -10.02 -9.90 -9.86 -9.82 -9.79 -9.74 -9.69 -9.66 -9.57 -9.52 -9.45 -9.44 -9.40 -9.37 -9.33 -9.30 -9.27 -9.20 -9.16 -9.15 -9.15 -9.12 -9.08 -9.07 -9.08 -9.00 -9.00 -8.95 -8.93 -8.89 -8.86 -8.79 -8.77 -8.73 -8.71 -8.68 -8.66
-11.65 -11.61 -11.58 -11.53 -11.50 -11.44 -11.40 -11.40 -11.39 -11.35 -11.31 -11.25 -11.21 -11.13 -11.13 -11.07 -10.96 -10.88 -10.82 -10.74 -10.67 -10.57 -10.47 -10.37 -10.29 -10.25 -10.20 -10.12 -10.06 -9.99 -9.88 -9.82 -9.76 -9.70 -9.67 -9.63 -9.55 -9.49 -9.45 -9.43 -9.38 -9.35 -9.30 -9.26 -9.25 -9.18 -9.15 -9.08 -9.09 -9.07 -9.04 -9.03 -9.04 -8.97 -8.97 -8.93 -8.92 -8.89 -8.85 -8.79 -8.76 -8.74 -8.64 -8.66 -8.66 -8.69 -8.69
-11.61 -11.57 -11.53 -11.49 -11.44 -11.39 -11.34 -11.33 -11.30 -11.25 -11.19 -11.20 -11.12 -11.09 -11.01 -10.95 -10.88 -10.81 -10.75 -10.67 -10.57 -10.47 -10.41 -10.31 -10.26 -10.19 -10.12 -10.03 -9.94 -9.87 -9.80 -9.69 -9.64 -9.60 -9.52 -9.46 -9.43 -9.40 -9.39 -9.33 -9.29 -9.25 -9.21 -9.16 -9.13 -9.09 -9.08 -9.04 -9.01 -9.00 -9.00 -8.96 -8.95 -8.92 -8.90 -8.88 -8.84 -8.78 -8.75 -8.73 -8.66 -8.66 -8.68 -8.65 -8.67 -8.65 -8.62
-11.57 -11.53 -11.48 -11.43 -11.38 -11.35 -11.28 -11.24 -11.19 -11.12 -11.09 -11.06 -11.00 -10.93 -10.91 -10.85 -10.82 -10.77 -10.65 -10.58 -10.49 -10.39 -10.32 -10.25 -10.15 -10.07 -10.00 -9.92 -9.84 -9.74 -9.67 -9.61 -9.50 -9.45 -9.39 -9.36 -9.39 -9.33 -9.29 -9.23 -9.19 -9.12 -9.12 -9.07 -9.07 -9.03 -9.00 -8.97 -8.96 -8.92 -8.92 -8.91 -8.86 -8.86 -8.81 -8.78 -8.74 -8.72 -8.70 -8.69 -8.67 -8.67 -8.63 -8.60 -8.58 -8.57 -8.56
-11.52 -11.47 -11.42 -11.37 -11.34 -11.28 -11.23 -11.16 -11.07 -11.04 -10.99 -10.96 -10.91 -10.87 -10.83 -10.81 -10.74 -10.63 -10.58 -10.50 -10.41 -10.36 -10.26 -10.16 -10.06 -9.96 -9.89 -9.79 -9.70 -9.65 -9.55 -9.47 -9.45 -9.36 -9.35 -9.35 -9.26 -9.22 -9.17 -9.13 -9.12 -9.06 -9.05 -9.02 -9.00 -8.96 -8.98 -8.85 -8.88 -8.87 -8.82 -8.83 -8.78 -8.74 -8.71 -8.71 -8.69 -8.69 -8.67 -8.63 -8.64 -8.60 -8.57 -8.54 -8.54 -8.52 -8.51
-11.46 -11.41 -11.37 -11.32 -11.30 -11.22 -11.12 -11.06 -11.00 -10.99 -10.91 -10.88 -10.83 -10.80 -10.76 -10.70 -10.65 -10.60 -10.50 -10.40 -10.38 -10.25 -10.15 -10.05 -9.96 -9.84 -9.75 -9.69 -9.61 -9.53 -9.49 -9.42 -9.33 -9.31 -9.28 -9.22 -9.17 -9.13 -9.11 -9.05 -9.05 -9.01 -9.01 -8.95 -8.94 -8.91 -8.88 -8.84 -8.83 -8.80 -8.75 -8.71 -8.67 -8.69 -8.66 -8.65 -8.63 -8.68 -8.65 -8.61 -8.57 -8.55 -8.52 -8.52 -8.53 -8.51 -8.50
-11.39 -11.37 -11.31 -11.30 -11.22 -11.12 -11.07 -11.03 -10.93 -10.88 -10.85 -10.80 -10.76 -10.70 -10.64 -10.61 -10.54 -10.49 -10.47 -10.37 -10.23 -10.15 -10.04 -9.96 -9.83 -9.74 -9.66 -9.59 -9.52 -9.46 -9.41 -9.37 -9.29 -9.25 -9.19 -9.13 -9.10 -9.05 -9.04 -9.01 -8.99 -8.95 -8.92 -8.91 -8.89 -8.83 -8.82 -8.76 -8.73 -8.70 -8.64 -8.64 -8.61 -8.61 -8.59 -8.63 -8.62 -8.57 -8.59 -8.55 -8.54 -8.52 -8.51 -8.50 -8.48 -8.47 -8.40
-11.37 -11.31 -11.30 -11.19 -11.15 -11.11 -11.02 -10.96 -10.90 -10.80 -10.77 -10.71 -10.68 -10.64 -10.58 -10.52 -10.45 -10.44 -10.35 -10.24 -10.13 -10.05 -9.92 -9.82 -9.72 -9.65 -9.56 -9.49 -9.43 -9.37 -9.33 -9.28 -9.24 -9.17 -9.11 -9.07 -9.04 -9.00 -8.98 -8.95 -8.93 -8.91 -8.89 -8.82 -8.81 -8.75 -8.71 -8.69 -8.63 -8.61 -8.58 -8.57 -8.55 -8.56 -8.55 -8.51 -8.52 -8.53 -8.54 -8.51 -8.49 -8.49 -8.46 -8.42 -8.40 -8.38 -8.38
-11.34 -11.27 -11.22 -11.19 -11.09 -11.03 -10.96 -10.91 -10.85 -10.74 -10.67 -10.64 -10.58 -10.52 -10.45 -10.41 -10.38 -10.29 -10.20 -10.11 -10.05 -9.92 -9.80 -9.71 -9.63 -9.57 -9.47 -9.43 -9.36 -9.31 -9.27 -9.22 -9.16 -9.12 -9.06 -8.98 -8.97 -8.95 -8.93 -8.89 -8.88 -8.83 -8.79 -8.75 -8.70 -8.68 -8.63 -8.57 -8.55 -8.53 -8.54 -8.50 -8.48 -8.45 -8.46 -8.47 -8.48 -8.48 -8.46 -8.47 -8.46 -8.41 -8.40 -8.36 -8.37 -8.33 -8.35
-11.28 -11.26 -11.17 -11.11 -11.06 -11.01 -10.94 -10.85 -10.76 -10.70 -10.63 -10.54 -10.47 -10.41 -10.36 -10.32 -10.22 -10.15 -10.07 -9.96 -9.91 -9.79 -9.70 -9.63 -9.53 -9.48 -9.40 -9.38 -9.29 -9.26 -9.22 -9.16 -9.11 -9.04 -8.99 -8.98 -8.91 -8.89 -8.87 -8.82 -8.80 -8.75 -8.68 -8.67 -8.60 -8.57 -8.53 -8.49 -8.47 -8.47 -8.46 -8.42 -8.42 -8.43 -8.40 -8.39 -8.37 -8.41 -8.42 -8.42 -8.39 -8.35 -8.35 -8.33 -8.32 -8.32 -8.32
-11.27 -11.17 -11.14 -11.06 -11.03 -10.95 -10.87 -10.80 -10.72 -10.63 -10.50 -10.42 -10.37 -10.30 -10.26 -10.19 -10.12 -10.04 -9.93 -9.87 -9.75 -9.70 -9.60 -9.51 -9.46 -9.39 -9.35 -9.28 -9.26 -9.21 -9.16 -9.11 -9.03 -8.99 -8.96 -8.94 -8.84 -8.78 -8.80 -8.76 -8.68 -8.68 -8.62 -8.58 -8.51 -8.48 -8.42 -8.41 -8.40 -8.39 -8.35 -8.31 -8.31 -8.29 -8.28 -8.33 -8.35 -8.36 -8.33 -8.32 -8.33 -8.31 -8.29 -8.27 -8.25 -8.25 -8.26
-11.18 -11.12 -11.12 -11.06 -10.96 -10.90 -10.79 -10.73 -10.65 -10.51 -10.43 -10.36 -10.25 -10.19 -10.16 -10.07 -10.00 -9.92 -9.82 -9.74 -9.66 -9.56 -9.50 -9.44 -9.38 -9.31 -9.27 -9.25 -9.19 -9.16 -9.09 -9.02 -9.00 -8.91 -8.89 -8.83 -8.78 -8.73 -8.70 -8.68 -8.62 -8.60 -8.53 -8.50 -8.45 -8.37 -8.33 -8.33 -8.32 -8.28 -8.28 -8.23 -8.15 -8.21 -8.27 -8.30 -8.24 -8.23 -8.27 -8.26 -8.26 -8.22 -8.21 -8.19 -8.18 -8.18 -8.23
-11.13 -11.10 -11.06 -10.99 -10.95 -10.81 -10.75 -10.63 -10.54 -10.44 -10.35 -10.26 -10.19 -10.11 -10.04 -9.97 -9.87 -9.81 -9.73 -9.64 -9.54 -9.46 -9.42 -9.35 -9.28 -9.25 -9.21 -9.16 -9.10 -9.09 -9.02 -8.96 -8.92 -8.88 -8.81 -8.78 -8.71 -8.66 -8.64 -8.63 -8.56 -8.52 -8.47 -8.39 -8.36 -8.28 -8.27 -8.27 -8.26 -8.21 -8.20 -8.12 -8.21 -8.23 -8.16 -8.14 -8.18 -8.19 -8.19 -8.16 -8.17 -8.13 -8.10 -8.05 -8.12 -8.15 -8.18
-11.07 -11.03 -11.04 -10.87 -10.81 -10.77 -10.60 -10.53 -10.44 -10.36 -10.26 -10.19 -10.10 -10.02 -9.94 -9.83 -9.81 -9.68 -9.63 -9.55 -9.46 -9.42 -9.34 -9.28 -9.25 -9.17 -9.15 -9.10 -9.04 -9.00 -8.93 -8.91 -8.87 -8.80 -8.77 -8.69 -8.67 -8.68 -8.60 -8.53 -8.49 -8.45 -8.39 -8.32 -8.27 -8.25 -8.23 -8.21 -8.19 -8.14 -8.16 -8.14 -8.13 -8.09 -8.11 -8.12 -8.12 -8.09 -8.10 -8.09 -8.07 -7.98 -7.99 -8.07 -8.09 -8.12 -8.17
-10.99 -10.96 -11.00 -10.86 -10.80 -10.63 -10.54 -10.44 -10.35 -10.26 -10.20 -10.08 -10.01 -9.92 -9.84 -9.79 -9.66 -9.62 -9.53 -9.47 -9.41 -9.34 -9.27 -9.23 -9.18 -9.11 -9.04 -9.04 -8.98 -8.94 -8.91 -8.85 -8.82 -8.74 -8.70 -8.65 -8.61 -8.55 -8.52 -8.39 -8.40 -8.38 -8.29 -8.26 -8.24 -8.24 -8.22 -8.16 -8.10 -8.08 -8.10 -8.07 -8.05 -8.06 -8.04 -8.02 -8.04 -8.05 -8.05 -7.93 -7.92 -7.96 -8.00 -8.02 -8.05 -8.07 -8.06
-10.91 -10.89 -10.86 -10.73 -10.66 -10.54 -10.44 -10.38 -10.25 -10.20 -10.08 -9.99 -9.90 -9.84 -9.76 -9.65 -9.60 -9.52 -9.46 -9.40 -9.34 -9.29 -9.20 -9.18 -9.15 -9.06 -9.03 -8.97 -8.92 -8.88 -8.84 -8.80 -8.73 -8.68 -8.64 -8.58 -8.53 -8.48 -8.39 -8.38 -8.35 -8.25 -8.26 -8.23 -8.24 -8.22 -8.17 -8.11 -8.06 -8.05 -8.01 -8.02 -8.02 -7.99 -8.01 -8.02 -8.03 -7.97 -7.93 -7.95 -7.96 -7.93 -7.92 -7.95 -7.95 -7.92 -7.95
