data/Elwha/Time-Series Data/ew11_aug_dem_5m.asc
ncols	793
nrows	424
xllcorner	295245.00
yllcorner	130095.00
cellsize	5.00
NODATA_value	-9999.00
[rows 30 to 59 of 424, columns 536 to 602 of 793]
-11.07 -11.08 -11.11 -11.14 -11.15 -11.15 -11.12 -11.10 -11.08 -11.04 -10.99 -11.01 -10.99 -10.99 -11.02 -11.02 -11.02 -11.00 -11.01 -11.04 -11.09 -11.13 -11.19 -11.11 -11.12 -11.11 -11.11 -11.10 -11.08 -11.09 -11.09 -11.09 -11.08 -11.04 -11.05 -11.05 -11.04 -11.05 -11.04 -11.02 -10.99 -10.98 -10.97 -10.95 -9999.00 -9999.00 -9999.00 -9999.00 -9999.00 -9999.00 -9999.00 -9999.00 -9999.00 -9999.00 -9999.00 -9999.00 -9999.00 -9999.00 -9999.00 -9999.00 -9999.00 -9999.00 -9999.00 -9999.00 -9999.00 -9999.00 -9999.00
-11.06 -11.07 -11.06 -11.06 -11.08 -11.11 -11.09 -11.05 -11.01 -11.04 -10.98 -10.98 -10.99 -11.00 -11.02 -11.03 -11.03 -11.04 -11.04 -11.04 -11.04 -11.04 -11.08 -11.06 -11.06 -11.03 -11.01 -11.04 -11.05 -11.04 -11.03 -11.04 -11.02 -11.03 -11.01 -10.99 -10.98 -11.00 -11.00 -11.00 -10.97 -10.92 -10.89 -10.87 -10.85 -10.83 -9999.00 -9999.00 -9999.00 -9999.00 -9999.00 -9999.00 -9999.00 -9999.00 -9999.00 -9999.00 -9999.00 -9999.00 -9999.00 -9999.00 -9999.00 -9999.00 -9999.00 -9999.00 -9999.00 -9999.00 -9999.00
-11.02 -11.03 -11.01 -11.04 -11.04 -11.04 -11.02 -11.01 -10.98 -10.96 -10.95 -10.97 -10.97 -10.97 -10.97 -10.98 -11.00 -11.03 -11.05 -11.06 -11.06 -11.06 -11.01 -11.00 -10.99 -10.97 -10.96 -10.98 -10.98 -10.99 -10.99 -10.99 -10.97 -10.97 -10.96 -10.97 -10.95 -10.95 -10.94 -10.94 -10.92 -10.92 -10.87 -10.82 -10.79 -10.78 -10.79 -10.76 -10.76 -9999.00 -9999.00 -9999.00 -9999.00 -9999.00 -9999.00 -9999.00 -9999.00 -9999.00 -9999.00 -9999.00 -9999.00 -9999.00 -9999.00 -9999.00 -9999.00 -9999.00 -9999.00
-11.00 -10.99 -10.94 -10.96 -10.98 -10.99 -10.98 -10.97 -10.96 -10.96 -10.94 -10.94 -10.94 -10.93 -10.92 -10.98 -10.96 -10.97 -10.98 -11.01 -11.03 -10.98 -10.98 -10.96 -10.93 -10.90 -10.91 -10.92 -10.92 -10.92 -10.93 -10.93 -10.93 -10.94 -10.92 -10.91 -10.90 -10.91 -10.88 -10.88 -10.85 -10.85 -10.83 -10.80 -10.76 -10.69 -10.69 -10.70 -10.71 -10.73 -10.70 -9999.00 -9999.00 -9999.00 -9999.00 -9999.00 -9999.00 -9999.00 -9999.00 -9999.00 -9999.00 -9999.00 -9999.00 -9999.00 -9999.00 -9999.00 -9999.00
-10.98 -10.98 -10.95 -10.94 -10.92 -10.89 -10.90 -10.90 -10.89 -10.88 -10.92 -10.95 -10.93 -10.94 -10.93 -10.92 -10.91 -10.90 -10.89 -10.95 -10.94 -10.95 -10.95 -10.91 -10.87 -10.85 -10.86 -10.84 -10.82 -10.83 -10.85 -10.89 -10.88 -10.88 -10.88 -10.88 -10.86 -10.86 -10.83 -10.83 -10.80 -10.78 -10.76 -10.75 -10.74 -10.67 -10.67 -10.64 -10.64 -10.64 -10.64 -10.64 -9999.00 -9999.00 -9999.00 -9999.00 -9999.00 -9999.00 -9999.00 -9999.00 -9999.00 -9999.00 -9999.00 -9999.00 -9999.00 -9999.00 -9999.00
-10.93 -10.94 -10.96 -10.94 -10.91 -10.88 -10.86 -10.84 -10.83 -10.84 -10.86 -10.89 -10.89 -10.94 -10.92 -10.93 -10.92 -10.91 -10.90 -10.89 -10.87 -10.82 -10.84 -10.84 -10.85 -10.82 -10.82 -10.82 -10.82 -10.83 -10.83 -10.81 -10.80 -10.81 -10.80 -10.84 -10.86 -10.84 -10.80 -10.77 -10.78 -10.73 -10.72 -10.70 -10.70 -10.67 -10.63 -10.63 -10.61 -10.60 -10.60 -10.60 -10.60 -10.62 -9999.00 -9999.00 -9999.00 -9999.00 -9999.00 -9999.00 -9999.00 -9999.00 -9999.00 -9999.00 -9999.00 -9999.00 -9999.00
-10.86 -10.89 -10.90 -10.90 -10.89 -10.88 -10.86 -10.84 -10.81 -10.81 -10.82 -10.85 -10.84 -10.88 -10.90 -10.91 -10.92 -10.91 -10.90 -10.89 -10.84 -10.78 -10.75 -10.74 -10.72 -10.76 -10.77 -10.77 -10.77 -10.78 -10.80 -10.80 -10.80 -10.80 -10.80 -10.79 -10.78 -10.77 -10.74 -10.74 -10.71 -10.70 -10.67 -10.65 -10.61 -10.62 -10.61 -10.61 -10.57 -10.56 -10.55 -10.55 -10.55 -10.56 -10.56 -10.58 -9999.00 -9999.00 -9999.00 -9999.00 -9999.00 -9999.00 -9999.00 -9999.00 -9999.00 -9999.00 -9999.00
-10.83 -10.84 -10.84 -10.87 -10.87 -10.85 -10.84 -10.83 -10.78 -10.80 -10.81 -10.83 -10.82 -10.83 -10.82 -10.86 -10.89 -10.91 -10.91 -10.89 -10.81 -10.74 -10.73 -10.68 -10.65 -10.65 -10.69 -10.72 -10.72 -10.72 -10.70 -10.74 -10.75 -10.75 -10.78 -10.77 -10.77 -10.73 -10.70 -10.68 -10.64 -10.64 -10.64 -10.59 -10.58 -10.53 -10.55 -10.54 -10.53 -10.52 -10.51 -10.50 -10.49 -10.50 -10.50 -10.50 -10.49 -9999.00 -9999.00 -9999.00 -9999.00 -9999.00 -9999.00 -9999.00 -9999.00 -9999.00 -9999.00
-10.80 -10.84 -10.83 -10.82 -10.83 -10.83 -10.82 -10.80 -10.78 -10.80 -10.83 -10.77 -10.77 -10.79 -10.81 -10.83 -10.84 -10.85 -10.87 -10.84 -10.78 -10.70 -10.66 -10.61 -10.60 -10.59 -10.59 -10.62 -10.66 -10.67 -10.66 -10.67 -10.67 -10.69 -10.70 -10.71 -10.70 -10.71 -10.67 -10.62 -10.61 -10.58 -10.57 -10.57 -10.53 -10.52 -10.51 -10.44 -10.47 -10.46 -10.45 -10.45 -10.43 -10.42 -10.46 -10.47 -10.49 -10.47 -10.48 -9999.00 -9999.00 -9999.00 -9999.00 -9999.00 -9999.00 -9999.00 -9999.00
-10.81 -10.79 -10.77 -10.75 -10.76 -10.77 -10.73 -10.77 -10.80 -10.77 -10.76 -10.76 -10.77 -10.74 -10.74 -10.76 -10.78 -10.80 -10.75 -10.73 -10.70 -10.66 -10.61 -10.56 -10.57 -10.57 -10.56 -10.55 -10.57 -10.59 -10.60 -10.61 -10.60 -10.61 -10.64 -10.63 -10.64 -10.64 -10.60 -10.59 -10.56 -10.52 -10.53 -10.49 -10.48 -10.48 -10.44 -10.44 -10.41 -10.37 -10.39 -10.35 -10.34 -10.39 -10.40 -10.39 -10.38 -10.42 -10.41 -10.39 -10.41 -9999.00 -9999.00 -9999.00 -9999.00 -9999.00 -9999.00
-10.81 -10.80 -10.82 -10.75 -10.71 -10.70 -10.73 -10.76 -10.75 -10.71 -10.77 -10.75 -10.74 -10.74 -10.73 -10.74 -10.70 -10.72 -10.69 -10.70 -10.65 -10.56 -10.55 -10.56 -10.55 -10.54 -10.53 -10.52 -10.52 -10.51 -10.53 -10.55 -10.56 -10.56 -10.53 -10.56 -10.56 -10.54 -10.54 -10.52 -10.49 -10.50 -10.47 -10.44 -10.44 -10.42 -10.42 -10.37 -10.39 -10.36 -10.32 -10.35 -10.35 -10.31 -10.32 -10.34 -10.37 -10.35 -10.33 -10.34 -10.34 -10.31 -9999.00 -9999.00 -9999.00 -9999.00 -9999.00
-10.78 -10.81 -10.76 -10.73 -10.76 -10.74 -10.64 -10.64 -10.64 -10.74 -10.74 -10.72 -10.74 -10.73 -10.72 -10.72 -10.71 -10.63 -10.61 -10.58 -10.59 -10.58 -10.56 -10.53 -10.52 -10.50 -10.50 -10.50 -10.49 -10.48 -10.47 -10.48 -10.53 -10.49 -10.52 -10.50 -10.47 -10.49 -10.47 -10.45 -10.41 -10.41 -10.42 -10.40 -10.39 -10.36 -10.35 -10.35 -10.35 -10.30 -10.30 -10.32 -10.30 -10.32 -10.32 -10.31 -10.28 -10.30 -10.30 -10.30 -10.27 -10.26 -10.26 -10.23 -9999.00 -9999.00 -9999.00
-10.74 -10.78 -10.77 -10.74 -10.70 -10.66 -10.63 -10.61 -10.62 -10.60 -10.61 -10.61 -10.71 -10.73 -10.72 -10.71 -10.71 -10.58 -10.55 -10.53 -10.50 -10.49 -10.49 -10.50 -10.46 -10.47 -10.48 -10.47 -10.47 -10.46 -10.44 -10.44 -10.43 -10.45 -10.46 -10.44 -10.43 -10.40 -10.41 -10.41 -10.37 -10.34 -10.33 -10.33 -10.34 -10.32 -10.31 -10.29 -10.26 -10.27 -10.27 -10.26 -10.24 -10.29 -10.27 -10.24 -10.20 -10.23 -10.23 -10.22 -10.23 -10.25 -10.20 -10.18 -10.20 -10.18 -9999.00
-10.70 -10.71 -10.70 -10.70 -10.67 -10.67 -10.68 -10.67 -10.66 -10.66 -10.66 -10.61 -10.57 -10.58 -10.58 -10.68 -10.65 -10.60 -10.54 -10.52 -10.51 -10.46 -10.40 -10.40 -10.44 -10.44 -10.43 -10.42 -10.42 -10.43 -10.42 -10.42 -10.42 -10.41 -10.40 -10.40 -10.39 -10.37 -10.34 -10.29 -10.34 -10.34 -10.30 -10.27 -10.26 -10.26 -10.25 -10.24 -10.23 -10.22 -10.24 -10.24 -10.20 -10.21 -10.18 -10.18 -10.12 -10.18 -10.15 -10.17 -10.18 -10.14 -10.16 -10.18 -10.12 -10.10 -10.11
-10.62 -10.62 -10.63 -10.64 -10.63 -10.70 -10.59 -10.59 -10.60 -10.62 -10.63 -10.64 -10.63 -10.62 -10.59 -10.59 -10.54 -10.55 -10.52 -10.48 -10.47 -10.42 -10.41 -10.41 -10.39 -10.37 -10.39 -10.40 -10.39 -10.38 -10.40 -10.39 -10.38 -10.40 -10.39 -10.34 -10.34 -10.35 -10.31 -10.30 -10.29 -10.27 -10.27 -10.27 -10.23 -10.19 -10.19 -10.19 -10.17 -10.17 -10.18 -10.24 -10.18 -10.19 -10.14 -10.20 -10.14 -10.12 -10.10 -10.11 -10.11 -10.12 -10.09 -10.08 -10.09 -10.09 -10.09
-10.64 -10.63 -10.58 -10.56 -10.55 -10.59 -10.59 -10.57 -10.56 -10.54 -10.52 -10.52 -10.51 -10.53 -10.54 -10.56 -10.54 -10.50 -10.47 -10.44 -10.42 -10.39 -10.38 -10.38 -10.37 -10.38 -10.36 -10.35 -10.37 -10.37 -10.36 -10.32 -10.36 -10.36 -10.34 -10.35 -10.34 -10.30 -10.30 -10.28 -10.22 -10.24 -10.21 -10.20 -10.19 -10.19 -10.17 -10.11 -10.13 -10.14 -10.14 -10.15 -10.16 -10.15 -10.08 -10.08 -10.08 -10.11 -10.08 -10.04 -10.05 -10.05 -10.03 -10.05 -10.02 -10.02 -10.01
-10.61 -10.58 -10.56 -10.59 -10.57 -10.52 -10.52 -10.52 -10.52 -10.52 -10.51 -10.51 -10.52 -10.50 -10.49 -10.49 -10.48 -10.45 -10.42 -10.42 -10.36 -10.34 -10.41 -10.36 -10.33 -10.33 -10.33 -10.36 -10.35 -10.32 -10.34 -10.33 -10.33 -10.27 -10.32 -10.32 -10.30 -10.29 -10.27 -10.19 -10.21 -10.21 -10.19 -10.15 -10.15 -10.12 -10.11 -10.13 -10.14 -10.12 -10.10 -10.08 -10.10 -10.03 -10.19 -10.09 -10.05 -10.04 -10.00 -10.02 -10.01 -9.99 -9.97 -9.96 -9.98 -9.96 -9.95
-10.52 -10.55 -10.52 -10.51 -10.48 -10.49 -10.52 -10.46 -10.45 -10.46 -10.46 -10.46 -10.46 -10.46 -10.46 -10.46 -10.45 -10.43 -10.41 -10.37 -10.34 -10.28 -10.29 -10.31 -10.34 -10.31 -10.30 -10.29 -10.26 -10.29 -10.33 -10.33 -10.30 -10.28 -10.27 -10.26 -10.28 -10.28 -10.28 -10.22 -10.18 -10.14 -10.13 -10.11 -10.11 -10.10 -10.08 -10.09 -10.10 -10.12 -10.10 -10.04 -10.04 -10.01 -10.03 -9.99 -10.08 -9.98 -10.00 -9.99 -9.96 -9.96 -9.96 -9.93 -9.95 -9.95 -9.94
-10.49 -10.48 -10.47 -10.48 -10.47 -10.45 -10.43 -10.41 -10.47 -10.40 -10.39 -10.39 -10.41 -10.41 -10.41 -10.41 -10.36 -10.32 -10.31 -10.32 -10.29 -10.27 -10.27 -10.23 -10.24 -10.28 -10.29 -10.26 -10.26 -10.23 -10.22 -10.23 -10.29 -10.27 -10.24 -10.24 -10.23 -10.23 -10.21 -10.23 -10.17 -10.12 -10.10 -10.08 -10.06 -10.06 -10.05 -10.06 -10.09 -10.11 -10.11 -10.10 -10.10 -10.02 -10.02 -10.01 -9.98 -9.97 -9.97 -9.94 -9.98 -9.96 -9.93 -9.90 -9.91 -9.90 -9.89
-10.43 -10.43 -10.40 -10.38 -10.38 -10.37 -10.36 -10.36 -10.34 -10.34 -10.39 -10.34 -10.32 -10.32 -10.33 -10.35 -10.31 -10.30 -10.24 -10.24 -10.24 -10.24 -10.22 -10.20 -10.20 -10.18 -10.20 -10.22 -10.22 -10.21 -10.22 -10.18 -10.17 -10.20 -10.19 -10.20 -10.18 -10.20 -10.17 -10.15 -10.13 -10.13 -10.09 -10.04 -10.05 -10.03 -10.05 -10.07 -10.10 -10.09 -10.11 -10.16 -10.06 -10.02 -10.04 -10.00 -9.99 -9.98 -9.93 -9.93 -9.93 -9.95 -9.91 -9.93 -9.90 -9.85 -9.84
-10.33 -10.30 -10.35 -10.33 -10.29 -10.29 -10.26 -10.27 -10.27 -10.26 -10.26 -10.24 -10.30 -10.28 -10.26 -10.25 -10.24 -10.23 -10.21 -10.19 -10.18 -10.17 -10.17 -10.18 -10.16 -10.13 -10.14 -10.14 -10.14 -10.16 -10.15 -10.14 -10.17 -10.14 -10.08 -10.16 -10.15 -10.16 -10.14 -10.11 -10.08 -10.06 -10.06 -10.04 -10.03 -9.96 -10.07 -10.05 -10.08 -10.09 -10.12 -10.11 -10.06 -10.08 -9.99 -9.96 -10.00 -9.98 -9.94 -9.92 -9.91 -9.90 -9.90 -9.90 -9.88 -9.87 -9.85
-10.19 -10.24 -10.22 -10.22 -10.23 -10.18 -10.17 -10.17 -10.16 -10.16 -10.16 -10.16 -10.16 -10.14 -10.21 -10.19 -10.13 -10.13 -10.12 -10.14 -10.14 -10.13 -10.12 -10.11 -10.11 -10.12 -10.09 -10.05 -10.09 -10.10 -10.10 -10.10 -10.08 -10.06 -10.10 -10.09 -10.04 -10.11 -10.07 -10.07 -10.06 -10.02 -10.00 -9.97 -9.98 -9.95 -10.01 -10.05 -10.04 -10.02 -10.03 -10.03 -10.03 -10.02 -9.97 -9.99 -9.93 -9.92 -10.00 -9.93 -9.88 -9.87 -9.88 -9.87 -9.85 -9.84 -9.83
-10.12 -10.07 -10.11 -10.13 -10.13 -10.07 -10.08 -10.06 -10.04 -10.05 -10.04 -10.05 -10.05 -10.05 -10.05 -10.09 -10.08 -10.04 -10.05 -10.05 -10.06 -10.06 -10.07 -10.07 -10.06 -10.04 -10.04 -10.05 -10.03 -9.99 -10.02 -10.05 -10.04 -10.01 -10.01 -9.97 -10.00 -9.99 -9.98 -10.02 -10.00 -9.99 -9.99 -9.93 -9.91 -9.96 -9.99 -10.00 -10.03 -10.10 -9.97 -9.98 -9.97 -9.93 -9.95 -9.92 -9.90 -9.90 -9.89 -9.90 -9.93 -9.89 -9.81 -9.84 -9.82 -9.80 -9.79
-9.98 -9.97 -10.00 -9.97 -9.96 -9.95 -9.98 -9.97 -9.92 -9.93 -9.91 -9.91 -9.92 -9.93 -9.93 -9.94 -9.95 -9.91 -9.92 -9.96 -9.96 -9.98 -9.99 -9.99 -10.00 -10.00 -10.00 -9.99 -9.97 -10.04 -9.97 -9.95 -9.95 -9.98 -9.96 -9.92 -9.93 -9.96 -9.94 -9.94 -9.92 -9.95 -9.93 -9.91 -9.90 -9.96 -9.93 -9.99 -9.97 -10.09 -9.93 -9.99 -9.93 -9.92 -9.93 -9.84 -9.87 -9.86 -9.82 -9.84 -9.85 -9.88 -9.87 -9.83 -9.78 -9.77 -9.75
-9.86 -9.88 -9.89 -9.87 -9.85 -9.83 -9.82 -9.80 -9.79 -9.81 -9.81 -9.78 -9.78 -9.78 -9.83 -9.80 -9.82 -9.81 -9.84 -9.83 -9.89 -9.90 -9.89 -9.91 -9.91 -9.93 -9.92 -9.92 -9.94 -9.94 -9.88 -9.93 -9.93 -9.90 -9.90 -9.89 -9.86 -9.90 -9.89 -9.88 -9.90 -9.90 -9.87 -9.87 -9.91 -9.92 -9.90 -9.91 -9.93 -9.94 -9.94 -9.98 -9.90 -9.88 -9.89 -9.87 -9.89 -9.78 -9.81 -9.79 -9.76 -9.77 -9.79 -9.82 -9.80 -9.77 -9.72
-9.77 -9.77 -9.76 -9.73 -9.72 -9.70 -9.68 -9.69 -9.67 -9.66 -9.64 -9.62 -9.64 -9.65 -9.68 -9.70 -9.71 -9.68 -9.71 -9.73 -9.78 -9.78 -9.84 -9.83 -9.83 -9.83 -9.85 -9.83 -9.88 -9.82 -9.85 -9.84 -9.83 -9.83 -9.84 -9.86 -9.86 -9.84 -9.80 -9.86 -9.85 -9.85 -9.83 -9.85 -9.87 -9.85 -9.85 -9.87 -9.90 -9.95 -9.89 -9.87 -9.86 -9.87 -9.88 -9.82 -9.80 -9.80 -9.80 -9.78 -9.76 -9.73 -9.74 -9.74 -9.74 -9.76 -9.75
-9.65 -9.63 -9.64 -9.63 -9.60 -9.58 -9.56 -9.55 -9.52 -9.50 -9.48 -9.51 -9.50 -9.53 -9.54 -9.57 -9.59 -9.58 -9.61 -9.62 -9.68 -9.69 -9.73 -9.74 -9.77 -9.77 -9.77 -9.76 -9.79 -9.76 -9.79 -9.79 -9.73 -9.77 -9.75 -9.78 -9.79 -9.79 -9.81 -9.79 -9.81 -9.82 -9.81 -9.79 -9.82 -9.82 -9.88 -9.83 -9.81 -9.83 -9.84 -9.88 -9.84 -9.80 -9.79 -9.81 -9.81 -9.77 -9.74 -9.70 -9.70 -9.73 -9.70 -9.67 -9.69 -9.68 -9.68
-9.51 -9.55 -9.50 -9.44 -9.48 -9.45 -9.45 -9.43 -9.42 -9.39 -9.37 -9.34 -9.33 -9.39 -9.42 -9.48 -9.50 -9.52 -9.53 -9.56 -9.58 -9.59 -9.64 -9.68 -9.68 -9.70 -9.70 -9.72 -9.74 -9.68 -9.68 -9.68 -9.70 -9.68 -9.66 -9.70 -9.71 -9.74 -9.76 -9.76 -9.75 -9.72 -9.78 -9.73 -9.77 -9.78 -9.79 -9.79 -9.77 -9.76 -9.78 -9.77 -9.78 -9.78 -9.79 -9.76 -9.73 -9.72 -9.72 -9.71 -9.68 -9.63 -9.65 -9.66 -9.63 -9.61 -9.64
-9.47 -9.45 -9.43 -9.41 -9.34 -9.33 -9.33 -9.30 -9.30 -9.28 -9.26 -9.24 -9.26 -9.30 -9.33 -9.36 -9.41 -9.44 -9.46 -9.49 -9.51 -9.53 -9.55 -9.56 -9.61 -9.64 -9.64 -9.64 -9.64 -9.63 -9.64 -9.61 -9.60 -9.61 -9.63 -9.63 -9.63 -9.66 -9.69 -9.70 -9.71 -9.72 -9.73 -9.72 -9.72 -9.76 -9.77 -9.77 -9.71 -9.74 -9.74 -9.71 -9.74 -9.72 -9.71 -9.68 -9.70 -9.69 -9.67 -9.65 -9.63 -9.63 -9.63 -9.59 -9.60 -9.58 -9.57
-9.37 -9.36 -9.36 -9.31 -9.29 -9.27 -9.21 -9.20 -9.17 -9.17 -9.15 -9.12 -9.14 -9.19 -9.23 -9.27 -9.30 -9.35 -9.38 -9.41 -9.43 -9.46 -9.48 -9.50 -9.53 -9.53 -9.56 -9.57 -9.57 -9.57 -9.57 -9.56 -9.55 -9.56 -9.58 -9.59 -9.61 -9.62 -9.61 -9.63 -9.64 -9.66 -9.69 -9.69 -9.73 -9.67 -9.70 -9.70 -9.69 -9.70 -9.67 -9.67 -9.70 -9.71 -9.70 -9.69 -9.63 -9.62 -9.62 -9.60 -9.58 -9.58 -9.57 -9.57 -9.56 -9.56 -9.55
