data/Elwha/Time-Series Data/ew12_may_dem_5m.asc
ncols	787
nrows	427
xllcorner	295235.00
yllcorner	130095.00
cellsize	5.00
NODATA_value	-9999.00
[rows 30 to 59 of 427, columns 396 to 461 of 787]
-13.80 -13.55 -13.29 -13.04 -12.76 -12.51 -12.20 -11.88 -11.76 -11.72 -11.67 -11.56 -11.45 -11.31 -11.17 -11.03 -10.96 -11.00 -11.05 -11.10 -11.15 -11.20 -11.24 -11.29 -11.29 -11.28 -11.28 -11.28 -11.28 -11.28 -11.28 -11.29 -11.26 -11.21 -11.17 -11.12 -11.07 -11.02 -11.00 -10.99 -11.00 -10.99 -10.98 -10.96 -10.95 -10.93 -10.91 -10.88 -10.92 -10.97 -11.03 -11.08 -11.13 -11.18 -11.23 -11.28 -11.31 -11.29 -11.27 -11.25 -11.24 -11.24 -11.23 -11.20 -11.18 -11.16
-13.83 -13.56 -13.27 -13.00 -12.70 -12.44 -12.28 -12.06 -11.91 -11.75 -11.61 -11.49 -11.36 -11.21 -10.98 -10.86 -10.73 -10.79 -10.85 -10.91 -10.98 -11.04 -11.10 -11.16 -11.21 -11.21 -11.21 -11.21 -11.21 -11.20 -11.20 -11.20 -11.18 -11.16 -11.13 -11.11 -11.08 -11.06 -11.05 -11.03 -11.02 -11.02 -11.01 -10.98 -10.96 -10.93 -10.90 -10.87 -10.92 -10.98 -11.02 -11.07 -11.11 -11.16 -11.21 -11.25 -11.26 -11.25 -11.24 -11.23 -11.22 -11.21 -11.20 -11.19 -11.18 -11.16
-13.79 -13.50 -13.22 -12.99 -12.74 -12.53 -12.27 -12.05 -11.80 -11.63 -11.44 -11.36 -11.23 -11.09 -10.94 -10.83 -10.73 -10.81 -10.90 -10.97 -11.03 -11.10 -11.15 -11.17 -11.18 -11.17 -11.15 -11.13 -11.13 -11.12 -11.15 -11.17 -11.18 -11.16 -11.12 -11.07 -11.03 -11.02 -11.01 -10.99 -11.01 -10.99 -10.96 -10.93 -10.88 -10.85 -10.83 -10.79 -10.84 -10.89 -10.94 -10.99 -11.03 -11.08 -11.13 -11.18 -11.20 -11.19 -11.18 -11.18 -11.17 -11.17 -11.16 -11.15 -11.14 -11.13
-13.60 -13.43 -13.20 -12.97 -12.73 -12.43 -12.18 -11.98 -11.63 -11.55 -11.47 -11.38 -11.23 -11.13 -11.07 -11.01 -10.94 -10.98 -11.02 -11.07 -11.05 -11.04 -11.02 -11.01 -10.99 -11.00 -11.02 -11.03 -11.05 -11.06 -11.07 -11.09 -11.08 -11.07 -11.05 -11.04 -11.02 -11.04 -11.03 -11.07 -11.03 -10.99 -10.96 -10.92 -10.87 -10.84 -10.80 -10.76 -10.81 -10.86 -10.92 -10.97 -11.01 -11.05 -11.10 -11.14 -11.17 -11.16 -11.15 -11.14 -11.13 -11.12 -11.11 -11.10 -11.09 -11.08
-13.48 -13.42 -13.16 -12.90 -12.62 -12.31 -12.14 -12.00 -11.76 -11.61 -11.51 -11.39 -11.27 -11.16 -11.15 -11.12 -11.12 -11.11 -11.08 -11.05 -11.04 -11.02 -10.98 -10.87 -10.92 -10.93 -10.95 -10.96 -10.98 -10.98 -10.99 -10.99 -10.96 -10.95 -10.94 -10.94 -10.96 -10.97 -10.97 -10.98 -10.99 -10.95 -10.91 -10.88 -10.84 -10.80 -10.77 -10.74 -10.76 -10.81 -10.85 -10.89 -10.93 -10.95 -10.99 -11.02 -11.05 -11.05 -11.05 -11.05 -11.05 -11.06 -11.06 -11.07 -11.07 -11.06
-13.33 -13.19 -12.98 -12.80 -12.55 -12.30 -12.04 -11.95 -11.67 -11.48 -11.38 -11.28 -11.26 -11.15 -11.17 -11.21 -11.25 -11.24 -11.20 -11.15 -11.09 -11.07 -11.01 -10.93 -10.86 -10.86 -10.86 -10.84 -10.84 -10.83 -10.83 -10.86 -10.88 -10.87 -10.87 -10.88 -10.90 -10.91 -10.92 -10.94 -10.96 -10.92 -10.88 -10.84 -10.80 -10.76 -10.72 -10.68 -10.69 -10.73 -10.76 -10.79 -10.83 -10.87 -10.90 -10.96 -11.00 -11.01 -11.02 -11.02 -11.02 -11.02 -11.02 -11.01 -11.01 -11.01
-13.15 -12.99 -12.85 -12.60 -12.46 -12.21 -11.98 -11.78 -11.48 -11.23 -11.17 -11.17 -11.19 -11.20 -11.22 -11.26 -11.30 -11.32 -11.25 -11.18 -11.11 -11.03 -10.94 -10.86 -10.79 -10.81 -10.84 -10.88 -10.85 -10.82 -10.82 -10.81 -10.80 -10.82 -10.81 -10.83 -10.85 -10.86 -10.87 -10.90 -10.92 -10.85 -10.80 -10.74 -10.70 -10.65 -10.60 -10.55 -10.49 -10.51 -10.58 -10.67 -10.74 -10.82 -10.88 -10.94 -10.97 -10.96 -10.96 -10.95 -10.94 -10.95 -10.96 -10.96 -10.97 -10.98
-12.95 -12.89 -12.74 -12.49 -12.29 -12.08 -11.80 -11.62 -11.39 -11.21 -11.14 -11.16 -11.19 -11.25 -11.30 -11.31 -11.31 -11.32 -11.25 -11.17 -11.11 -11.07 -11.02 -10.97 -10.93 -10.91 -10.89 -10.88 -10.87 -10.83 -10.80 -10.76 -10.70 -10.76 -10.79 -10.80 -10.81 -10.81 -10.79 -10.79 -10.79 -10.75 -10.67 -10.58 -10.53 -10.50 -10.47 -10.45 -10.47 -10.54 -10.60 -10.64 -10.69 -10.75 -10.81 -10.86 -10.91 -10.91 -10.91 -10.90 -10.90 -10.90 -10.91 -10.91 -10.91 -10.92
-12.87 -12.72 -12.57 -12.37 -12.17 -11.94 -11.73 -11.55 -11.39 -11.23 -11.22 -11.29 -11.30 -11.32 -11.31 -11.30 -11.28 -11.27 -11.21 -11.18 -11.14 -11.10 -11.07 -11.05 -11.02 -11.04 -11.00 -10.95 -10.91 -10.86 -10.82 -10.78 -10.73 -10.74 -10.73 -10.69 -10.68 -10.67 -10.65 -10.63 -10.61 -10.57 -10.54 -10.53 -10.52 -10.50 -10.48 -10.46 -10.51 -10.57 -10.60 -10.65 -10.69 -10.72 -10.74 -10.75 -10.77 -10.76 -10.77 -10.78 -10.79 -10.81 -10.82 -10.83 -10.84 -10.84
-12.71 -12.59 -12.42 -12.24 -12.03 -11.85 -11.76 -11.67 -11.57 -11.44 -11.31 -11.28 -11.27 -11.25 -11.22 -11.20 -11.19 -11.14 -11.07 -11.06 -11.04 -11.02 -11.02 -11.04 -11.06 -11.01 -10.97 -10.93 -10.89 -10.84 -10.79 -10.74 -10.69 -10.69 -10.64 -10.60 -10.56 -10.51 -10.47 -10.43 -10.39 -10.36 -10.34 -10.35 -10.39 -10.43 -10.45 -10.48 -10.50 -10.52 -10.54 -10.56 -10.55 -10.59 -10.62 -10.65 -10.68 -10.68 -10.69 -10.71 -10.72 -10.74 -10.75 -10.77 -10.78 -10.76
-12.57 -12.39 -12.28 -12.15 -12.01 -11.89 -11.77 -11.64 -11.53 -11.39 -11.25 -11.25 -11.20 -11.13 -11.07 -11.04 -10.97 -10.91 -10.86 -10.88 -10.87 -10.87 -10.94 -11.00 -10.99 -10.93 -10.81 -10.80 -10.77 -10.75 -10.73 -10.71 -10.67 -10.68 -10.63 -10.57 -10.52 -10.47 -10.41 -10.35 -10.29 -10.23 -10.27 -10.30 -10.33 -10.36 -10.37 -10.35 -10.39 -10.46 -10.48 -10.49 -10.51 -10.52 -10.54 -10.56 -10.58 -10.62 -10.62 -10.63 -10.66 -10.67 -10.68 -10.69 -10.70 -10.71
-12.50 -12.37 -12.24 -12.13 -12.01 -11.89 -11.75 -11.57 -11.44 -11.32 -11.17 -11.11 -11.04 -10.98 -10.87 -10.82 -10.80 -10.79 -10.83 -10.85 -10.83 -10.81 -10.80 -10.79 -10.74 -10.73 -10.73 -10.72 -10.70 -10.71 -10.69 -10.71 -10.72 -10.68 -10.62 -10.56 -10.51 -10.45 -10.40 -10.35 -10.29 -10.28 -10.30 -10.31 -10.32 -10.34 -10.36 -10.38 -10.40 -10.42 -10.43 -10.45 -10.46 -10.48 -10.48 -10.50 -10.50 -10.51 -10.53 -10.55 -10.57 -10.60 -10.61 -10.63 -10.65 -10.67
-12.49 -12.36 -12.23 -12.11 -11.98 -11.86 -11.73 -11.56 -11.37 -11.17 -10.99 -10.83 -10.78 -10.75 -10.72 -10.73 -10.76 -10.80 -10.79 -10.78 -10.83 -10.82 -10.83 -10.79 -10.73 -10.64 -10.67 -10.70 -10.72 -10.73 -10.73 -10.75 -10.78 -10.73 -10.68 -10.62 -10.57 -10.51 -10.44 -10.38 -10.33 -10.28 -10.29 -10.31 -10.33 -10.35 -10.37 -10.38 -10.39 -10.40 -10.39 -10.39 -10.39 -10.40 -10.40 -10.41 -10.41 -10.41 -10.45 -10.49 -10.50 -10.52 -10.54 -10.56 -10.59 -10.61
-12.45 -12.32 -12.17 -12.03 -11.87 -11.72 -11.56 -11.41 -11.16 -10.94 -10.81 -10.64 -10.66 -10.70 -10.73 -10.78 -10.83 -10.88 -10.92 -10.94 -10.92 -10.85 -10.80 -10.79 -10.72 -10.68 -10.72 -10.76 -10.76 -10.75 -10.72 -10.71 -10.73 -10.65 -10.59 -10.54 -10.49 -10.43 -10.38 -10.33 -10.25 -10.27 -10.28 -10.26 -10.27 -10.29 -10.31 -10.32 -10.34 -10.36 -10.36 -10.36 -10.36 -10.37 -10.37 -10.38 -10.38 -10.39 -10.42 -10.45 -10.48 -10.50 -10.52 -10.55 -10.58 -10.61
-12.36 -12.24 -12.13 -12.01 -11.86 -11.70 -11.52 -11.32 -11.15 -11.00 -10.86 -10.69 -10.71 -10.75 -10.79 -10.87 -10.92 -10.91 -10.93 -10.92 -10.86 -10.78 -10.72 -10.69 -10.72 -10.70 -10.70 -10.69 -10.71 -10.67 -10.67 -10.70 -10.68 -10.66 -10.63 -10.56 -10.50 -10.44 -10.38 -10.32 -10.26 -10.24 -10.26 -10.27 -10.28 -10.30 -10.31 -10.33 -10.34 -10.33 -10.33 -10.33 -10.33 -10.33 -10.33 -10.33 -10.33 -10.35 -10.37 -10.39 -10.41 -10.43 -10.46 -10.48 -10.50 -10.51
-12.32 -12.20 -12.06 -11.92 -11.82 -11.65 -11.49 -11.32 -11.17 -11.01 -10.86 -10.73 -10.67 -10.65 -10.66 -10.75 -10.78 -10.79 -10.79 -10.74 -10.66 -10.68 -10.68 -10.68 -10.69 -10.72 -10.73 -10.73 -10.73 -10.71 -10.70 -10.71 -10.68 -10.69 -10.64 -10.56 -10.48 -10.40 -10.33 -10.28 -10.23 -10.20 -10.24 -10.28 -10.32 -10.36 -10.36 -10.37 -10.39 -10.34 -10.33 -10.33 -10.33 -10.33 -10.31 -10.29 -10.29 -10.31 -10.34 -10.36 -10.38 -10.40 -10.43 -10.45 -10.48 -10.40
-12.16 -12.05 -11.97 -11.86 -11.73 -11.57 -11.43 -11.27 -11.11 -10.93 -10.72 -10.52 -10.56 -10.59 -10.68 -10.71 -10.70 -10.67 -10.65 -10.68 -10.69 -10.72 -10.71 -10.70 -10.71 -10.70 -10.74 -10.78 -10.76 -10.69 -10.68 -10.67 -10.63 -10.58 -10.52 -10.46 -10.41 -10.36 -10.30 -10.25 -10.20 -10.13 -10.17 -10.21 -10.25 -10.31 -10.36 -10.41 -10.46 -10.46 -10.43 -10.40 -10.37 -10.35 -10.32 -10.28 -10.27 -10.26 -10.27 -10.27 -10.28 -10.31 -10.33 -10.36 -10.39 -10.39
-12.04 -11.95 -11.81 -11.66 -11.59 -11.41 -11.18 -10.99 -10.93 -10.83 -10.76 -10.61 -10.62 -10.66 -10.60 -10.62 -10.65 -10.67 -10.68 -10.66 -10.64 -10.66 -10.62 -10.67 -10.68 -10.69 -10.70 -10.73 -10.68 -10.67 -10.64 -10.66 -10.61 -10.59 -10.53 -10.47 -10.39 -10.33 -10.28 -10.22 -10.16 -10.08 -10.12 -10.16 -10.20 -10.25 -10.30 -10.35 -10.40 -10.40 -10.37 -10.33 -10.30 -10.26 -10.22 -10.19 -10.15 -10.12 -10.13 -10.14 -10.15 -10.13 -10.17 -10.21 -10.26 -10.29
-11.86 -11.73 -11.52 -11.39 -11.28 -11.20 -11.08 -11.01 -10.93 -10.86 -10.72 -10.68 -10.65 -10.69 -10.67 -10.67 -10.67 -10.66 -10.62 -10.59 -10.61 -10.63 -10.64 -10.65 -10.65 -10.65 -10.65 -10.65 -10.64 -10.63 -10.60 -10.58 -10.58 -10.56 -10.50 -10.42 -10.35 -10.27 -10.21 -10.13 -10.07 -10.00 -10.02 -10.05 -10.10 -10.14 -10.19 -10.24 -10.33 -10.29 -10.25 -10.21 -10.18 -10.15 -10.12 -10.09 -10.06 -10.07 -10.08 -10.09 -10.11 -10.14 -10.16 -10.18 -10.21 -10.25
-11.62 -11.49 -11.40 -11.31 -11.28 -11.20 -11.14 -11.07 -10.99 -10.91 -10.82 -10.77 -10.77 -10.76 -10.74 -10.71 -10.69 -10.64 -10.61 -10.59 -10.60 -10.62 -10.62 -10.60 -10.61 -10.59 -10.58 -10.57 -10.55 -10.54 -10.51 -10.50 -10.49 -10.52 -10.48 -10.42 -10.36 -10.31 -10.24 -10.16 -10.09 -9.99 -9.98 -10.00 -10.01 -10.03 -10.07 -10.12 -10.11 -10.10 -10.09 -10.09 -10.10 -10.09 -10.07 -10.04 -10.02 -10.02 -10.05 -10.07 -10.10 -10.14 -10.18 -10.22 -10.22 -10.19
-11.58 -11.50 -11.43 -11.33 -11.23 -11.15 -11.07 -11.02 -10.95 -10.89 -10.84 -10.83 -10.84 -10.78 -10.72 -10.71 -10.73 -10.70 -10.68 -10.65 -10.62 -10.62 -10.60 -10.58 -10.55 -10.54 -10.52 -10.51 -10.49 -10.50 -10.51 -10.52 -10.54 -10.57 -10.60 -10.54 -10.48 -10.37 -10.27 -10.16 -10.05 -9.96 -9.98 -9.99 -10.01 -10.02 -10.02 -10.04 -10.02 -10.02 -10.02 -10.03 -10.03 -10.03 -10.02 -10.00 -9.98 -10.00 -10.02 -10.04 -10.07 -10.09 -10.11 -10.13 -10.16 -10.17
-11.55 -11.44 -11.35 -11.26 -11.10 -11.01 -10.98 -10.94 -10.91 -10.87 -10.84 -10.77 -10.84 -10.87 -10.82 -10.79 -10.76 -10.74 -10.71 -10.63 -10.57 -10.55 -10.55 -10.54 -10.51 -10.47 -10.42 -10.38 -10.39 -10.43 -10.47 -10.51 -10.55 -10.59 -10.55 -10.46 -10.38 -10.29 -10.23 -10.14 -10.06 -9.99 -9.96 -9.97 -9.98 -9.99 -9.99 -10.00 -9.99 -10.00 -10.00 -10.01 -10.01 -9.98 -9.97 -9.97 -9.97 -9.96 -9.98 -10.00 -10.03 -10.05 -10.07 -10.10 -10.11 -10.15
-11.46 -11.34 -11.24 -11.14 -11.01 -10.94 -10.89 -10.89 -10.84 -10.80 -10.88 -10.88 -10.90 -10.92 -10.88 -10.87 -10.80 -10.76 -10.72 -10.68 -10.64 -10.59 -10.54 -10.50 -10.45 -10.40 -10.36 -10.31 -10.32 -10.37 -10.39 -10.40 -10.43 -10.46 -10.46 -10.38 -10.30 -10.23 -10.14 -10.04 -10.00 -9.97 -9.96 -9.97 -9.98 -9.99 -10.00 -10.01 -10.00 -10.00 -9.99 -9.99 -9.99 -9.98 -9.97 -9.96 -9.95 -9.90 -9.91 -9.96 -9.98 -10.00 -10.01 -10.03 -10.05 -10.07
-11.36 -11.26 -11.15 -11.09 -11.01 -10.91 -10.86 -10.89 -10.89 -10.90 -10.95 -10.94 -10.96 -10.97 -10.94 -10.91 -10.89 -10.86 -10.82 -10.80 -10.80 -10.73 -10.64 -10.56 -10.46 -10.37 -10.28 -10.19 -10.20 -10.24 -10.26 -10.27 -10.29 -10.30 -10.32 -10.25 -10.19 -10.13 -10.07 -10.01 -10.00 -9.99 -9.97 -10.00 -9.99 -10.01 -10.02 -10.03 -10.04 -10.02 -10.00 -9.99 -9.97 -9.95 -9.93 -9.91 -9.89 -9.89 -9.90 -9.92 -9.94 -9.96 -9.97 -9.99 -10.01 -10.03
-11.30 -11.21 -11.10 -11.03 -10.96 -10.91 -10.91 -10.93 -10.95 -10.94 -10.95 -10.99 -10.97 -10.94 -10.91 -10.87 -10.85 -10.80 -10.76 -10.72 -10.70 -10.62 -10.54 -10.45 -10.36 -10.28 -10.21 -10.14 -10.14 -10.11 -10.12 -10.14 -10.17 -10.20 -10.19 -10.16 -10.09 -10.04 -10.01 -9.99 -9.97 -9.93 -9.95 -9.91 -9.92 -9.94 -9.98 -10.03 -10.04 -10.01 -9.98 -9.94 -9.91 -9.89 -9.86 -9.82 -9.78 -9.78 -9.80 -9.82 -9.84 -9.86 -9.87 -9.89 -9.93 -9.96
-11.21 -11.15 -11.06 -11.01 -10.99 -10.97 -10.94 -10.99 -11.02 -11.02 -11.01 -10.97 -10.96 -10.94 -10.92 -10.89 -10.83 -10.77 -10.71 -10.65 -10.59 -10.56 -10.48 -10.39 -10.31 -10.20 -10.11 -10.09 -10.07 -10.07 -10.06 -10.04 -10.01 -9.96 -9.93 -9.93 -9.92 -9.90 -9.88 -9.86 -9.85 -9.83 -9.81 -9.85 -9.89 -9.92 -9.96 -10.00 -9.98 -9.92 -9.86 -9.81 -9.75 -9.70 -9.64 -9.59 -9.53 -9.52 -9.58 -9.64 -9.69 -9.74 -9.79 -9.84 -9.89 -9.94
-11.13 -11.08 -11.06 -10.96 -11.03 -11.05 -11.10 -11.09 -11.10 -11.08 -11.04 -11.01 -10.93 -10.86 -10.82 -10.77 -10.74 -10.71 -10.66 -10.58 -10.51 -10.45 -10.34 -10.22 -10.18 -10.16 -10.11 -10.07 -10.03 -9.98 -9.93 -9.89 -9.86 -9.82 -9.81 -9.80 -9.79 -9.78 -9.78 -9.78 -9.77 -9.77 -9.77 -9.79 -9.82 -9.87 -9.88 -9.90 -9.85 -9.76 -9.67 -9.58 -9.49 -9.40 -9.31 -9.22 -9.12 -9.07 -9.15 -9.22 -9.29 -9.38 -9.48 -9.62 -9.73 -9.84
-10.96 -10.98 -10.98 -10.93 -11.00 -11.09 -11.16 -11.17 -11.14 -11.10 -11.06 -11.01 -10.94 -10.86 -10.82 -10.75 -10.70 -10.65 -10.57 -10.47 -10.38 -10.26 -10.22 -10.19 -10.14 -10.09 -10.07 -10.05 -10.03 -10.00 -9.95 -9.89 -9.82 -9.74 -9.69 -9.67 -9.67 -9.67 -9.67 -9.68 -9.69 -9.70 -9.71 -9.73 -9.75 -9.79 -9.82 -9.85 -9.83 -9.72 -9.61 -9.50 -9.39 -9.28 -9.17 -9.06 -8.95 -8.97 -9.08 -9.18 -9.27 -9.36 -9.45 -9.54 -9.63 -9.72
-10.81 -10.84 -10.92 -10.98 -11.07 -11.18 -11.25 -11.24 -11.18 -11.11 -11.05 -10.98 -10.93 -10.87 -10.78 -10.71 -10.63 -10.53 -10.45 -10.38 -10.32 -10.26 -10.20 -10.18 -10.17 -10.15 -10.10 -10.04 -9.97 -9.91 -9.84 -9.77 -9.71 -9.69 -9.66 -9.63 -9.64 -9.65 -9.66 -9.67 -9.68 -9.69 -9.69 -9.72 -9.75 -9.78 -9.82 -9.86 -9.83 -9.76 -9.69 -9.62 -9.56 -9.49 -9.42 -9.35 -9.28 -9.29 -9.36 -9.43 -9.50 -9.57 -9.64 -9.66 -9.68 -9.71
-10.82 -10.89 -10.98 -11.08 -11.12 -11.15 -11.21 -11.24 -11.16 -11.09 -11.04 -10.97 -10.88 -10.77 -10.69 -10.63 -10.56 -10.50 -10.43 -10.36 -10.30 -10.24 -10.16 -10.11 -10.05 -10.00 -9.91 -9.85 -9.73 -9.71 -9.69 -9.67 -9.65 -9.63 -9.63 -9.65 -9.65 -9.66 -9.66 -9.67 -9.68 -9.68 -9.68 -9.69 -9.74 -9.79 -9.83 -9.86 -9.84 -9.78 -9.72 -9.63 -9.53 -9.50 -9.46 -9.43 -9.40 -9.41 -9.45 -9.48 -9.51 -9.55 -9.58 -9.61 -9.65 -9.68
