data/Elwha/Time-Series Data/ew12_may_dem_5m.asc
ncols	787
nrows	427
xllcorner	295235.00
yllcorner	130095.00
cellsize	5.00
NODATA_value	-9999.00
[rows 90 to 119 of 427, columns 528 to 593 of 787]
-7.21 -7.21 -7.21 -7.19 -7.19 -7.20 -7.23 -7.15 -7.18 -7.12 -7.16 -7.20 -7.20 -7.22 -7.23 -7.25 -7.26 -7.28 -7.29 -7.31 -7.30 -7.34 -7.38 -7.39 -7.38 -7.39 -7.43 -7.47 -7.54 -7.58 -7.60 -7.63 -7.66 -7.69 -7.71 -7.72 -7.73 -7.76 -7.81 -7.87 -7.85 -7.89 -7.98 -8.00 -8.00 -8.01 -8.03 -8.04 -8.06 -8.07 -8.08 -8.12 -8.14 -8.16 -8.20 -8.22 -8.21 -8.20 -8.17 -8.18 -8.23 -8.20 -8.24 -8.26 -8.26 -8.28
-7.12 -7.11 -7.12 -7.12 -7.12 -7.13 -7.11 -7.10 -7.10 -7.12 -7.13 -7.13 -7.14 -7.16 -7.19 -7.18 -7.23 -7.23 -7.25 -7.27 -7.27 -7.29 -7.28 -7.33 -7.36 -7.37 -7.39 -7.42 -7.46 -7.49 -7.53 -7.57 -7.59 -7.61 -7.66 -7.69 -7.68 -7.71 -7.71 -7.69 -7.78 -7.78 -7.82 -7.89 -7.92 -7.94 -7.94 -7.96 -7.99 -8.01 -8.03 -8.02 -8.05 -8.07 -8.10 -8.13 -8.14 -8.14 -8.14 -8.14 -8.14 -8.13 -8.16 -8.12 -8.16 -8.15
-6.99 -7.00 -7.02 -7.03 -7.03 -7.03 -7.04 -7.04 -7.02 -7.03 -7.04 -7.04 -7.06 -7.10 -7.10 -7.14 -7.14 -7.18 -7.21 -7.21 -7.24 -7.26 -7.25 -7.25 -7.27 -7.31 -7.34 -7.37 -7.40 -7.43 -7.46 -7.49 -7.53 -7.57 -7.58 -7.60 -7.65 -7.69 -7.63 -7.65 -7.66 -7.68 -7.73 -7.79 -7.74 -7.82 -7.86 -7.87 -7.90 -7.91 -7.94 -7.94 -7.95 -7.99 -7.99 -8.01 -8.04 -8.04 -8.05 -8.06 -8.06 -8.05 -8.06 -8.07 -8.06 -8.06
-6.91 -6.93 -6.94 -6.93 -6.93 -6.94 -6.95 -6.95 -6.96 -7.00 -6.94 -6.95 -6.97 -6.98 -6.99 -7.02 -7.07 -7.12 -7.14 -7.18 -7.19 -7.19 -7.21 -7.22 -7.22 -7.23 -7.27 -7.29 -7.33 -7.36 -7.39 -7.44 -7.47 -7.49 -7.53 -7.57 -7.56 -7.57 -7.59 -7.60 -7.59 -7.58 -7.64 -7.64 -7.70 -7.73 -7.70 -7.76 -7.79 -7.83 -7.85 -7.87 -7.88 -7.88 -7.89 -7.93 -7.93 -7.93 -7.96 -7.96 -7.97 -7.97 -7.97 -7.98 -7.97 -7.97
-6.84 -6.82 -6.85 -6.86 -6.84 -6.88 -6.88 -6.87 -6.89 -6.89 -6.90 -6.90 -6.87 -6.90 -6.94 -6.95 -6.95 -7.02 -7.03 -7.08 -7.13 -7.16 -7.15 -7.16 -7.19 -7.21 -7.19 -7.26 -7.27 -7.29 -7.33 -7.37 -7.38 -7.44 -7.47 -7.49 -7.52 -7.54 -7.54 -7.55 -7.56 -7.56 -7.57 -7.59 -7.61 -7.60 -7.68 -7.67 -7.66 -7.70 -7.75 -7.81 -7.82 -7.83 -7.82 -7.81 -7.86 -7.84 -7.85 -7.85 -7.88 -7.88 -7.89 -7.91 -7.88 -7.87
-6.83 -6.78 -6.75 -6.75 -6.74 -6.80 -6.80 -6.78 -6.78 -6.81 -6.85 -6.86 -6.85 -6.88 -6.89 -6.91 -6.93 -6.94 -6.94 -7.00 -7.02 -7.06 -7.11 -7.14 -7.11 -7.12 -7.17 -7.17 -7.18 -7.26 -7.26 -7.30 -7.33 -7.34 -7.38 -7.43 -7.45 -7.44 -7.47 -7.48 -7.50 -7.51 -7.54 -7.54 -7.53 -7.55 -7.55 -7.57 -7.64 -7.66 -7.64 -7.70 -7.73 -7.77 -7.77 -7.76 -7.75 -7.75 -7.77 -7.77 -7.77 -7.77 -7.80 -7.78 -7.83 -7.78
-6.79 -6.81 -6.74 -6.69 -6.68 -6.67 -6.66 -6.68 -6.74 -6.72 -6.75 -6.77 -6.78 -6.81 -6.84 -6.83 -6.85 -6.88 -6.92 -6.92 -6.94 -6.99 -7.01 -7.05 -7.08 -7.09 -7.08 -7.08 -7.12 -7.16 -7.18 -7.27 -7.25 -7.30 -7.32 -7.33 -7.37 -7.36 -7.39 -7.41 -7.43 -7.44 -7.47 -7.50 -7.52 -7.52 -7.51 -7.51 -7.50 -7.58 -7.61 -7.66 -7.68 -7.66 -7.67 -7.68 -7.69 -7.69 -7.68 -7.71 -7.68 -7.69 -7.69 -7.67 -7.67 -7.68
-6.76 -6.73 -6.72 -6.73 -6.66 -6.62 -6.60 -6.57 -6.64 -6.68 -6.71 -6.71 -6.71 -6.75 -6.76 -6.78 -6.81 -6.77 -6.81 -6.83 -6.85 -6.90 -6.94 -6.97 -6.99 -7.03 -7.02 -7.07 -7.03 -7.05 -7.09 -7.12 -7.19 -7.24 -7.32 -7.26 -7.28 -7.27 -7.30 -7.29 -7.33 -7.36 -7.39 -7.40 -7.43 -7.47 -7.50 -7.48 -7.47 -7.49 -7.51 -7.54 -7.57 -7.62 -7.60 -7.58 -7.59 -7.61 -7.61 -7.61 -7.61 -7.63 -7.59 -7.59 -7.55 -7.53
-6.72 -6.73 -6.73 -6.71 -6.65 -6.65 -6.61 -6.56 -6.57 -6.62 -6.67 -6.70 -6.65 -6.67 -6.67 -6.71 -6.75 -6.76 -6.77 -6.71 -6.79 -6.79 -6.85 -6.91 -6.93 -6.95 -6.95 -6.96 -6.96 -6.99 -6.95 -7.02 -7.05 -7.08 -7.16 -7.24 -7.20 -7.19 -7.22 -7.24 -7.24 -7.26 -7.29 -7.35 -7.36 -7.37 -7.39 -7.40 -7.41 -7.44 -7.43 -7.46 -7.46 -7.49 -7.49 -7.53 -7.52 -7.51 -7.53 -7.53 -7.54 -7.54 -7.52 -7.52 -7.50 -7.47
-6.64 -6.65 -6.65 -6.66 -6.67 -6.66 -6.62 -6.59 -6.58 -6.59 -6.61 -6.66 -6.64 -6.59 -6.60 -6.64 -6.64 -6.68 -6.72 -6.74 -6.75 -6.73 -6.76 -6.81 -6.85 -6.89 -6.89 -6.88 -6.89 -6.89 -6.90 -6.89 -6.96 -6.93 -7.01 -7.06 -7.14 -7.11 -7.12 -7.13 -7.16 -7.19 -7.20 -7.23 -7.27 -7.30 -7.32 -7.32 -7.34 -7.33 -7.32 -7.34 -7.37 -7.38 -7.39 -7.41 -7.40 -7.44 -7.44 -7.46 -7.45 -7.44 -7.51 -7.45 -7.45 -7.42
-6.55 -6.56 -6.57 -6.58 -6.60 -6.65 -6.61 -6.61 -6.54 -6.57 -6.57 -6.57 -6.57 -6.58 -6.58 -6.56 -6.55 -6.61 -6.61 -6.62 -6.65 -6.68 -6.70 -6.71 -6.73 -6.76 -6.79 -6.78 -6.80 -6.79 -6.83 -6.82 -6.83 -6.93 -6.85 -6.90 -6.97 -7.03 -7.04 -7.07 -7.09 -7.11 -7.14 -7.14 -7.16 -7.18 -7.24 -7.26 -7.25 -7.28 -7.26 -7.27 -7.26 -7.30 -7.30 -7.29 -7.34 -7.31 -7.32 -7.36 -7.36 -7.38 -7.37 -7.43 -7.40 -7.38
-6.46 -6.48 -6.54 -6.56 -6.58 -6.60 -6.55 -6.55 -6.55 -6.54 -6.57 -6.50 -6.49 -6.49 -6.50 -6.50 -6.51 -6.51 -6.50 -6.50 -6.50 -6.54 -6.58 -6.60 -6.62 -6.62 -6.62 -6.64 -6.69 -6.73 -6.67 -6.84 -6.73 -6.72 -6.80 -6.76 -6.79 -6.86 -6.95 -6.97 -6.99 -7.04 -7.06 -7.07 -7.11 -7.10 -7.10 -7.14 -7.20 -7.21 -7.22 -7.22 -7.23 -7.21 -7.22 -7.23 -7.23 -7.23 -7.25 -7.24 -7.32 -7.25 -7.30 -7.30 -7.32 -7.34
-6.28 -6.37 -6.42 -6.48 -6.51 -6.46 -6.46 -6.47 -6.47 -6.47 -6.48 -6.45 -6.41 -6.41 -6.41 -6.42 -6.42 -6.42 -6.36 -6.40 -6.39 -6.37 -6.38 -6.44 -6.49 -6.50 -6.50 -6.51 -6.51 -6.53 -6.55 -6.58 -6.61 -6.60 -6.64 -6.67 -6.68 -6.73 -6.77 -6.87 -6.90 -6.91 -6.95 -7.01 -7.04 -7.01 -7.05 -7.07 -7.06 -7.08 -7.10 -7.13 -7.16 -7.19 -7.19 -7.16 -7.17 -7.15 -7.20 -7.22 -7.25 -7.26 -7.26 -7.20 -7.20 -7.26
-6.24 -6.26 -6.28 -6.36 -6.39 -6.42 -6.39 -6.39 -6.40 -6.46 -6.44 -6.40 -6.35 -6.32 -6.33 -6.33 -6.31 -6.29 -6.30 -6.27 -6.25 -6.24 -6.25 -6.26 -6.28 -6.35 -6.39 -6.41 -6.38 -6.45 -6.38 -6.42 -6.43 -6.46 -6.49 -6.50 -6.54 -6.55 -6.69 -6.75 -6.77 -6.83 -6.85 -6.86 -6.88 -6.94 -6.95 -6.95 -6.96 -6.98 -7.02 -7.05 -7.07 -7.09 -7.10 -7.14 -7.14 -7.15 -7.14 -7.13 -7.19 -7.23 -7.26 -7.25 -7.24 -7.21
-6.11 -6.13 -6.14 -6.21 -6.23 -6.26 -6.27 -6.23 -6.25 -6.29 -6.28 -6.28 -6.24 -6.25 -6.25 -6.26 -6.26 -6.14 -6.20 -6.14 -6.14 -6.13 -6.11 -6.11 -6.01 -6.09 -6.15 -6.21 -6.25 -6.28 -6.29 -6.29 -6.30 -6.29 -6.34 -6.34 -6.43 -6.49 -6.54 -6.58 -6.71 -6.76 -6.78 -6.78 -6.81 -6.81 -6.81 -6.86 -6.88 -6.90 -6.95 -6.96 -6.98 -7.01 -7.04 -7.06 -7.09 -7.11 -7.12 -7.14 -7.12 -7.16 -7.18 -7.18 -7.20 -7.19
-5.97 -6.00 -6.02 -6.09 -6.13 -6.14 -6.15 -6.16 -6.14 -6.16 -6.12 -6.08 -6.08 -6.07 -6.17 -6.15 -6.18 -6.17 -6.08 -6.03 -6.03 -6.02 -6.00 -5.94 -5.83 -5.82 -5.89 -5.96 -6.03 -6.08 -6.14 -6.15 -6.15 -6.13 -6.11 -6.15 -6.26 -6.38 -6.43 -6.49 -6.53 -6.62 -6.74 -6.73 -6.70 -6.71 -6.74 -6.78 -6.76 -6.83 -6.86 -6.90 -6.93 -6.96 -7.00 -7.01 -6.99 -7.03 -7.06 -7.08 -7.11 -7.14 -7.12 -7.13 -7.11 -7.11
-5.84 -5.86 -5.89 -5.93 -5.97 -5.99 -6.03 -6.03 -6.03 -6.01 -6.00 -6.00 -6.00 -6.01 -6.07 -6.05 -6.04 -6.01 -5.98 -5.95 -5.92 -5.92 -5.86 -5.80 -5.78 -5.55 -5.63 -5.69 -5.83 -5.87 -5.95 -5.98 -6.00 -6.05 -6.02 -6.03 -6.05 -6.19 -6.31 -6.39 -6.43 -6.49 -6.55 -6.58 -6.61 -6.66 -6.66 -6.69 -6.69 -6.73 -6.76 -6.81 -6.85 -6.88 -6.92 -6.95 -6.97 -6.94 -6.96 -6.98 -7.01 -7.03 -7.06 -7.07 -7.09 -7.06
-5.74 -5.75 -5.75 -5.78 -5.80 -5.83 -5.87 -5.90 -5.92 -5.92 -5.92 -5.93 -5.93 -5.93 -5.91 -5.96 -5.94 -5.91 -5.90 -5.86 -5.86 -5.79 -5.70 -5.59 -5.52 -5.43 -5.38 -5.48 -5.57 -5.66 -5.79 -5.83 -5.87 -5.89 -5.87 -5.99 -6.05 -6.09 -6.12 -6.23 -6.35 -6.39 -6.42 -6.46 -6.49 -6.52 -6.55 -6.58 -6.62 -6.65 -6.68 -6.72 -6.75 -6.80 -6.83 -6.87 -6.86 -6.89 -6.91 -6.94 -6.96 -6.96 -6.98 -6.99 -6.99 -6.99
-5.58 -5.65 -5.67 -5.65 -5.68 -5.72 -5.72 -5.72 -5.78 -5.81 -5.83 -5.85 -5.85 -5.86 -5.85 -5.87 -5.83 -5.82 -5.79 -5.75 -5.75 -5.66 -5.59 -5.53 -5.47 -5.41 -5.35 -5.44 -5.47 -5.51 -5.63 -5.67 -5.71 -5.76 -5.82 -5.86 -5.96 -6.05 -6.10 -6.14 -6.20 -6.27 -6.34 -6.37 -6.39 -6.41 -6.46 -6.48 -6.52 -6.55 -6.59 -6.62 -6.69 -6.70 -6.76 -6.76 -6.78 -6.84 -6.86 -6.89 -6.92 -6.92 -6.88 -6.91 -6.92 -6.93
-5.48 -5.51 -5.54 -5.52 -5.53 -5.56 -5.62 -5.64 -5.66 -5.70 -5.72 -5.74 -5.74 -5.78 -5.79 -5.76 -5.72 -5.73 -5.66 -5.67 -5.65 -5.61 -5.54 -5.48 -5.42 -5.35 -5.34 -5.37 -5.42 -5.42 -5.51 -5.57 -5.63 -5.70 -5.74 -5.77 -5.84 -5.91 -6.02 -6.10 -6.15 -6.16 -6.21 -6.26 -6.31 -6.33 -6.35 -6.37 -6.42 -6.47 -6.50 -6.53 -6.56 -6.60 -6.70 -6.67 -6.71 -6.73 -6.75 -6.77 -6.80 -6.80 -6.84 -6.87 -6.85 -6.85
-5.36 -5.38 -5.40 -5.41 -5.42 -5.46 -5.50 -5.52 -5.54 -5.54 -5.57 -5.63 -5.65 -5.65 -5.65 -5.66 -5.62 -5.57 -5.57 -5.56 -5.52 -5.49 -5.44 -5.43 -5.36 -5.30 -5.24 -5.25 -5.34 -5.38 -5.43 -5.48 -5.59 -5.68 -5.66 -5.68 -5.75 -5.82 -5.89 -5.96 -6.06 -6.10 -6.10 -6.16 -6.22 -6.24 -6.26 -6.31 -6.35 -6.38 -6.40 -6.45 -6.48 -6.51 -6.54 -6.57 -6.63 -6.66 -6.66 -6.69 -6.70 -6.71 -6.75 -6.76 -6.80 -6.79
-5.25 -5.28 -5.27 -5.29 -5.33 -5.32 -5.38 -5.37 -5.41 -5.43 -5.45 -5.47 -5.49 -5.48 -5.47 -5.47 -5.44 -5.46 -5.43 -5.45 -5.42 -5.41 -5.29 -5.27 -5.23 -5.23 -5.18 -5.22 -5.25 -5.30 -5.35 -5.40 -5.47 -5.56 -5.57 -5.59 -5.66 -5.73 -5.82 -5.87 -5.95 -6.02 -6.05 -6.08 -6.11 -6.16 -6.19 -6.22 -6.25 -6.31 -6.33 -6.38 -6.40 -6.45 -6.45 -6.52 -6.51 -6.53 -6.56 -6.58 -6.60 -6.64 -6.65 -6.67 -6.71 -6.72
-5.16 -5.17 -5.20 -5.21 -5.21 -5.23 -5.24 -5.25 -5.28 -5.33 -5.36 -5.40 -5.43 -5.42 -5.33 -5.21 -5.19 -5.23 -5.24 -5.25 -5.23 -5.19 -5.16 -5.18 -5.06 -5.05 -5.02 -5.06 -5.15 -5.25 -5.27 -5.32 -5.39 -5.43 -5.47 -5.51 -5.55 -5.63 -5.70 -5.73 -5.84 -5.91 -5.98 -6.05 -6.06 -6.09 -6.11 -6.14 -6.16 -6.20 -6.24 -6.30 -6.34 -6.37 -6.39 -6.41 -6.45 -6.47 -6.52 -6.53 -6.54 -6.54 -6.57 -6.59 -6.60 -6.62
-4.99 -5.05 -5.06 -5.10 -5.10 -5.12 -5.13 -5.15 -5.18 -5.19 -5.23 -5.30 -5.30 -5.26 -5.10 -5.00 -4.96 -4.91 -4.94 -4.99 -5.03 -4.99 -5.01 -4.93 -4.92 -4.96 -4.87 -4.90 -5.03 -5.10 -5.15 -5.24 -5.30 -5.32 -5.38 -5.42 -5.46 -5.54 -5.63 -5.62 -5.72 -5.79 -5.86 -5.93 -5.99 -6.02 -6.03 -6.05 -6.07 -6.11 -6.12 -6.18 -6.23 -6.27 -6.39 -6.34 -6.34 -6.38 -6.44 -6.43 -6.45 -6.47 -6.50 -6.51 -6.53 -6.55
-4.92 -4.91 -4.92 -4.96 -4.99 -5.01 -5.03 -5.06 -5.07 -5.10 -5.12 -5.14 -5.19 -5.10 -4.91 -4.66 -4.53 -4.49 -4.66 -4.74 -4.79 -4.79 -4.84 -4.84 -4.79 -4.68 -4.74 -4.86 -4.92 -4.96 -5.03 -5.14 -5.18 -5.24 -5.30 -5.33 -5.37 -5.41 -5.47 -5.54 -5.61 -5.67 -5.73 -5.78 -5.81 -5.90 -5.96 -6.00 -5.99 -6.01 -6.04 -6.08 -6.10 -6.20 -6.24 -6.22 -6.29 -6.31 -6.32 -6.36 -6.40 -6.39 -6.41 -6.43 -6.45 -6.48
-4.73 -4.77 -4.82 -4.83 -4.84 -4.86 -4.90 -4.91 -4.94 -4.98 -5.01 -5.04 -5.02 -4.93 -4.80 -4.62 -4.33 -4.16 -4.20 -4.42 -4.57 -4.62 -4.62 -4.62 -4.63 -4.67 -4.68 -4.70 -4.78 -4.90 -4.96 -4.97 -5.03 -5.11 -5.19 -5.25 -5.30 -5.34 -5.38 -5.44 -5.51 -5.57 -5.63 -5.72 -5.74 -5.79 -5.84 -5.90 -5.95 -5.92 -5.95 -5.98 -6.02 -6.08 -6.09 -6.12 -6.12 -6.17 -6.21 -6.23 -6.27 -6.31 -6.35 -6.35 -6.37 -6.39
-4.59 -4.64 -4.63 -4.68 -4.72 -4.75 -4.75 -4.78 -4.81 -4.82 -4.85 -4.88 -4.87 -4.77 -4.68 -4.58 -4.40 -4.18 -4.04 -4.17 -4.18 -4.40 -4.48 -4.45 -4.45 -4.50 -4.57 -4.63 -4.67 -4.77 -4.84 -4.94 -4.97 -4.99 -5.04 -5.09 -5.19 -5.26 -5.31 -5.38 -5.45 -5.52 -5.56 -5.60 -5.68 -5.67 -5.73 -5.78 -5.83 -5.89 -5.94 -5.95 -5.93 -5.97 -6.01 -6.03 -6.05 -6.11 -6.11 -6.13 -6.16 -6.18 -6.22 -6.26 -6.29 -6.27
-4.41 -4.43 -4.47 -4.53 -4.55 -4.56 -4.61 -4.66 -4.68 -4.70 -4.72 -4.73 -4.72 -4.69 -4.62 -4.54 -4.47 -4.34 -4.16 -4.07 -4.09 -4.16 -4.19 -4.34 -4.38 -4.37 -4.48 -4.53 -4.60 -4.66 -4.70 -4.79 -4.87 -4.96 -5.00 -5.03 -5.08 -5.12 -5.22 -5.31 -5.38 -5.45 -5.48 -5.52 -5.60 -5.58 -5.64 -5.67 -5.72 -5.74 -5.79 -5.85 -5.81 -5.87 -5.92 -5.98 -5.97 -5.98 -6.00 -6.03 -6.05 -6.07 -6.10 -6.13 -6.16 -6.23
-4.24 -4.25 -4.27 -4.32 -4.36 -4.40 -4.45 -4.46 -4.52 -4.57 -4.58 -4.58 -4.56 -4.55 -4.54 -4.48 -4.44 -4.34 -4.26 -4.13 -4.02 -4.07 -4.07 -4.16 -4.21 -4.33 -4.43 -4.49 -4.46 -4.53 -4.62 -4.68 -4.77 -4.84 -4.90 -4.97 -5.03 -5.02 -5.11 -5.20 -5.30 -5.38 -5.42 -5.44 -5.47 -5.49 -5.52 -5.57 -5.67 -5.68 -5.67 -5.71 -5.81 -5.77 -5.83 -5.89 -5.84 -5.87 -5.89 -5.92 -5.95 -5.97 -5.99 -6.02 -6.05 -6.10
-4.06 -4.03 -4.10 -4.12 -4.15 -4.19 -4.23 -4.28 -4.31 -4.38 -4.41 -4.42 -4.43 -4.41 -4.39 -4.36 -4.32 -4.27 -4.20 -4.09 -4.06 -3.93 -4.03 -3.99 -4.09 -4.25 -4.29 -4.38 -4.46 -4.51 -4.50 -4.56 -4.66 -4.74 -4.83 -4.88 -4.88 -4.96 -4.96 -5.05 -5.18 -5.31 -5.32 -5.35 -5.37 -5.39 -5.41 -5.48 -5.55 -5.55 -5.55 -5.60 -5.65 -5.68 -5.73 -5.73 -5.77 -5.77 -5.79 -5.82 -5.84 -5.87 -5.88 -5.94 -5.96 -5.98
