data/Elwha/Time-Series Data/ew12_may_dem_5m.asc
ncols	787
nrows	427
xllcorner	295235.00
yllcorner	130095.00
cellsize	5.00
NODATA_value	-9999.00
[rows 30 to 59 of 427, columns 462 to 527 of 787]
-11.14 -11.10 -11.07 -11.03 -11.00 -10.97 -10.93 -10.91 -10.91 -10.96 -11.01 -11.06 -11.12 -11.17 -11.21 -11.26 -11.30 -11.30 -11.29 -11.28 -11.27 -11.27 -11.26 -11.25 -11.24 -11.24 -11.25 -11.28 -11.31 -11.34 -11.37 -11.40 -11.42 -11.45 -11.47 -11.47 -11.48 -11.48 -11.45 -11.43 -11.42 -11.40 -11.37 -11.31 -11.26 -11.21 -11.17 -11.11 -11.05 -10.97 -10.95 -10.94 -10.91 -10.84 -10.79 -10.74 -10.74 -10.74 -10.75 -10.78 -10.79 -10.83 -10.86 -10.89 -10.88 -10.87
-11.15 -11.11 -11.05 -10.98 -10.92 -10.85 -10.79 -10.73 -10.83 -10.88 -10.92 -10.97 -11.02 -11.06 -11.11 -11.16 -11.20 -11.22 -11.22 -11.20 -11.19 -11.18 -11.18 -11.17 -11.16 -11.15 -11.17 -11.20 -11.24 -11.28 -11.33 -11.36 -11.38 -11.41 -11.43 -11.44 -11.42 -11.41 -11.39 -11.37 -11.37 -11.36 -11.33 -11.28 -11.23 -11.18 -11.11 -11.06 -11.03 -11.00 -10.97 -10.93 -10.84 -10.80 -10.71 -10.70 -10.71 -10.72 -10.73 -10.73 -10.73 -10.76 -10.78 -10.81 -10.83 -10.86
-11.12 -11.10 -11.05 -11.01 -10.97 -10.92 -10.87 -10.82 -10.81 -10.86 -10.90 -10.95 -10.99 -11.04 -11.08 -11.13 -11.17 -11.19 -11.20 -11.21 -11.19 -11.17 -11.16 -11.16 -11.13 -11.11 -11.12 -11.13 -11.16 -11.19 -11.22 -11.26 -11.30 -11.34 -11.41 -11.39 -11.38 -11.35 -11.34 -11.32 -11.30 -11.28 -11.26 -11.23 -11.19 -11.15 -11.10 -11.05 -10.97 -10.92 -10.91 -10.87 -10.87 -10.85 -10.78 -10.77 -10.76 -10.76 -10.76 -10.74 -10.73 -10.71 -10.72 -10.73 -10.78 -10.79
-11.08 -11.09 -11.04 -10.98 -10.93 -10.89 -10.84 -10.78 -10.76 -10.80 -10.83 -10.87 -10.91 -10.95 -10.99 -11.03 -11.08 -11.08 -11.10 -11.11 -11.12 -11.13 -11.13 -11.13 -11.13 -11.14 -11.15 -11.16 -11.17 -11.17 -11.19 -11.24 -11.27 -11.30 -11.33 -11.30 -11.29 -11.27 -11.25 -11.23 -11.20 -11.19 -11.17 -11.16 -11.12 -11.07 -11.02 -10.98 -10.94 -10.94 -10.91 -10.91 -10.90 -10.85 -10.79 -10.79 -10.79 -10.78 -10.78 -10.78 -10.78 -10.79 -10.80 -10.80 -10.79 -10.78
-11.06 -11.07 -11.01 -10.97 -10.92 -10.86 -10.82 -10.80 -10.82 -10.82 -10.84 -10.85 -10.87 -10.91 -10.96 -11.00 -11.02 -11.04 -11.07 -11.10 -11.03 -11.06 -11.06 -11.07 -11.07 -11.08 -11.09 -11.11 -11.13 -11.17 -11.19 -11.19 -11.21 -11.25 -11.27 -11.24 -11.26 -11.23 -11.20 -11.17 -11.16 -11.14 -11.11 -11.08 -11.06 -11.04 -11.02 -10.99 -10.96 -10.89 -10.89 -10.90 -10.88 -10.85 -10.83 -10.81 -10.80 -10.79 -10.77 -10.75 -10.74 -10.72 -10.70 -10.69 -10.67 -10.74
-11.01 -10.96 -10.93 -10.90 -10.86 -10.82 -10.79 -10.75 -10.71 -10.72 -10.75 -10.77 -10.79 -10.81 -10.84 -10.86 -10.87 -10.88 -10.91 -10.93 -10.95 -10.97 -11.00 -11.02 -11.03 -11.05 -11.05 -11.06 -11.06 -11.08 -11.11 -11.12 -11.17 -11.19 -11.19 -11.19 -11.17 -11.14 -11.10 -11.07 -11.05 -11.06 -11.05 -11.02 -11.01 -11.00 -10.96 -10.93 -10.95 -10.89 -10.85 -10.83 -10.81 -10.81 -10.80 -10.79 -10.78 -10.77 -10.76 -10.75 -10.73 -10.73 -10.73 -10.73 -10.72 -10.75
-10.99 -10.97 -10.94 -10.91 -10.89 -10.86 -10.82 -10.79 -10.76 -10.76 -10.77 -10.77 -10.78 -10.78 -10.79 -10.80 -10.80 -10.80 -10.81 -10.82 -10.85 -10.87 -10.89 -10.92 -10.95 -10.97 -10.99 -11.00 -11.01 -11.03 -11.03 -11.04 -11.06 -11.09 -11.07 -11.08 -11.09 -11.11 -11.09 -11.08 -11.06 -11.03 -11.01 -10.98 -10.96 -10.93 -10.90 -10.89 -10.88 -10.84 -10.82 -10.81 -10.80 -10.80 -10.79 -10.78 -10.77 -10.76 -10.75 -10.75 -10.74 -10.73 -10.72 -10.71 -10.70 -10.79
-10.92 -10.92 -10.91 -10.89 -10.88 -10.86 -10.85 -10.82 -10.80 -10.80 -10.80 -10.79 -10.79 -10.79 -10.79 -10.79 -10.79 -10.81 -10.82 -10.84 -10.86 -10.88 -10.90 -10.92 -10.95 -10.94 -10.94 -10.95 -10.97 -11.00 -11.03 -11.03 -11.01 -11.02 -11.01 -11.01 -10.99 -10.99 -10.99 -10.99 -11.01 -11.00 -10.97 -10.95 -10.91 -10.88 -10.84 -10.83 -10.81 -10.78 -10.78 -10.78 -10.78 -10.79 -10.81 -10.78 -10.77 -10.76 -10.74 -10.73 -10.72 -10.71 -10.70 -10.69 -10.68 -10.80
-10.84 -10.83 -10.82 -10.81 -10.79 -10.76 -10.75 -10.78 -10.75 -10.75 -10.75 -10.76 -10.76 -10.77 -10.78 -10.74 -10.74 -10.76 -10.79 -10.82 -10.85 -10.89 -10.92 -10.95 -10.98 -10.99 -10.98 -10.96 -10.96 -10.96 -10.96 -10.96 -10.97 -10.97 -10.96 -10.95 -10.95 -10.96 -10.95 -10.94 -10.94 -10.93 -10.90 -10.87 -10.85 -10.84 -10.81 -10.77 -10.71 -10.75 -10.75 -10.76 -10.76 -10.76 -10.77 -10.77 -10.76 -10.75 -10.73 -10.75 -10.74 -10.71 -10.68 -10.67 -10.70 -10.68
-10.76 -10.73 -10.71 -10.74 -10.72 -10.70 -10.70 -10.69 -10.67 -10.67 -10.69 -10.70 -10.72 -10.72 -10.74 -10.74 -10.75 -10.76 -10.80 -10.84 -10.88 -10.91 -10.95 -10.99 -11.01 -11.03 -11.05 -11.05 -11.04 -11.03 -11.00 -11.00 -10.99 -10.98 -10.93 -10.89 -10.84 -10.86 -10.86 -10.86 -10.86 -10.86 -10.85 -10.84 -10.82 -10.81 -10.80 -10.78 -10.77 -10.72 -10.73 -10.73 -10.73 -10.74 -10.75 -10.75 -10.73 -10.72 -10.72 -10.74 -10.71 -10.68 -10.67 -10.66 -10.69 -10.75
-10.73 -10.71 -10.65 -10.66 -10.68 -10.71 -10.70 -10.67 -10.66 -10.68 -10.70 -10.72 -10.73 -10.75 -10.77 -10.79 -10.82 -10.85 -10.86 -10.86 -10.85 -10.88 -10.92 -10.95 -10.99 -11.02 -11.03 -11.09 -11.11 -11.09 -11.09 -11.07 -11.05 -11.04 -10.98 -10.92 -10.87 -10.81 -10.76 -10.74 -10.69 -10.74 -10.76 -10.74 -10.73 -10.72 -10.71 -10.70 -10.65 -10.66 -10.68 -10.69 -10.69 -10.71 -10.73 -10.74 -10.73 -10.73 -10.72 -10.71 -10.69 -10.66 -10.61 -10.58 -10.63 -10.69
-10.68 -10.68 -10.67 -10.66 -10.65 -10.65 -10.64 -10.59 -10.58 -10.65 -10.66 -10.68 -10.70 -10.71 -10.71 -10.71 -10.74 -10.74 -10.74 -10.79 -10.83 -10.87 -10.91 -10.94 -10.98 -10.99 -11.02 -11.04 -11.03 -11.06 -11.06 -11.07 -11.07 -11.02 -10.96 -10.88 -10.83 -10.81 -10.75 -10.73 -10.70 -10.68 -10.66 -10.68 -10.69 -10.67 -10.66 -10.64 -10.60 -10.59 -10.59 -10.61 -10.63 -10.65 -10.65 -10.65 -10.65 -10.65 -10.67 -10.69 -10.69 -10.68 -10.66 -10.71 -10.70 -10.71
-10.59 -10.57 -10.56 -10.56 -10.57 -10.57 -10.57 -10.57 -10.55 -10.59 -10.62 -10.63 -10.65 -10.66 -10.67 -10.68 -10.68 -10.71 -10.74 -10.76 -10.79 -10.81 -10.82 -10.86 -10.90 -10.93 -10.95 -11.00 -11.03 -11.04 -11.06 -11.09 -11.09 -11.03 -10.95 -10.87 -10.82 -10.75 -10.67 -10.62 -10.63 -10.66 -10.64 -10.65 -10.64 -10.63 -10.63 -10.61 -10.55 -10.62 -10.65 -10.66 -10.65 -10.63 -10.64 -10.63 -10.63 -10.64 -10.63 -10.59 -10.58 -10.61 -10.63 -10.69 -10.69 -10.71
-10.60 -10.58 -10.57 -10.55 -10.54 -10.52 -10.50 -10.48 -10.47 -10.51 -10.54 -10.57 -10.59 -10.61 -10.65 -10.69 -10.70 -10.70 -10.70 -10.69 -10.71 -10.73 -10.76 -10.80 -10.82 -10.85 -10.88 -10.91 -10.92 -10.92 -10.97 -11.00 -10.99 -10.99 -10.94 -10.89 -10.84 -10.77 -10.70 -10.62 -10.58 -10.55 -10.56 -10.60 -10.62 -10.63 -10.63 -10.65 -10.71 -10.70 -10.64 -10.64 -10.66 -10.70 -10.72 -10.68 -10.65 -10.64 -10.63 -10.63 -10.65 -10.65 -10.62 -10.65 -10.69 -10.71
-10.50 -10.50 -10.50 -10.49 -10.49 -10.48 -10.47 -10.46 -10.46 -10.48 -10.50 -10.51 -10.53 -10.55 -10.58 -10.60 -10.64 -10.63 -10.64 -10.67 -10.70 -10.72 -10.72 -10.75 -10.76 -10.78 -10.79 -10.84 -10.87 -10.89 -10.92 -10.95 -10.94 -10.88 -10.83 -10.80 -10.77 -10.73 -10.68 -10.63 -10.61 -10.60 -10.57 -10.55 -10.51 -10.54 -10.57 -10.60 -10.63 -10.64 -10.67 -10.67 -10.67 -10.67 -10.69 -10.68 -10.69 -10.67 -10.66 -10.65 -10.63 -10.62 -10.63 -10.62 -10.65 -10.69
-10.40 -10.39 -10.38 -10.43 -10.43 -10.42 -10.42 -10.42 -10.47 -10.47 -10.47 -10.48 -10.49 -10.50 -10.50 -10.53 -10.55 -10.57 -10.59 -10.60 -10.59 -10.58 -10.57 -10.62 -10.61 -10.66 -10.70 -10.75 -10.80 -10.84 -10.89 -10.91 -10.89 -10.84 -10.79 -10.74 -10.69 -10.65 -10.61 -10.58 -10.57 -10.56 -10.55 -10.54 -10.53 -10.53 -10.53 -10.59 -10.61 -10.62 -10.63 -10.62 -10.62 -10.61 -10.63 -10.63 -10.64 -10.63 -10.64 -10.66 -10.64 -10.65 -10.63 -10.60 -10.58 -10.59
-10.39 -10.40 -10.39 -10.39 -10.39 -10.38 -10.35 -10.36 -10.37 -10.41 -10.44 -10.44 -10.44 -10.46 -10.50 -10.55 -10.51 -10.53 -10.54 -10.55 -10.57 -10.60 -10.61 -10.61 -10.62 -10.63 -10.65 -10.67 -10.72 -10.76 -10.80 -10.85 -10.84 -10.80 -10.75 -10.71 -10.67 -10.62 -10.57 -10.53 -10.52 -10.52 -10.50 -10.48 -10.48 -10.47 -10.46 -10.47 -10.50 -10.53 -10.59 -10.59 -10.59 -10.57 -10.59 -10.60 -10.61 -10.61 -10.60 -10.61 -10.59 -10.61 -10.62 -10.57 -10.53 -10.54
-10.31 -10.33 -10.36 -10.39 -10.42 -10.41 -10.42 -10.43 -10.40 -10.37 -10.35 -10.38 -10.38 -10.42 -10.43 -10.46 -10.48 -10.48 -10.49 -10.50 -10.50 -10.52 -10.53 -10.54 -10.56 -10.59 -10.63 -10.66 -10.69 -10.72 -10.74 -10.76 -10.76 -10.73 -10.70 -10.66 -10.63 -10.62 -10.59 -10.55 -10.48 -10.43 -10.40 -10.39 -10.32 -10.34 -10.37 -10.37 -10.43 -10.48 -10.52 -10.53 -10.58 -10.62 -10.57 -10.53 -10.51 -10.51 -10.48 -10.54 -10.58 -10.60 -10.55 -10.49 -10.43 -10.46
-10.26 -10.27 -10.28 -10.31 -10.33 -10.35 -10.37 -10.39 -10.39 -10.39 -10.38 -10.37 -10.36 -10.33 -10.39 -10.39 -10.37 -10.36 -10.37 -10.38 -10.39 -10.40 -10.42 -10.44 -10.56 -10.57 -10.58 -10.59 -10.60 -10.61 -10.64 -10.67 -10.67 -10.66 -10.64 -10.62 -10.60 -10.56 -10.52 -10.49 -10.45 -10.42 -10.39 -10.33 -10.27 -10.25 -10.27 -10.32 -10.36 -10.41 -10.45 -10.49 -10.53 -10.54 -10.53 -10.57 -10.52 -10.48 -10.44 -10.45 -10.43 -10.45 -10.44 -10.43 -10.47 -10.40
-10.20 -10.21 -10.22 -10.23 -10.24 -10.25 -10.26 -10.25 -10.28 -10.29 -10.30 -10.32 -10.32 -10.30 -10.27 -10.29 -10.28 -10.27 -10.31 -10.33 -10.33 -10.30 -10.31 -10.33 -10.37 -10.38 -10.40 -10.42 -10.42 -10.46 -10.50 -10.54 -10.57 -10.55 -10.56 -10.54 -10.52 -10.50 -10.49 -10.44 -10.41 -10.38 -10.35 -10.32 -10.29 -10.28 -10.14 -10.22 -10.29 -10.37 -10.43 -10.50 -10.53 -10.49 -10.49 -10.49 -10.49 -10.49 -10.46 -10.42 -10.39 -10.42 -10.41 -10.38 -10.37 -10.32
-10.17 -10.16 -10.15 -10.15 -10.14 -10.15 -10.15 -10.15 -10.16 -10.17 -10.18 -10.19 -10.20 -10.21 -10.22 -10.21 -10.19 -10.21 -10.21 -10.20 -10.19 -10.20 -10.23 -10.25 -10.28 -10.30 -10.28 -10.29 -10.32 -10.34 -10.36 -10.40 -10.40 -10.40 -10.40 -10.41 -10.40 -10.36 -10.35 -10.38 -10.37 -10.33 -10.28 -10.23 -10.18 -10.15 -10.12 -10.19 -10.24 -10.26 -10.35 -10.41 -10.45 -10.44 -10.42 -10.41 -10.38 -10.42 -10.43 -10.45 -10.41 -10.34 -10.34 -10.33 -10.32 -10.34
-10.17 -10.16 -10.14 -10.11 -10.09 -10.07 -10.04 -10.05 -10.06 -10.07 -10.08 -10.09 -10.10 -10.12 -10.13 -10.15 -10.15 -10.15 -10.15 -10.17 -10.16 -10.15 -10.14 -10.13 -10.15 -10.17 -10.20 -10.24 -10.23 -10.26 -10.28 -10.27 -10.28 -10.28 -10.27 -10.27 -10.25 -10.24 -10.27 -10.27 -10.26 -10.24 -10.25 -10.23 -10.17 -10.09 -10.12 -10.15 -10.17 -10.23 -10.32 -10.33 -10.34 -10.31 -10.30 -10.28 -10.28 -10.28 -10.27 -10.26 -10.27 -10.29 -10.35 -10.35 -10.28 -10.23
-10.09 -10.07 -10.06 -10.04 -10.03 -10.02 -10.00 -9.98 -10.00 -10.02 -10.04 -10.05 -10.07 -10.08 -10.09 -10.11 -10.09 -10.07 -10.08 -10.09 -10.09 -10.10 -10.11 -10.11 -10.11 -10.09 -10.07 -10.12 -10.15 -10.18 -10.21 -10.17 -10.16 -10.18 -10.20 -10.20 -10.20 -10.19 -10.18 -10.16 -10.16 -10.17 -10.18 -10.16 -10.14 -10.11 -10.11 -10.13 -10.15 -10.17 -10.23 -10.27 -10.25 -10.23 -10.21 -10.20 -10.22 -10.17 -10.29 -10.13 -10.14 -10.19 -10.23 -10.24 -10.27 -10.24
-10.02 -10.01 -10.01 -10.00 -10.00 -9.99 -9.99 -9.98 -9.99 -10.00 -10.01 -10.03 -10.04 -10.05 -10.07 -10.06 -10.06 -10.06 -10.05 -10.04 -10.03 -10.02 -10.01 -10.03 -10.03 -10.06 -10.04 -10.03 -10.01 -9.99 -10.00 -10.11 -10.13 -10.12 -10.14 -10.18 -10.18 -10.18 -10.16 -10.15 -10.13 -10.11 -10.09 -10.09 -10.09 -9.99 -10.03 -10.06 -10.07 -10.12 -10.18 -10.16 -10.15 -10.14 -10.13 -10.12 -10.10 -10.08 -10.09 -10.08 -10.11 -10.13 -10.16 -10.12 -10.08 -10.13
-9.98 -9.99 -9.99 -10.00 -10.01 -10.01 -10.01 -10.00 -10.01 -10.02 -10.03 -10.03 -10.04 -10.05 -10.05 -10.04 -10.03 -10.02 -10.06 -10.04 -10.02 -9.99 -9.98 -9.95 -9.95 -9.95 -9.93 -9.93 -9.93 -9.95 -9.98 -9.98 -9.97 -9.94 -9.95 -9.98 -10.04 -10.02 -10.02 -10.02 -10.03 -10.03 -10.02 -10.01 -10.00 -9.90 -9.93 -9.96 -9.98 -10.01 -10.03 -10.04 -10.04 -10.03 -10.02 -10.02 -10.01 -9.99 -9.99 -9.98 -9.97 -10.00 -10.01 -10.03 -10.05 -10.05
-9.96 -9.95 -9.95 -9.95 -9.95 -9.95 -9.95 -9.94 -9.94 -9.95 -9.95 -9.95 -9.96 -9.96 -9.96 -9.96 -9.92 -9.94 -9.96 -9.99 -10.02 -10.02 -10.01 -9.99 -9.97 -9.90 -9.90 -9.88 -9.88 -9.88 -9.89 -9.89 -9.88 -9.91 -9.95 -9.94 -9.91 -9.88 -9.87 -9.88 -9.88 -9.88 -9.86 -9.86 -9.86 -9.84 -9.83 -9.83 -9.84 -9.84 -9.86 -9.86 -9.85 -9.89 -9.92 -9.89 -9.91 -9.87 -9.88 -9.87 -9.89 -9.91 -9.90 -9.90 -9.93 -9.96
-9.91 -9.91 -9.91 -9.91 -9.90 -9.90 -9.90 -9.90 -9.90 -9.90 -9.90 -9.89 -9.89 -9.89 -9.89 -9.87 -9.87 -9.87 -9.86 -9.86 -9.86 -9.85 -9.84 -9.78 -9.79 -9.83 -9.85 -9.84 -9.83 -9.81 -9.81 -9.81 -9.81 -9.80 -9.79 -9.78 -9.80 -9.79 -9.78 -9.76 -9.77 -9.75 -9.73 -9.72 -9.69 -9.66 -9.67 -9.69 -9.71 -9.74 -9.75 -9.75 -9.75 -9.76 -9.77 -9.78 -9.75 -9.74 -9.80 -9.77 -9.79 -9.80 -9.83 -9.85 -9.85 -9.84
-9.79 -9.80 -9.81 -9.81 -9.82 -9.83 -9.83 -9.82 -9.82 -9.81 -9.81 -9.81 -9.79 -9.76 -9.71 -9.70 -9.70 -9.71 -9.73 -9.74 -9.71 -9.69 -9.69 -9.70 -9.71 -9.69 -9.68 -9.66 -9.63 -9.66 -9.69 -9.69 -9.70 -9.69 -9.70 -9.71 -9.73 -9.65 -9.60 -9.58 -9.57 -9.57 -9.56 -9.55 -9.51 -9.52 -9.56 -9.60 -9.60 -9.61 -9.62 -9.63 -9.65 -9.67 -9.68 -9.69 -9.70 -9.70 -9.68 -9.79 -9.77 -9.71 -9.72 -9.74 -9.77 -9.78
-9.73 -9.74 -9.76 -9.77 -9.78 -9.78 -9.79 -9.77 -9.75 -9.74 -9.73 -9.72 -9.71 -9.71 -9.70 -9.68 -9.65 -9.63 -9.61 -9.58 -9.55 -9.55 -9.54 -9.57 -9.59 -9.57 -9.58 -9.58 -9.58 -9.58 -9.59 -9.56 -9.55 -9.55 -9.57 -9.59 -9.58 -9.53 -9.49 -9.46 -9.42 -9.38 -9.35 -9.34 -9.28 -9.35 -9.40 -9.45 -9.47 -9.50 -9.51 -9.52 -9.56 -9.56 -9.58 -9.57 -9.56 -9.59 -9.63 -9.62 -9.61 -9.62 -9.64 -9.65 -9.67 -9.69
-9.71 -9.71 -9.71 -9.71 -9.70 -9.70 -9.72 -9.71 -9.69 -9.68 -9.67 -9.66 -9.66 -9.65 -9.66 -9.64 -9.63 -9.59 -9.55 -9.53 -9.49 -9.45 -9.43 -9.43 -9.42 -9.42 -9.43 -9.43 -9.43 -9.39 -9.42 -9.45 -9.45 -9.45 -9.45 -9.45 -9.43 -9.39 -9.34 -9.29 -9.25 -9.23 -9.20 -9.16 -9.14 -9.17 -9.25 -9.31 -9.37 -9.42 -9.45 -9.44 -9.44 -9.46 -9.48 -9.49 -9.52 -9.52 -9.54 -9.52 -9.52 -9.50 -9.53 -9.54 -9.56 -9.61
