data/Elwha/Time-Series Data/ew12_may_dem_5m.asc
ncols	787
nrows	427
xllcorner	295235.00
yllcorner	130095.00
cellsize	5.00
NODATA_value	-9999.00
[rows 360 to 389 of 427, columns 66 to 131 of 787]
-8.49 -8.39 -8.30 -8.23 -8.14 -8.05 -7.98 -7.90 -7.82 -7.77 -7.73 -7.66 -7.54 -7.45 -7.37 -7.34 -7.26 -7.28 -7.15 -7.15 -7.05 -7.00 -6.94 -6.89 -6.80 -6.73 -6.68 -6.58 -6.52 -6.43 -6.36 -6.28 -6.21 -6.12 -6.04 -5.96 -5.90 -5.82 -5.75 -5.65 -5.57 -5.48 -5.41 -5.32 -5.20 -5.13 -5.00 -4.90 -4.82 -4.72 -4.60 -4.48 -4.38 -4.28 -4.17 -4.06 -3.93 -3.83 -3.70 -3.55 -3.40 -3.28 -3.12 -2.98 -2.85 -2.73
-8.33 -8.21 -8.18 -8.07 -7.99 -7.91 -7.83 -7.78 -7.74 -7.66 -7.57 -7.42 -7.35 -7.28 -7.24 -7.21 -7.16 -7.12 -7.07 -7.03 -6.95 -6.88 -6.84 -6.73 -6.67 -6.64 -6.51 -6.49 -6.39 -6.33 -6.23 -6.16 -6.07 -5.98 -5.93 -5.85 -5.77 -5.69 -5.61 -5.52 -5.43 -5.37 -5.28 -5.16 -5.06 -4.96 -4.85 -4.77 -4.67 -4.55 -4.45 -4.34 -4.24 -4.12 -4.02 -3.88 -3.78 -3.59 -3.50 -3.37 -3.23 -3.12 -2.96 -2.81 -2.65 -2.55
-8.20 -8.10 -8.02 -7.92 -7.85 -7.79 -7.74 -7.66 -7.58 -7.46 -7.37 -7.28 -7.21 -7.15 -7.14 -7.09 -7.05 -6.99 -6.96 -6.88 -6.82 -6.76 -6.69 -6.63 -6.58 -6.50 -6.42 -6.35 -6.27 -6.19 -6.13 -6.03 -5.92 -5.86 -5.80 -5.72 -5.64 -5.56 -5.47 -5.38 -5.31 -5.21 -5.12 -5.02 -4.92 -4.82 -4.73 -4.63 -4.50 -4.40 -4.30 -4.19 -4.07 -3.94 -3.83 -3.73 -3.54 -3.45 -3.31 -3.16 -3.06 -2.93 -2.77 -2.63 -2.51 -2.37
-8.05 -7.94 -7.87 -7.80 -7.72 -7.68 -7.58 -7.49 -7.39 -7.30 -7.22 -7.16 -7.10 -7.05 -7.03 -6.97 -6.92 -6.87 -6.81 -6.76 -6.67 -6.64 -6.58 -6.50 -6.44 -6.35 -6.30 -6.21 -6.16 -6.09 -5.99 -5.89 -5.79 -5.72 -5.67 -5.59 -5.51 -5.41 -5.35 -5.26 -5.16 -5.07 -4.97 -4.89 -4.78 -4.67 -4.57 -4.45 -4.35 -4.26 -4.14 -4.02 -3.90 -3.77 -3.67 -3.50 -3.40 -3.26 -3.13 -3.00 -2.86 -2.74 -2.60 -2.47 -2.34 -2.19
-7.87 -7.83 -7.71 -7.62 -7.59 -7.48 -7.39 -7.30 -7.22 -7.16 -7.08 -7.03 -7.00 -6.95 -6.89 -6.86 -6.79 -6.75 -6.69 -6.63 -6.61 -6.52 -6.47 -6.38 -6.32 -6.26 -6.17 -6.10 -6.05 -6.00 -5.88 -5.79 -5.71 -5.64 -5.55 -5.46 -5.37 -5.30 -5.21 -5.11 -5.02 -4.93 -4.83 -4.73 -4.63 -4.52 -4.40 -4.30 -4.20 -4.07 -3.97 -3.84 -3.72 -3.59 -3.46 -3.35 -3.21 -3.08 -2.96 -2.82 -2.66 -2.58 -2.44 -2.30 -2.15 -2.00
-7.72 -7.63 -7.54 -7.49 -7.39 -7.32 -7.22 -7.16 -7.11 -7.03 -6.97 -6.92 -6.88 -6.83 -6.79 -6.73 -6.68 -6.61 -6.58 -6.52 -6.46 -6.40 -6.31 -6.28 -6.21 -6.12 -6.05 -6.00 -5.95 -5.84 -5.79 -5.70 -5.63 -5.51 -5.42 -5.34 -5.26 -5.16 -5.06 -4.98 -4.89 -4.78 -4.69 -4.57 -4.47 -4.35 -4.26 -4.14 -4.03 -3.90 -3.81 -3.66 -3.54 -3.41 -3.30 -3.18 -3.03 -2.91 -2.77 -2.62 -2.51 -2.39 -2.26 -2.10 -1.96 -1.83
-7.54 -7.48 -7.40 -7.31 -7.24 -7.16 -7.12 -7.04 -6.96 -6.89 -6.85 -6.81 -6.75 -6.71 -6.66 -6.61 -6.55 -6.52 -6.45 -6.41 -6.33 -6.28 -6.24 -6.15 -6.07 -6.00 -5.95 -5.89 -5.80 -5.74 -5.66 -5.58 -5.49 -5.40 -5.30 -5.21 -5.11 -5.02 -4.94 -4.84 -4.74 -4.65 -4.52 -4.42 -4.31 -4.22 -4.09 -3.97 -3.86 -3.74 -3.62 -3.49 -3.37 -3.24 -3.13 -2.98 -2.86 -2.73 -2.58 -2.47 -2.35 -2.20 -2.06 -1.93 -1.80 -1.65
-7.39 -7.34 -7.26 -7.17 -7.14 -7.05 -6.99 -6.91 -6.86 -6.79 -6.74 -6.69 -6.63 -6.60 -6.54 -6.50 -6.45 -6.40 -6.36 -6.26 -6.23 -6.17 -6.09 -6.02 -5.95 -5.91 -5.83 -5.76 -5.69 -5.63 -5.52 -5.47 -5.35 -5.26 -5.17 -5.08 -4.98 -4.90 -4.79 -4.69 -4.59 -4.48 -4.38 -4.26 -4.16 -4.03 -3.90 -3.79 -3.68 -3.56 -3.42 -3.33 -3.19 -3.08 -2.94 -2.80 -2.68 -2.55 -2.42 -2.30 -2.16 -2.02 -1.87 -1.76 -1.60 -1.45
-7.31 -7.24 -7.16 -7.05 -7.01 -6.94 -6.85 -6.80 -6.75 -6.69 -6.63 -6.58 -6.53 -6.47 -6.43 -6.38 -6.34 -6.28 -6.20 -6.16 -6.11 -6.05 -5.96 -5.91 -5.86 -5.78 -5.71 -5.65 -5.57 -5.48 -5.41 -5.31 -5.22 -5.15 -5.03 -4.95 -4.86 -4.74 -4.65 -4.54 -4.43 -4.33 -4.21 -4.11 -3.97 -3.85 -3.74 -3.62 -3.51 -3.38 -3.27 -3.15 -3.01 -2.89 -2.76 -2.63 -2.51 -2.38 -2.25 -2.11 -1.97 -1.83 -1.72 -1.55 -1.40 -1.25
-7.19 -7.07 -6.99 -6.94 -6.86 -6.84 -6.75 -6.70 -6.63 -6.57 -6.51 -6.46 -6.42 -6.37 -6.31 -6.27 -6.20 -6.13 -6.08 -6.02 -6.00 -5.90 -5.87 -5.79 -5.75 -5.66 -5.60 -5.52 -5.44 -5.35 -5.26 -5.16 -5.12 -4.99 -4.92 -4.81 -4.71 -4.62 -4.51 -4.39 -4.28 -4.16 -4.05 -3.92 -3.81 -3.68 -3.57 -3.45 -3.33 -3.21 -3.10 -2.96 -2.83 -2.70 -2.59 -2.46 -2.33 -2.20 -2.06 -1.92 -1.79 -1.66 -1.50 -1.35 -1.09 -0.96
-6.98 -6.95 -6.86 -6.82 -6.78 -6.72 -6.65 -6.58 -6.52 -6.47 -6.41 -6.36 -6.31 -6.23 -6.20 -6.13 -6.08 -6.02 -5.98 -5.94 -5.85 -5.81 -5.73 -5.67 -5.60 -5.56 -5.45 -5.39 -5.30 -5.21 -5.12 -5.04 -4.95 -4.87 -4.78 -4.68 -4.58 -4.47 -4.35 -4.23 -4.12 -3.99 -3.87 -3.74 -3.62 -3.51 -3.39 -3.27 -3.16 -3.03 -2.91 -2.79 -2.65 -2.55 -2.41 -2.28 -2.15 -2.01 -1.88 -1.74 -1.60 -1.44 -1.31 -1.05 -0.78 -0.64
-6.86 -6.81 -6.80 -6.73 -6.67 -6.59 -6.54 -6.47 -6.41 -6.37 -6.32 -6.24 -6.17 -6.12 -6.08 -6.02 -5.96 -5.93 -5.86 -5.79 -5.74 -5.69 -5.60 -5.54 -5.48 -5.42 -5.34 -5.25 -5.16 -5.08 -5.00 -4.92 -4.82 -4.74 -4.65 -4.54 -4.42 -4.31 -4.19 -4.07 -3.93 -3.81 -3.68 -3.57 -3.44 -3.33 -3.23 -3.10 -2.97 -2.86 -2.75 -2.60 -2.49 -2.36 -2.22 -2.08 -1.96 -1.83 -1.70 -1.56 -1.40 -1.25 -1.01 -0.75 -0.48 -0.31
-6.80 -6.75 -6.68 -6.60 -6.55 -6.50 -6.44 -6.34 -6.32 -6.28 -6.21 -6.13 -6.06 -6.02 -5.97 -5.90 -5.86 -5.80 -5.73 -5.69 -5.61 -5.53 -5.49 -5.41 -5.36 -5.27 -5.22 -5.10 -5.05 -4.95 -4.86 -4.76 -4.69 -4.59 -4.50 -4.38 -4.27 -4.15 -4.02 -3.89 -3.75 -3.63 -3.51 -3.38 -3.28 -3.17 -3.04 -2.93 -2.80 -2.69 -2.56 -2.43 -2.31 -2.17 -2.03 -1.91 -1.77 -1.65 -1.51 -1.34 -1.19 -0.98 -0.71 -0.44 -0.17 0.04
-6.67 -6.62 -6.57 -6.51 -6.41 -6.38 -6.31 -6.26 -6.21 -6.16 -6.07 -6.03 -5.97 -5.90 -5.85 -5.80 -5.72 -5.68 -5.62 -5.55 -5.48 -5.42 -5.37 -5.29 -5.23 -5.15 -5.05 -4.99 -4.90 -4.81 -4.72 -4.64 -4.54 -4.43 -4.30 -4.22 -4.11 -3.97 -3.84 -3.71 -3.58 -3.45 -3.33 -3.24 -3.11 -2.99 -2.87 -2.74 -2.62 -2.50 -2.37 -2.26 -2.12 -1.99 -1.86 -1.73 -1.59 -1.45 -1.30 -1.13 -0.94 -0.67 -0.40 -0.13 0.13 0.40
-6.56 -6.55 -6.41 -6.36 -6.29 -6.27 -6.22 -6.14 -6.12 -6.02 -5.99 -5.92 -5.86 -5.81 -5.74 -5.67 -5.61 -5.56 -5.49 -5.43 -5.37 -5.30 -5.24 -5.16 -5.06 -5.00 -4.93 -4.85 -4.75 -4.68 -4.58 -4.47 -4.36 -4.25 -4.15 -4.03 -3.92 -3.80 -3.66 -3.53 -3.41 -3.30 -3.18 -3.06 -2.93 -2.81 -2.70 -2.56 -2.45 -2.31 -2.19 -2.07 -1.94 -1.80 -1.68 -1.54 -1.39 -1.20 -1.01 -0.96 -0.67 -0.39 -0.12 0.17 0.45 0.79
-6.40 -6.32 -6.30 -6.24 -6.21 -6.16 -6.10 -6.06 -5.98 -5.94 -5.86 -5.81 -5.75 -5.68 -5.62 -5.55 -5.50 -5.45 -5.38 -5.31 -5.26 -5.19 -5.10 -5.00 -4.94 -4.87 -4.78 -4.69 -4.62 -4.51 -4.40 -4.29 -4.18 -4.07 -3.95 -3.85 -3.79 -3.61 -3.49 -3.38 -3.27 -3.14 -3.01 -2.87 -2.76 -2.64 -2.51 -2.39 -2.26 -2.14 -2.01 -1.88 -1.74 -1.64 -1.48 -1.32 -1.14 -0.94 -0.74 -0.65 -0.41 -0.12 0.26 0.59 0.93 1.19
-6.28 -6.23 -6.21 -6.16 -6.09 -6.04 -5.99 -5.94 -5.87 -5.82 -5.78 -5.69 -5.65 -5.56 -5.52 -5.45 -5.39 -5.32 -5.26 -5.19 -5.11 -5.03 -4.94 -4.86 -4.81 -4.73 -4.63 -4.53 -4.44 -4.34 -4.24 -4.16 -4.04 -3.91 -3.84 -3.77 -3.64 -3.47 -3.34 -3.23 -3.10 -2.96 -2.83 -2.71 -2.58 -2.46 -2.34 -2.20 -2.08 -1.95 -1.82 -1.68 -1.56 -1.42 -1.26 -1.09 -0.88 -0.68 -0.48 -0.26 0.03 0.35 0.66 1.03 1.30 1.64
-6.17 -6.12 -6.09 -6.03 -5.98 -5.93 -5.87 -5.82 -5.75 -5.71 -5.65 -5.61 -5.52 -5.48 -5.41 -5.34 -5.27 -5.19 -5.12 -5.04 -4.96 -4.89 -4.81 -4.75 -4.66 -4.56 -4.46 -4.37 -4.27 -4.15 -4.08 -3.97 -3.89 -3.74 -3.67 -3.56 -3.44 -3.31 -3.17 -3.05 -2.90 -2.79 -2.67 -2.54 -2.41 -2.28 -2.14 -2.03 -1.89 -1.77 -1.63 -1.50 -1.35 -1.16 -1.04 -0.83 -0.61 -0.41 -0.12 0.16 0.47 0.83 1.10 1.43 1.73 2.12
-6.07 -6.02 -5.96 -5.92 -5.87 -5.82 -5.76 -5.71 -5.65 -5.59 -5.56 -5.52 -5.43 -5.36 -5.30 -5.22 -5.14 -5.06 -4.99 -4.91 -4.83 -4.76 -4.68 -4.58 -4.49 -4.39 -4.30 -4.20 -4.09 -3.98 -3.91 -3.78 -3.70 -3.57 -3.48 -3.36 -3.23 -3.10 -2.96 -2.87 -2.74 -2.63 -2.48 -2.36 -2.22 -2.09 -1.97 -1.84 -1.71 -1.57 -1.45 -1.28 -1.06 -0.85 -0.69 -0.54 -0.25 0.03 0.30 0.59 0.91 1.17 1.52 1.85 2.26 2.58
-5.96 -5.90 -5.86 -5.84 -5.76 -5.70 -5.66 -5.59 -5.55 -5.49 -5.44 -5.37 -5.30 -5.27 -5.18 -5.10 -5.01 -4.93 -4.86 -4.77 -4.70 -4.60 -4.52 -4.42 -4.33 -4.23 -4.12 -4.04 -3.93 -3.82 -3.70 -3.59 -3.48 -3.40 -3.29 -3.16 -3.03 -2.90 -2.81 -2.70 -2.56 -2.43 -2.30 -2.17 -2.04 -1.92 -1.78 -1.66 -1.52 -1.39 -1.19 -0.97 -0.76 -0.56 -0.35 -0.18 0.09 0.39 0.70 1.07 1.35 1.64 1.91 2.31 2.75 3.12
-5.84 -5.82 -5.78 -5.70 -5.67 -5.60 -5.53 -5.50 -5.45 -5.38 -5.34 -5.26 -5.22 -5.14 -5.05 -4.96 -4.88 -4.80 -4.72 -4.63 -4.53 -4.45 -4.37 -4.27 -4.18 -4.06 -3.98 -3.86 -3.73 -3.63 -3.52 -3.41 -3.31 -3.20 -3.09 -2.96 -2.84 -2.75 -2.64 -2.51 -2.38 -2.26 -2.12 -2.00 -1.86 -1.74 -1.59 -1.46 -1.32 -1.10 -0.88 -0.66 -0.45 -0.24 -0.04 0.24 0.43 0.85 1.14 1.45 1.74 2.11 2.42 2.85 3.29 3.65
-5.74 -5.69 -5.65 -5.61 -5.56 -5.48 -5.46 -5.40 -5.33 -5.28 -5.21 -5.16 -5.09 -4.99 -4.91 -4.83 -4.75 -4.67 -4.57 -4.46 -4.38 -4.30 -4.21 -4.12 -4.05 -3.91 -3.79 -3.68 -3.57 -3.45 -3.34 -3.24 -3.13 -3.00 -2.89 -2.78 -2.69 -2.56 -2.43 -2.31 -2.19 -2.08 -1.96 -1.80 -1.69 -1.54 -1.40 -1.25 -1.10 -0.81 -0.57 -0.36 -0.14 0.09 0.31 0.66 1.00 1.29 1.58 1.85 2.17 2.61 3.00 3.17 3.45 4.02
-5.65 -5.60 -5.56 -5.48 -5.43 -5.38 -5.35 -5.28 -5.21 -5.16 -5.10 -5.01 -4.95 -4.87 -4.80 -4.70 -4.63 -4.51 -4.41 -4.32 -4.23 -4.15 -4.08 -3.96 -3.85 -3.73 -3.61 -3.49 -3.38 -3.27 -3.17 -3.06 -2.94 -2.82 -2.72 -2.64 -2.49 -2.36 -2.24 -2.12 -2.01 -1.90 -1.76 -1.64 -1.50 -1.35 -1.19 -1.04 -0.92 -0.72 -0.40 -0.11 0.16 0.44 0.79 1.08 1.42 1.70 2.02 2.28 2.82 3.22 3.35 3.85 3.94 4.68
-5.53 -5.48 -5.43 -5.39 -5.32 -5.29 -5.23 -5.16 -5.10 -5.03 -4.94 -4.88 -4.79 -4.76 -4.65 -4.58 -4.45 -4.35 -4.26 -4.17 -4.08 -3.95 -3.87 -3.78 -3.66 -3.54 -3.41 -3.31 -3.21 -3.10 -2.98 -2.87 -2.76 -2.65 -2.53 -2.41 -2.29 -2.18 -2.07 -1.95 -1.82 -1.69 -1.57 -1.44 -1.29 -1.13 -0.97 -0.86 -0.55 -0.30 -0.03 0.27 0.59 0.92 1.20 1.50 1.79 2.12 2.45 2.88 3.17 3.34 4.12 4.48 4.91 5.08
-5.42 -5.38 -5.33 -5.27 -5.23 -5.17 -5.10 -5.04 -4.96 -4.89 -4.81 -4.75 -4.68 -4.59 -4.48 -4.41 -4.29 -4.20 -4.10 -4.00 -3.89 -3.77 -3.68 -3.58 -3.46 -3.35 -3.24 -3.13 -3.02 -2.92 -2.80 -2.69 -2.57 -2.46 -2.34 -2.23 -2.12 -2.00 -1.89 -1.76 -1.63 -1.51 -1.37 -1.23 -1.06 -0.90 -0.77 -0.45 -0.14 0.13 0.45 0.77 1.04 1.32 1.63 1.88 2.22 2.60 3.02 3.35 3.55 4.15 4.90 5.11 -9999.00 -9999.00
-5.33 -5.26 -5.21 -5.17 -5.10 -5.04 -4.98 -4.90 -4.83 -4.79 -4.68 -4.59 -4.51 -4.42 -4.33 -4.27 -4.14 -4.06 -3.95 -3.84 -3.73 -3.62 -3.51 -3.39 -3.29 -3.18 -3.06 -2.95 -2.83 -2.73 -2.62 -2.51 -2.39 -2.26 -2.16 -2.05 -1.95 -1.82 -1.69 -1.57 -1.44 -1.30 -1.15 -0.98 -0.75 -0.67 -0.36 -0.04 0.27 0.56 0.89 1.20 1.46 1.72 2.02 2.30 2.71 3.14 3.20 3.60 4.02 4.90 5.08 -9999.00 -9999.00 -9999.00
-5.22 -5.16 -5.11 -5.04 -4.98 -4.92 -4.85 -4.76 -4.70 -4.60 -4.51 -4.43 -4.34 -4.26 -4.18 -4.07 -4.02 -3.90 -3.79 -3.68 -3.57 -3.45 -3.34 -3.22 -3.11 -2.99 -2.88 -2.77 -2.67 -2.56 -2.44 -2.31 -2.20 -2.08 -1.97 -1.85 -1.74 -1.63 -1.50 -1.38 -1.24 -1.08 -0.89 -0.63 -0.40 -0.21 0.06 0.37 0.69 0.99 1.29 1.65 1.85 2.14 2.44 2.82 3.05 3.38 3.95 4.39 5.03 5.05 -9999.00 -9999.00 -9999.00 -9999.00
-5.12 -5.04 -4.98 -4.93 -4.85 -4.78 -4.70 -4.66 -4.54 -4.47 -4.38 -4.29 -4.19 -4.10 -4.02 -3.93 -3.83 -3.73 -3.63 -3.50 -3.39 -3.29 -3.16 -3.04 -2.93 -2.82 -2.70 -2.61 -2.49 -2.36 -2.25 -2.13 -2.01 -1.91 -1.79 -1.67 -1.55 -1.43 -1.32 -1.17 -1.02 -0.78 -0.52 -0.26 -0.06 0.25 0.52 0.79 1.06 1.42 1.71 1.95 2.34 2.67 3.11 3.32 3.83 4.35 4.87 5.07 5.02 -9999.00 -9999.00 -9999.00 -9999.00 -9999.00
-5.01 -4.94 -4.87 -4.80 -4.72 -4.64 -4.57 -4.50 -4.42 -4.33 -4.24 -4.14 -4.05 -3.98 -3.87 -3.76 -3.65 -3.55 -3.44 -3.34 -3.23 -3.11 -2.99 -2.87 -2.76 -2.64 -2.55 -2.42 -2.30 -2.18 -2.06 -1.94 -1.83 -1.71 -1.61 -1.48 -1.36 -1.22 -1.04 -0.93 -0.68 -0.42 -0.16 0.10 0.35 0.66 0.94 1.21 1.50 1.84 2.12 2.41 2.74 3.03 3.16 3.61 4.27 4.84 5.05 -9999.00 -9999.00 -9999.00 -9999.00 -9999.00 -9999.00 -9999.00
-4.89 -4.82 -4.75 -4.65 -4.58 -4.51 -4.45 -4.35 -4.28 -4.20 -4.09 -3.98 -3.88 -3.81 -3.72 -3.62 -3.53 -3.43 -3.28 -3.21 -3.07 -2.93 -2.81 -2.70 -2.58 -2.47 -2.35 -2.23 -2.10 -1.99 -1.87 -1.76 -1.65 -1.53 -1.41 -1.29 -1.15 -0.94 -0.73 -0.65 -0.48 -0.10 0.23 0.45 0.81 1.10 1.40 1.63 1.93 2.34 2.71 3.11 3.38 3.43 3.65 4.02 5.15 5.04 -9999.00 -9999.00 -9999.00 -9999.00 -9999.00 -9999.00 -9999.00 -9999.00
