utils/5a01f6d0e4b0531197b72cfe/584ef575e4b0260a37381981/584ef59ce4b0260a37381984/ew13_sept_dem_5m.asc
ncols	796
nrows	428
xllcorner	295240.00
yllcorner	130095.00
cellsize	5.00
NODATA_value	-9999.00
[rows 330 to 359 of 428, columns 134 to 200 of 796]
-6.72 -6.63 -6.53 -6.42 -6.33 -6.24 -6.13 -6.02 -5.92 -5.90 -5.72 -5.62 -5.52 -5.41 -5.31 -5.21 -5.09 -4.98 -4.89 -4.76 -4.63 -4.53 -4.43 -4.30 -4.17 -3.98 -3.86 -3.70 -3.53 -3.38 -3.22 -3.04 -2.84 -2.65 -2.46 -2.28 -2.07 -1.88 -1.66 -1.45 -1.26 -1.11 -0.98 -0.87 -0.74 -0.64 -0.52 -0.40 -0.24 0.01 0.26 0.48 0.65 0.95 1.42 1.90 2.58 3.05 3.17 3.68 4.42 4.73 5.28 -9999.00 -9999.00 -9999.00 -9999.00
-6.60 -6.50 -6.39 -6.30 -6.21 -6.11 -6.01 -5.89 -5.80 -5.70 -5.59 -5.49 -5.39 -5.29 -5.18 -5.07 -4.95 -4.85 -4.73 -4.62 -4.50 -4.39 -4.26 -4.11 -3.95 -3.84 -3.67 -3.52 -3.34 -3.19 -3.01 -2.81 -2.62 -2.44 -2.25 -2.06 -1.85 -1.63 -1.43 -1.27 -1.10 -0.97 -0.85 -0.71 -0.61 -0.53 -0.41 -0.22 0.03 0.27 0.52 0.77 1.09 1.40 1.88 2.37 2.87 3.36 3.67 4.20 4.83 4.88 -9999.00 -9999.00 -9999.00 -9999.00 -9999.00
-6.48 -6.36 -6.27 -6.18 -6.07 -6.00 -5.87 -5.78 -5.68 -5.57 -5.47 -5.37 -5.27 -5.15 -5.04 -4.93 -4.83 -4.70 -4.59 -4.47 -4.35 -4.22 -4.09 -3.93 -3.82 -3.65 -3.48 -3.32 -3.15 -2.97 -2.78 -2.59 -2.41 -2.22 -2.02 -1.82 -1.61 -1.42 -1.23 -1.09 -0.95 -0.84 -0.71 -0.56 -0.49 -0.41 -0.20 0.03 0.28 0.54 0.79 1.13 1.55 2.00 2.47 2.95 3.38 3.72 4.09 4.51 4.69 -9999.00 -9999.00 -9999.00 -9999.00 -9999.00 -9999.00
-6.33 -6.24 -6.15 -6.03 -5.97 -5.85 -5.76 -5.65 -5.55 -5.44 -5.36 -5.26 -5.13 -5.02 -4.91 -4.80 -4.68 -4.57 -4.44 -4.32 -4.18 -4.07 -3.91 -3.78 -3.62 -3.44 -3.30 -3.13 -2.94 -2.74 -2.57 -2.38 -2.19 -1.98 -1.78 -1.59 -1.40 -1.22 -1.08 -0.95 -0.82 -0.69 -0.56 -0.45 -0.37 -0.13 0.10 0.31 0.57 0.79 1.11 1.50 2.07 2.63 3.04 3.50 3.95 4.32 4.69 4.90 -9999.00 -9999.00 -9999.00 -9999.00 -9999.00 -9999.00 -9999.00
-6.20 -6.12 -6.02 -5.94 -5.83 -5.74 -5.63 -5.53 -5.42 -5.31 -5.24 -5.10 -5.00 -4.89 -4.77 -4.66 -4.56 -4.40 -4.30 -4.14 -4.02 -3.88 -3.74 -3.57 -3.41 -3.26 -3.07 -2.90 -2.70 -2.53 -2.35 -2.16 -1.96 -1.76 -1.57 -1.38 -1.20 -1.08 -0.94 -0.80 -0.68 -0.55 -0.42 -0.33 -0.10 0.16 0.40 0.61 0.87 1.18 1.64 2.08 2.47 3.14 3.31 3.62 4.54 5.01 4.97 -9999.00 -9999.00 -9999.00 -9999.00 -9999.00 -9999.00 -9999.00 -9999.00
-6.10 -5.98 -5.89 -5.79 -5.72 -5.61 -5.49 -5.39 -5.29 -5.20 -5.08 -4.98 -4.88 -4.74 -4.64 -4.53 -4.37 -4.26 -4.11 -3.98 -3.86 -3.70 -3.54 -3.37 -3.21 -3.03 -2.85 -2.66 -2.48 -2.32 -2.12 -1.91 -1.73 -1.54 -1.36 -1.19 -1.05 -0.93 -0.81 -0.66 -0.53 -0.40 -0.27 -0.07 0.19 0.46 0.71 0.91 1.24 1.57 2.15 2.66 3.13 3.35 3.63 4.23 4.95 4.84 -9999.00 -9999.00 -9999.00 -9999.00 -9999.00 -9999.00 -9999.00 -9999.00 -9999.00
-5.96 -5.85 -5.76 -5.69 -5.59 -5.47 -5.37 -5.26 -5.17 -5.05 -4.95 -4.85 -4.73 -4.61 -4.50 -4.35 -4.23 -4.10 -3.94 -3.84 -3.68 -3.51 -3.34 -3.17 -3.00 -2.82 -2.65 -2.43 -2.29 -2.08 -1.89 -1.71 -1.53 -1.34 -1.17 -1.04 -0.91 -0.80 -0.70 -0.60 -0.46 -0.27 -0.03 0.21 0.51 0.77 1.02 1.42 1.77 2.03 2.58 3.20 3.72 3.96 4.50 5.00 4.87 -9999.00 -9999.00 -9999.00 -9999.00 -9999.00 -9999.00 -9999.00 -9999.00 -9999.00 -9999.00
-5.81 -5.74 -5.65 -5.54 -5.43 -5.35 -5.23 -5.14 -5.03 -4.92 -4.81 -4.70 -4.58 -4.47 -4.33 -4.19 -4.08 -3.91 -3.82 -3.65 -3.48 -3.30 -3.13 -2.96 -2.78 -2.59 -2.41 -2.24 -2.06 -1.88 -1.68 -1.50 -1.33 -1.17 -1.03 -0.89 -0.78 -0.69 -0.57 -0.34 -0.17 0.03 0.27 0.61 0.80 1.03 1.46 2.01 2.41 2.66 3.13 3.61 4.08 4.43 5.05 -9999.00 -9999.00 -9999.00 -9999.00 -9999.00 -9999.00 -9999.00 -9999.00 -9999.00 -9999.00 -9999.00 -9999.00
-5.71 -5.63 -5.51 -5.40 -5.31 -5.20 -5.12 -5.01 -4.88 -4.78 -4.67 -4.54 -4.44 -4.30 -4.16 -4.03 -3.88 -3.81 -3.63 -3.44 -3.27 -3.10 -2.93 -2.74 -2.56 -2.39 -2.21 -2.03 -1.86 -1.65 -1.49 -1.33 -1.15 -1.01 -0.87 -0.77 -0.69 -0.56 -0.31 -0.06 0.11 0.35 0.55 0.89 1.25 1.60 1.97 2.46 2.97 3.20 3.43 4.18 4.83 5.03 -9999.00 -9999.00 -9999.00 -9999.00 -9999.00 -9999.00 -9999.00 -9999.00 -9999.00 -9999.00 -9999.00 -9999.00 -9999.00
-5.60 -5.48 -5.40 -5.27 -5.18 -5.09 -5.00 -4.85 -4.75 -4.64 -4.51 -4.40 -4.27 -4.13 -4.00 -3.86 -3.78 -3.58 -3.40 -3.24 -3.06 -2.90 -2.72 -2.54 -2.37 -2.19 -2.01 -1.83 -1.64 -1.46 -1.32 -1.19 -1.00 -0.86 -0.76 -0.66 -0.55 -0.30 -0.05 0.21 0.39 0.62 0.82 1.15 1.63 2.13 2.63 2.96 3.33 3.58 3.98 4.67 4.98 -9999.00 -9999.00 -9999.00 -9999.00 -9999.00 -9999.00 -9999.00 -9999.00 -9999.00 -9999.00 -9999.00 -9999.00 -9999.00 -9999.00
-5.45 -5.36 -5.25 -5.16 -5.05 -4.96 -4.81 -4.71 -4.61 -4.48 -4.37 -4.24 -4.10 -3.97 -3.83 -3.73 -3.53 -3.38 -3.22 -3.02 -2.86 -2.67 -2.52 -2.35 -2.17 -1.98 -1.81 -1.62 -1.43 -1.28 -1.15 -1.01 -0.87 -0.76 -0.64 -0.52 -0.29 -0.03 0.22 0.48 0.67 0.96 1.21 1.54 1.94 2.49 3.07 3.54 3.90 4.39 4.88 4.97 -9999.00 -9999.00 -9999.00 -9999.00 -9999.00 -9999.00 -9999.00 -9999.00 -9999.00 -9999.00 -9999.00 -9999.00 -9999.00 -9999.00 -9999.00
-5.33 -5.21 -5.11 -5.02 -4.90 -4.78 -4.69 -4.58 -4.44 -4.33 -4.21 -4.08 -3.95 -3.80 -3.68 -3.49 -3.36 -3.18 -3.00 -2.84 -2.65 -2.48 -2.31 -2.16 -1.99 -1.77 -1.60 -1.40 -1.25 -1.11 -0.98 -0.85 -0.73 -0.62 -0.52 -0.28 -0.02 0.23 0.48 0.74 0.95 1.39 1.79 2.12 2.31 2.91 3.40 3.76 4.61 5.00 -9999.00 -9999.00 -9999.00 -9999.00 -9999.00 -9999.00 -9999.00 -9999.00 -9999.00 -9999.00 -9999.00 -9999.00 -9999.00 -9999.00 -9999.00 -9999.00 -9999.00
-5.18 -5.08 -4.99 -4.87 -4.76 -4.66 -4.54 -4.42 -4.30 -4.18 -4.05 -3.92 -3.77 -3.63 -3.46 -3.32 -3.14 -2.97 -2.80 -2.63 -2.45 -2.29 -2.13 -1.97 -1.78 -1.59 -1.39 -1.21 -1.09 -0.96 -0.83 -0.72 -0.59 -0.46 -0.24 -0.06 0.28 0.54 0.80 1.01 1.41 1.81 2.27 2.69 3.20 3.27 3.69 4.32 4.93 -9999.00 -9999.00 -9999.00 -9999.00 -9999.00 -9999.00 -9999.00 -9999.00 -9999.00 -9999.00 -9999.00 -9999.00 -9999.00 -9999.00 -9999.00 -9999.00 -9999.00 -9999.00
-5.05 -4.94 -4.82 -4.73 -4.62 -4.51 -4.39 -4.26 -4.16 -4.03 -3.90 -3.74 -3.58 -3.43 -3.27 -3.11 -2.93 -2.76 -2.59 -2.42 -2.26 -2.10 -1.93 -1.75 -1.57 -1.38 -1.21 -1.06 -0.93 -0.81 -0.70 -0.55 -0.38 -0.17 0.02 0.24 0.54 0.89 1.17 1.49 1.92 2.41 2.81 3.15 3.49 4.02 4.72 4.96 -9999.00 -9999.00 -9999.00 -9999.00 -9999.00 -9999.00 -9999.00 -9999.00 -9999.00 -9999.00 -9999.00 -9999.00 -9999.00 -9999.00 -9999.00 -9999.00 -9999.00 -9999.00 -9999.00
-4.91 -4.80 -4.70 -4.58 -4.46 -4.35 -4.23 -4.09 -3.98 -3.87 -3.70 -3.54 -3.40 -3.23 -3.07 -2.90 -2.73 -2.54 -2.39 -2.22 -2.06 -1.89 -1.72 -1.58 -1.37 -1.19 -1.04 -0.94 -0.79 -0.69 -0.54 -0.35 -0.10 0.15 0.36 0.62 0.85 1.19 1.54 2.07 2.36 2.86 3.25 3.51 4.32 4.83 5.02 -9999.00 -9999.00 -9999.00 -9999.00 -9999.00 -9999.00 -9999.00 -9999.00 -9999.00 -9999.00 -9999.00 -9999.00 -9999.00 -9999.00 -9999.00 -9999.00 -9999.00 -9999.00 -9999.00 -9999.00
-4.77 -4.66 -4.55 -4.42 -4.31 -4.18 -4.06 -3.95 -3.81 -3.66 -3.51 -3.36 -3.19 -3.03 -2.86 -2.69 -2.51 -2.36 -2.18 -2.02 -1.86 -1.70 -1.54 -1.36 -1.18 -1.03 -0.95 -0.79 -0.61 -0.36 -0.27 -0.05 0.20 0.43 0.69 0.97 1.25 1.52 1.92 2.45 2.94 3.36 3.73 4.05 4.52 -9999.00 -9999.00 -9999.00 -9999.00 -9999.00 -9999.00 -9999.00 -9999.00 -9999.00 -9999.00 -9999.00 -9999.00 -9999.00 -9999.00 -9999.00 -9999.00 -9999.00 -9999.00 -9999.00 -9999.00 -9999.00 -9999.00
-4.62 -4.51 -4.38 -4.27 -4.13 -4.01 -3.90 -3.76 -3.61 -3.48 -3.32 -3.16 -3.00 -2.82 -2.65 -2.47 -2.32 -2.16 -1.99 -1.83 -1.66 -1.50 -1.35 -1.17 -1.02 -0.93 -0.79 -0.64 -0.38 -0.13 0.10 0.27 0.53 0.77 1.01 1.36 1.69 2.00 2.39 2.93 3.44 3.90 4.27 4.56 -9999.00 -9999.00 -9999.00 -9999.00 -9999.00 -9999.00 -9999.00 -9999.00 -9999.00 -9999.00 -9999.00 -9999.00 -9999.00 -9999.00 -9999.00 -9999.00 -9999.00 -9999.00 -9999.00 -9999.00 -9999.00 -9999.00 -9999.00
-4.47 -4.35 -4.20 -4.11 -3.98 -3.85 -3.72 -3.56 -3.43 -3.26 -3.12 -2.95 -2.78 -2.62 -2.44 -2.29 -2.12 -1.96 -1.79 -1.62 -1.47 -1.34 -1.14 -1.00 -0.86 -0.74 -0.66 -0.41 -0.16 0.10 0.35 0.58 0.86 1.18 1.46 1.75 2.07 2.47 3.06 3.51 3.97 4.42 4.86 -9999.00 -9999.00 -9999.00 -9999.00 -9999.00 -9999.00 -9999.00 -9999.00 -9999.00 -9999.00 -9999.00 -9999.00 -9999.00 -9999.00 -9999.00 -9999.00 -9999.00 -9999.00 -9999.00 -9999.00 -9999.00 -9999.00 -9999.00 -9999.00
-4.30 -4.18 -4.07 -3.94 -3.80 -3.68 -3.52 -3.37 -3.21 -3.06 -2.90 -2.74 -2.58 -2.41 -2.26 -2.08 -1.92 -1.76 -1.58 -1.44 -1.28 -1.13 -0.99 -0.84 -0.70 -0.56 -0.40 -0.12 0.14 0.41 0.67 0.96 1.18 1.51 1.88 2.17 2.45 3.12 3.79 4.20 4.49 4.99 -9999.00 -9999.00 -9999.00 -9999.00 -9999.00 -9999.00 -9999.00 -9999.00 -9999.00 -9999.00 -9999.00 -9999.00 -9999.00 -9999.00 -9999.00 -9999.00 -9999.00 -9999.00 -9999.00 -9999.00 -9999.00 -9999.00 -9999.00 -9999.00 -9999.00
-4.15 -4.02 -3.88 -3.75 -3.63 -3.46 -3.33 -3.16 -3.01 -2.85 -2.70 -2.54 -2.37 -2.23 -2.05 -1.86 -1.71 -1.55 -1.40 -1.25 -1.12 -0.95 -0.83 -0.68 -0.54 -0.35 -0.09 0.19 0.46 0.72 0.99 1.34 1.61 1.91 2.24 2.67 3.06 3.68 4.09 4.76 -9999.00 -9999.00 -9999.00 -9999.00 -9999.00 -9999.00 -9999.00 -9999.00 -9999.00 -9999.00 -9999.00 -9999.00 -9999.00 -9999.00 -9999.00 -9999.00 -9999.00 -9999.00 -9999.00 -9999.00 -9999.00 -9999.00 -9999.00 -9999.00 -9999.00 -9999.00 -9999.00
-3.97 -3.83 -3.67 -3.58 -3.41 -3.26 -3.10 -2.96 -2.80 -2.66 -2.49 -2.32 -2.16 -2.03 -1.83 -1.67 -1.51 -1.36 -1.21 -1.10 -0.94 -0.82 -0.67 -0.52 -0.27 -0.01 0.19 0.50 0.78 1.05 1.37 1.71 2.06 2.29 2.72 3.36 3.74 4.06 4.70 -9999.00 -9999.00 -9999.00 -9999.00 -9999.00 -9999.00 -9999.00 -9999.00 -9999.00 -9999.00 -9999.00 -9999.00 -9999.00 -9999.00 -9999.00 -9999.00 -9999.00 -9999.00 -9999.00 -9999.00 -9999.00 -9999.00 -9999.00 -9999.00 -9999.00 -9999.00 -9999.00 -9999.00
-3.78 -3.64 -3.54 -3.37 -3.19 -3.05 -2.90 -2.75 -2.62 -2.45 -2.28 -2.12 -1.98 -1.80 -1.64 -1.47 -1.31 -1.18 -1.04 -0.93 -0.80 -0.65 -0.47 -0.20 0.07 0.33 0.48 0.80 1.10 1.47 1.76 2.10 2.49 2.92 3.60 3.82 4.17 4.64 -9999.00 -9999.00 -9999.00 -9999.00 -9999.00 -9999.00 -9999.00 -9999.00 -9999.00 -9999.00 -9999.00 -9999.00 -9999.00 -9999.00 -9999.00 -9999.00 -9999.00 -9999.00 -9999.00 -9999.00 -9999.00 -9999.00 -9999.00 -9999.00 -9999.00 -9999.00 -9999.00 -9999.00 -9999.00
-3.61 -3.47 -3.33 -3.15 -2.99 -2.85 -2.70 -2.57 -2.41 -2.25 -2.09 -1.94 -1.77 -1.60 -1.43 -1.30 -1.12 -0.96 -0.90 -0.79 -0.63 -0.40 -0.13 0.14 0.41 0.65 0.83 1.15 1.48 1.84 2.15 2.49 2.92 3.53 4.21 4.58 4.68 -9999.00 -9999.00 -9999.00 -9999.00 -9999.00 -9999.00 -9999.00 -9999.00 -9999.00 -9999.00 -9999.00 -9999.00 -9999.00 -9999.00 -9999.00 -9999.00 -9999.00 -9999.00 -9999.00 -9999.00 -9999.00 -9999.00 -9999.00 -9999.00 -9999.00 -9999.00 -9999.00 -9999.00 -9999.00 -9999.00
-3.43 -3.29 -3.12 -2.97 -2.83 -2.65 -2.53 -2.36 -2.21 -2.06 -1.91 -1.73 -1.57 -1.40 -1.28 -1.11 -0.98 -0.74 -0.54 -0.56 -0.32 -0.06 0.21 0.48 0.75 0.98 1.33 1.70 2.03 2.26 2.57 3.19 3.57 4.01 4.64 4.95 -9999.00 -9999.00 -9999.00 -9999.00 -9999.00 -9999.00 -9999.00 -9999.00 -9999.00 -9999.00 -9999.00 -9999.00 -9999.00 -9999.00 -9999.00 -9999.00 -9999.00 -9999.00 -9999.00 -9999.00 -9999.00 -9999.00 -9999.00 -9999.00 -9999.00 -9999.00 -9999.00 -9999.00 -9999.00 -9999.00 -9999.00
-3.24 -3.08 -2.94 -2.78 -2.63 -2.48 -2.32 -2.17 -2.04 -1.87 -1.69 -1.53 -1.38 -1.26 -1.13 -0.96 -0.76 -0.52 -0.28 -0.19 0.02 0.26 0.54 0.82 1.14 1.44 1.75 2.18 2.61 2.93 3.25 3.91 4.02 4.68 -9999.00 -9999.00 -9999.00 -9999.00 -9999.00 -9999.00 -9999.00 -9999.00 -9999.00 -9999.00 -9999.00 -9999.00 -9999.00 -9999.00 -9999.00 -9999.00 -9999.00 -9999.00 -9999.00 -9999.00 -9999.00 -9999.00 -9999.00 -9999.00 -9999.00 -9999.00 -9999.00 -9999.00 -9999.00 -9999.00 -9999.00 -9999.00 -9999.00
-3.04 -2.90 -2.74 -2.59 -2.44 -2.28 -2.14 -2.01 -1.80 -1.65 -1.49 -1.35 -1.23 -1.11 -0.94 -0.78 -0.54 -0.30 -0.06 0.18 0.37 0.61 0.83 1.14 1.53 1.86 2.17 2.60 3.00 3.48 3.62 4.37 4.70 -9999.00 -9999.00 -9999.00 -9999.00 -9999.00 -9999.00 -9999.00 -9999.00 -9999.00 -9999.00 -9999.00 -9999.00 -9999.00 -9999.00 -9999.00 -9999.00 -9999.00 -9999.00 -9999.00 -9999.00 -9999.00 -9999.00 -9999.00 -9999.00 -9999.00 -9999.00 -9999.00 -9999.00 -9999.00 -9999.00 -9999.00 -9999.00 -9999.00 -9999.00
-2.84 -2.69 -2.56 -2.40 -2.25 -2.12 -1.98 -1.79 -1.64 -1.44 -1.32 -1.20 -1.08 -0.96 -0.79 -0.55 -0.32 -0.08 0.18 0.46 0.68 0.89 1.17 1.51 1.90 2.30 2.63 3.14 3.54 4.06 4.42 4.85 -9999.00 -9999.00 -9999.00 -9999.00 -9999.00 -9999.00 -9999.00 -9999.00 -9999.00 -9999.00 -9999.00 -9999.00 -9999.00 -9999.00 -9999.00 -9999.00 -9999.00 -9999.00 -9999.00 -9999.00 -9999.00 -9999.00 -9999.00 -9999.00 -9999.00 -9999.00 -9999.00 -9999.00 -9999.00 -9999.00 -9999.00 -9999.00 -9999.00 -9999.00 -9999.00
-2.65 -2.52 -2.36 -2.22 -2.08 -1.93 -1.76 -1.60 -1.45 -1.23 -1.09 -1.04 -0.93 -0.76 -0.57 -0.33 -0.04 0.24 0.52 0.81 0.99 1.24 1.59 1.90 2.25 2.68 3.38 3.97 4.51 4.58 4.78 -9999.00 -9999.00 -9999.00 -9999.00 -9999.00 -9999.00 -9999.00 -9999.00 -9999.00 -9999.00 -9999.00 -9999.00 -9999.00 -9999.00 -9999.00 -9999.00 -9999.00 -9999.00 -9999.00 -9999.00 -9999.00 -9999.00 -9999.00 -9999.00 -9999.00 -9999.00 -9999.00 -9999.00 -9999.00 -9999.00 -9999.00 -9999.00 -9999.00 -9999.00 -9999.00 -9999.00
-2.47 -2.33 -2.18 -2.03 -1.90 -1.72 -1.56 -1.41 -1.25 -1.07 -0.95 -0.84 -0.71 -0.57 -0.26 0.02 0.30 0.59 0.87 1.12 1.41 1.65 1.96 2.26 2.70 3.13 3.72 4.37 4.75 -9999.00 -9999.00 -9999.00 -9999.00 -9999.00 -9999.00 -9999.00 -9999.00 -9999.00 -9999.00 -9999.00 -9999.00 -9999.00 -9999.00 -9999.00 -9999.00 -9999.00 -9999.00 -9999.00 -9999.00 -9999.00 -9999.00 -9999.00 -9999.00 -9999.00 -9999.00 -9999.00 -9999.00 -9999.00 -9999.00 -9999.00 -9999.00 -9999.00 -9999.00 -9999.00 -9999.00 -9999.00 -9999.00
-2.29 -2.14 -1.99 -1.86 -1.69 -1.51 -1.36 -1.21 -1.07 -0.93 -0.83 -0.60 -0.39 -0.23 0.05 0.35 0.64 0.92 1.22 1.55 1.80 2.16 2.50 2.97 3.42 3.81 4.11 4.78 -9999.00 -9999.00 -9999.00 -9999.00 -9999.00 -9999.00 -9999.00 -9999.00 -9999.00 -9999.00 -9999.00 -9999.00 -9999.00 -9999.00 -9999.00 -9999.00 -9999.00 -9999.00 -9999.00 -9999.00 -9999.00 -9999.00 -9999.00 -9999.00 -9999.00 -9999.00 -9999.00 -9999.00 -9999.00 -9999.00 -9999.00 -9999.00 -9999.00 -9999.00 -9999.00 -9999.00 -9999.00 -9999.00 -9999.00
