utils/5a01f6d0e4b0531197b72cfe/584ef575e4b0260a37381981/584ef59ce4b0260a37381984/ew13_sept_dem_5m.asc
ncols	796
nrows	428
xllcorner	295240.00
yllcorner	130095.00
cellsize	5.00
NODATA_value	-9999.00
[rows 0 to 29 of 428, columns 335 to 401 of 796]
-9999.00 -9999.00 -9999.00 -9999.00 -9999.00 -9999.00 -9999.00 -9999.00 -9999.00 -9999.00 -9999.00 -9999.00 -9999.00 -9999.00 -9999.00 -9999.00 -9999.00 -9999.00 -9999.00 -9999.00 -9999.00 -9999.00 -9999.00 -9999.00 -9999.00 -9999.00 -9999.00 -9999.00 -9999.00 -9999.00 -9999.00 -9999.00 -9999.00 -9999.00 -9999.00 -9999.00 -9999.00 -9999.00 -9999.00 -9999.00 -9999.00 -9999.00 -9999.00 -9999.00 -9999.00 -9999.00 -9999.00 -9999.00 -9999.00 -9999.00 -9999.00 -9999.00 -9999.00 -9999.00 -9999.00 -9999.00 -9999.00 -9999.00 -9999.00 -9999.00 -9999.00 -9999.00 -9999.00 -9999.00 -9999.00 -9999.00 -9999.00
-9999.00 -9999.00 -15.57 -15.46 -15.42 -9999.00 -9999.00 -9999.00 -9999.00 -9999.00 -9999.00 -9999.00 -9999.00 -9999.00 -9999.00 -9999.00 -9999.00 -9999.00 -9999.00 -9999.00 -9999.00 -9999.00 -9999.00 -9999.00 -9999.00 -9999.00 -9999.00 -9999.00 -9999.00 -9999.00 -9999.00 -9999.00 -9999.00 -9999.00 -9999.00 -9999.00 -9999.00 -9999.00 -9999.00 -9999.00 -9999.00 -9999.00 -9999.00 -9999.00 -9999.00 -9999.00 -9999.00 -9999.00 -9999.00 -9999.00 -9999.00 -9999.00 -9999.00 -9999.00 -9999.00 -9999.00 -9999.00 -9999.00 -9999.00 -9999.00 -9999.00 -9999.00 -9999.00 -9999.00 -9999.00 -9999.00 -9999.00
-15.80 -15.79 -15.73 -15.66 -15.64 -9999.00 -9999.00 -9999.00 -9999.00 -9999.00 -9999.00 -9999.00 -9999.00 -9999.00 -9999.00 -9999.00 -9999.00 -9999.00 -9999.00 -9999.00 -9999.00 -9999.00 -9999.00 -9999.00 -9999.00 -9999.00 -9999.00 -9999.00 -9999.00 -9999.00 -9999.00 -9999.00 -9999.00 -9999.00 -9999.00 -9999.00 -9999.00 -9999.00 -9999.00 -9999.00 -9999.00 -9999.00 -9999.00 -9999.00 -9999.00 -9999.00 -9999.00 -9999.00 -9999.00 -9999.00 -9999.00 -9999.00 -9999.00 -9999.00 -9999.00 -9999.00 -9999.00 -9999.00 -9999.00 -9999.00 -9999.00 -9999.00 -9999.00 -9999.00 -9999.00 -9999.00 -9999.00
-15.93 -15.89 -15.84 -15.79 -15.75 -9999.00 -9999.00 -9999.00 -9999.00 -9999.00 -9999.00 -9999.00 -9999.00 -9999.00 -9999.00 -9999.00 -9999.00 -9999.00 -9999.00 -9999.00 -9999.00 -9999.00 -9999.00 -9999.00 -9999.00 -9999.00 -9999.00 -9999.00 -9999.00 -9999.00 -9999.00 -9999.00 -9999.00 -9999.00 -9999.00 -9999.00 -9999.00 -9999.00 -9999.00 -9999.00 -9999.00 -9999.00 -9999.00 -9999.00 -9999.00 -9999.00 -9999.00 -9999.00 -9999.00 -9999.00 -9999.00 -9999.00 -9999.00 -9999.00 -9999.00 -9999.00 -9999.00 -9999.00 -9999.00 -9999.00 -9999.00 -9999.00 -9999.00 -9999.00 -9999.00 -9999.00 -9999.00
-16.06 -15.99 -15.86 -15.80 -15.76 -15.72 -9999.00 -9999.00 -9999.00 -9999.00 -9999.00 -9999.00 -9999.00 -9999.00 -9999.00 -9999.00 -9999.00 -9999.00 -9999.00 -9999.00 -9999.00 -9999.00 -9999.00 -9999.00 -9999.00 -9999.00 -9999.00 -9999.00 -9999.00 -9999.00 -9999.00 -9999.00 -9999.00 -9999.00 -9999.00 -9999.00 -9999.00 -9999.00 -9999.00 -9999.00 -9999.00 -9999.00 -9999.00 -9999.00 -9999.00 -9999.00 -9999.00 -9999.00 -9999.00 -9999.00 -9999.00 -9999.00 -9999.00 -9999.00 -9999.00 -9999.00 -9999.00 -9999.00 -9999.00 -9999.00 -9999.00 -9999.00 -9999.00 -9999.00 -9999.00 -9999.00 -9999.00
-16.06 -15.98 -15.89 -15.83 -15.77 -15.72 -9999.00 -9999.00 -9999.00 -9999.00 -9999.00 -9999.00 -9999.00 -9999.00 -9999.00 -9999.00 -9999.00 -9999.00 -9999.00 -9999.00 -9999.00 -9999.00 -9999.00 -9999.00 -9999.00 -9999.00 -9999.00 -9999.00 -9999.00 -9999.00 -9999.00 -9999.00 -9999.00 -9999.00 -9999.00 -9999.00 -9999.00 -9999.00 -9999.00 -9999.00 -9999.00 -9999.00 -9999.00 -9999.00 -9999.00 -9999.00 -9999.00 -9999.00 -9999.00 -9999.00 -9999.00 -9999.00 -9999.00 -9999.00 -9999.00 -9999.00 -9999.00 -9999.00 -9999.00 -9999.00 -9999.00 -9999.00 -9999.00 -9999.00 -9999.00 -9999.00 -9999.00
-16.08 -16.03 -16.00 -15.98 -15.95 -15.89 -9999.00 -9999.00 -9999.00 -9999.00 -9999.00 -9999.00 -9999.00 -9999.00 -9999.00 -9999.00 -9999.00 -9999.00 -9999.00 -9999.00 -9999.00 -9999.00 -9999.00 -9999.00 -9999.00 -9999.00 -9999.00 -9999.00 -9999.00 -9999.00 -9999.00 -9999.00 -9999.00 -9999.00 -9999.00 -9999.00 -9999.00 -9999.00 -9999.00 -9999.00 -9999.00 -9999.00 -9999.00 -9999.00 -9999.00 -9999.00 -9999.00 -9999.00 -9999.00 -9999.00 -9999.00 -9999.00 -9999.00 -9999.00 -9999.00 -9999.00 -9999.00 -9999.00 -9999.00 -9999.00 -9999.00 -9999.00 -9999.00 -9999.00 -9999.00 -9999.00 -9999.00
-16.21 -16.19 -16.14 -16.09 -16.04 -16.05 -15.96 -9999.00 -9999.00 -9999.00 -9999.00 -9999.00 -9999.00 -9999.00 -9999.00 -9999.00 -9999.00 -9999.00 -9999.00 -9999.00 -9999.00 -9999.00 -9999.00 -9999.00 -9999.00 -9999.00 -9999.00 -9999.00 -9999.00 -9999.00 -9999.00 -9999.00 -9999.00 -9999.00 -9999.00 -9999.00 -9999.00 -9999.00 -9999.00 -9999.00 -9999.00 -9999.00 -9999.00 -9999.00 -9999.00 -9999.00 -9999.00 -9999.00 -9999.00 -9999.00 -9999.00 -9999.00 -9999.00 -9999.00 -9999.00 -9999.00 -9999.00 -9999.00 -9999.00 -9999.00 -9999.00 -9999.00 -9999.00 -9999.00 -9999.00 -14.37 -14.01
-16.21 -16.16 -16.11 -16.09 -16.13 -16.14 -16.08 -9999.00 -9999.00 -9999.00 -9999.00 -9999.00 -9999.00 -9999.00 -9999.00 -9999.00 -9999.00 -9999.00 -9999.00 -9999.00 -9999.00 -9999.00 -9999.00 -9999.00 -9999.00 -9999.00 -9999.00 -9999.00 -9999.00 -9999.00 -9999.00 -9999.00 -9999.00 -9999.00 -9999.00 -9999.00 -9999.00 -9999.00 -9999.00 -9999.00 -9999.00 -9999.00 -9999.00 -9999.00 -9999.00 -9999.00 -9999.00 -9999.00 -9999.00 -9999.00 -9999.00 -9999.00 -9999.00 -9999.00 -9999.00 -9999.00 -9999.00 -9999.00 -9999.00 -9999.00 -9999.00 -15.13 -14.98 -14.83 -14.62 -14.36 -14.02
-16.19 -16.14 -16.15 -16.15 -16.16 -16.20 -16.18 -9999.00 -9999.00 -9999.00 -9999.00 -9999.00 -9999.00 -9999.00 -9999.00 -9999.00 -9999.00 -9999.00 -9999.00 -9999.00 -9999.00 -9999.00 -9999.00 -9999.00 -9999.00 -9999.00 -9999.00 -9999.00 -9999.00 -9999.00 -9999.00 -9999.00 -9999.00 -9999.00 -9999.00 -9999.00 -9999.00 -9999.00 -9999.00 -9999.00 -9999.00 -9999.00 -9999.00 -9999.00 -9999.00 -9999.00 -9999.00 -9999.00 -9999.00 -9999.00 -9999.00 -9999.00 -9999.00 -9999.00 -9999.00 -9999.00 -9999.00 -9999.00 -15.33 -15.35 -15.22 -15.09 -14.96 -14.82 -14.56 -14.26 -13.94
-16.20 -16.18 -16.16 -16.18 -16.18 -16.19 -16.20 -16.16 -9999.00 -9999.00 -9999.00 -9999.00 -9999.00 -9999.00 -9999.00 -9999.00 -9999.00 -9999.00 -9999.00 -9999.00 -9999.00 -9999.00 -9999.00 -9999.00 -9999.00 -9999.00 -9999.00 -9999.00 -9999.00 -9999.00 -9999.00 -9999.00 -9999.00 -9999.00 -9999.00 -9999.00 -9999.00 -9999.00 -9999.00 -9999.00 -9999.00 -9999.00 -9999.00 -9999.00 -9999.00 -9999.00 -9999.00 -9999.00 -9999.00 -9999.00 -9999.00 -9999.00 -9999.00 -9999.00 -14.98 -14.95 -15.11 -15.19 -15.19 -15.16 -15.07 -14.95 -14.83 -14.71 -14.44 -14.19 -13.93
-16.19 -16.16 -16.21 -16.23 -16.22 -16.18 -16.11 -16.08 -9999.00 -9999.00 -9999.00 -9999.00 -9999.00 -9999.00 -9999.00 -9999.00 -9999.00 -9999.00 -9999.00 -9999.00 -9999.00 -9999.00 -9999.00 -9999.00 -9999.00 -9999.00 -9999.00 -9999.00 -9999.00 -9999.00 -9999.00 -9999.00 -9999.00 -9999.00 -9999.00 -9999.00 -9999.00 -9999.00 -9999.00 -9999.00 -9999.00 -9999.00 -9999.00 -9999.00 -9999.00 -9999.00 -9999.00 -9999.00 -9999.00 -9999.00 -15.07 -15.04 -15.01 -14.98 -14.95 -14.93 -15.04 -15.06 -15.00 -15.02 -14.96 -14.86 -14.79 -14.70 -14.47 -14.22 -13.97
-16.24 -16.26 -16.23 -16.18 -16.16 -16.07 -16.04 -16.02 -9999.00 -9999.00 -9999.00 -9999.00 -9999.00 -9999.00 -9999.00 -9999.00 -9999.00 -9999.00 -9999.00 -9999.00 -9999.00 -9999.00 -9999.00 -9999.00 -9999.00 -9999.00 -9999.00 -9999.00 -9999.00 -9999.00 -9999.00 -9999.00 -9999.00 -9999.00 -9999.00 -9999.00 -9999.00 -9999.00 -9999.00 -9999.00 -9999.00 -9999.00 -9999.00 -9999.00 -9999.00 -9999.00 -15.22 -15.19 -15.15 -15.12 -15.08 -15.05 -15.01 -14.97 -14.94 -14.90 -14.96 -14.92 -14.95 -14.95 -14.90 -14.79 -14.74 -14.67 -14.51 -14.26 -13.96
-16.25 -16.20 -16.17 -16.11 -16.08 -16.01 -15.95 -15.89 -15.86 -9999.00 -9999.00 -9999.00 -9999.00 -9999.00 -9999.00 -9999.00 -9999.00 -9999.00 -9999.00 -9999.00 -9999.00 -9999.00 -9999.00 -9999.00 -9999.00 -9999.00 -9999.00 -9999.00 -9999.00 -9999.00 -9999.00 -9999.00 -9999.00 -9999.00 -9999.00 -9999.00 -9999.00 -9999.00 -9999.00 -9999.00 -9999.00 -9999.00 -15.02 -15.14 -15.22 -15.25 -15.22 -15.19 -15.15 -15.12 -15.08 -15.03 -14.96 -14.93 -14.89 -14.86 -14.82 -14.84 -14.84 -14.86 -14.80 -14.76 -14.70 -14.61 -14.50 -14.26 -13.99
-16.18 -16.15 -16.09 -16.04 -15.99 -15.94 -15.91 -15.90 -15.85 -9999.00 -9999.00 -9999.00 -9999.00 -9999.00 -9999.00 -9999.00 -9999.00 -9999.00 -9999.00 -9999.00 -9999.00 -9999.00 -9999.00 -9999.00 -9999.00 -9999.00 -9999.00 -9999.00 -9999.00 -9999.00 -9999.00 -9999.00 -9999.00 -9999.00 -9999.00 -9999.00 -9999.00 -9999.00 -9999.00 -14.92 -14.90 -14.93 -15.04 -15.12 -15.20 -15.26 -15.22 -15.16 -15.12 -15.02 -15.03 -14.96 -14.92 -14.89 -14.85 -14.82 -14.79 -14.82 -14.81 -14.78 -14.73 -14.63 -14.60 -14.50 -14.40 -14.15 -13.88
-16.13 -16.09 -16.04 -15.99 -15.96 -15.93 -15.90 -15.87 -15.84 -9999.00 -9999.00 -9999.00 -9999.00 -9999.00 -9999.00 -9999.00 -9999.00 -9999.00 -9999.00 -9999.00 -9999.00 -9999.00 -9999.00 -9999.00 -9999.00 -9999.00 -9999.00 -9999.00 -9999.00 -9999.00 -9999.00 -9999.00 -9999.00 -9999.00 -9999.00 -14.90 -14.88 -14.85 -14.82 -14.79 -14.86 -14.94 -15.01 -15.09 -15.16 -15.16 -15.07 -15.09 -15.05 -14.99 -14.95 -14.92 -14.88 -14.85 -14.82 -14.78 -14.75 -14.78 -14.79 -14.78 -14.75 -14.65 -14.52 -14.36 -14.23 -14.04 -13.81
-16.08 -16.04 -15.99 -15.96 -15.93 -15.89 -15.85 -15.81 -15.77 -15.76 -9999.00 -9999.00 -9999.00 -9999.00 -9999.00 -9999.00 -9999.00 -9999.00 -9999.00 -9999.00 -9999.00 -9999.00 -9999.00 -9999.00 -9999.00 -9999.00 -9999.00 -9999.00 -9999.00 -9999.00 -9999.00 -15.03 -14.98 -14.93 -14.88 -14.84 -14.79 -14.74 -14.69 -14.67 -14.75 -14.83 -14.91 -14.99 -15.07 -15.15 -15.07 -15.02 -14.98 -14.95 -14.92 -14.88 -14.85 -14.83 -14.83 -14.80 -14.78 -14.77 -14.77 -14.76 -14.76 -14.61 -14.45 -14.30 -14.12 -13.96 -13.70
-16.02 -15.98 -15.94 -15.90 -15.86 -15.82 -15.76 -15.70 -15.65 -15.64 -9999.00 -9999.00 -9999.00 -9999.00 -9999.00 -9999.00 -9999.00 -9999.00 -9999.00 -9999.00 -9999.00 -9999.00 -9999.00 -9999.00 -9999.00 -9999.00 -9999.00 -9999.00 -15.05 -14.99 -15.06 -15.01 -14.96 -14.92 -14.87 -14.82 -14.79 -14.70 -14.55 -14.60 -14.71 -14.80 -14.84 -14.92 -14.97 -15.04 -15.00 -14.96 -14.92 -14.87 -14.84 -14.83 -14.82 -14.80 -14.77 -14.74 -14.75 -14.77 -14.78 -14.79 -14.76 -14.59 -14.43 -14.24 -14.06 -13.87 -13.63
-15.95 -15.91 -15.87 -15.83 -15.77 -15.72 -15.65 -15.60 -15.55 -15.53 -9999.00 -9999.00 -9999.00 -9999.00 -9999.00 -9999.00 -9999.00 -9999.00 -9999.00 -9999.00 -9999.00 -9999.00 -9999.00 -9999.00 -9999.00 -9999.00 -15.15 -15.07 -15.00 -14.97 -14.98 -15.00 -14.95 -14.90 -14.89 -14.76 -14.70 -14.68 -14.59 -14.54 -14.60 -14.67 -14.75 -14.79 -14.82 -14.88 -14.87 -14.86 -14.84 -14.84 -14.81 -14.80 -14.78 -14.78 -14.80 -14.82 -14.83 -14.84 -14.81 -14.76 -14.68 -14.53 -14.36 -14.20 -14.02 -13.74 -13.45
-15.87 -15.83 -15.78 -15.71 -15.67 -15.62 -15.60 -15.54 -15.48 -15.47 -15.44 -9999.00 -9999.00 -9999.00 -9999.00 -9999.00 -9999.00 -9999.00 -9999.00 -9999.00 -9999.00 -9999.00 -9999.00 -15.21 -15.19 -15.16 -15.09 -15.03 -15.00 -14.92 -14.91 -14.98 -14.97 -14.86 -14.82 -14.75 -14.67 -14.62 -14.56 -14.53 -14.58 -14.60 -14.65 -14.74 -14.77 -14.84 -14.84 -14.84 -14.84 -14.83 -14.81 -14.84 -14.85 -14.86 -14.88 -14.88 -14.91 -14.92 -14.84 -14.77 -14.77 -14.64 -14.42 -14.19 -13.90 -13.63 -13.31
-15.77 -15.73 -15.69 -15.66 -15.61 -15.58 -15.55 -15.51 -15.48 -15.43 -15.40 -9999.00 -9999.00 -9999.00 -9999.00 -9999.00 -9999.00 -9999.00 -9999.00 -9999.00 -15.25 -15.24 -15.21 -15.20 -15.15 -15.09 -15.06 -15.03 -14.97 -14.95 -14.96 -14.93 -14.90 -14.82 -14.76 -14.71 -14.63 -14.59 -14.56 -14.53 -14.55 -14.59 -14.64 -14.71 -14.76 -14.82 -14.86 -14.84 -14.87 -14.88 -14.90 -14.92 -14.95 -14.98 -14.99 -14.91 -14.89 -14.89 -14.87 -14.88 -14.89 -14.75 -14.49 -14.20 -13.85 -13.50 -13.18
-15.73 -15.70 -15.67 -15.61 -15.60 -15.57 -15.53 -15.50 -15.46 -15.39 -15.37 -9999.00 -9999.00 -9999.00 -9999.00 -9999.00 -9999.00 -15.32 -15.29 -15.29 -15.26 -15.23 -15.18 -15.13 -15.08 -15.07 -15.04 -15.04 -14.98 -14.98 -14.95 -14.92 -14.88 -14.82 -14.76 -14.71 -14.65 -14.60 -14.53 -14.48 -14.55 -14.60 -14.66 -14.72 -14.77 -14.84 -14.91 -14.95 -14.99 -15.02 -15.06 -15.06 -15.02 -15.02 -15.02 -15.05 -15.05 -15.05 -15.02 -14.98 -14.95 -14.83 -14.52 -14.19 -13.84 -13.47 -13.10
-15.68 -15.68 -15.66 -15.62 -15.59 -15.57 -15.54 -15.49 -15.44 -15.39 -15.34 -15.34 -9999.00 -9999.00 -9999.00 -15.32 -15.33 -15.32 -15.28 -15.27 -15.21 -15.16 -15.12 -15.08 -15.05 -15.04 -15.02 -15.00 -14.99 -14.95 -14.92 -14.88 -14.84 -14.78 -14.73 -14.66 -14.61 -14.58 -14.57 -14.56 -14.58 -14.66 -14.72 -14.74 -14.84 -14.96 -15.04 -15.13 -15.15 -15.16 -15.17 -15.17 -15.18 -15.15 -15.14 -15.13 -15.13 -15.12 -15.09 -15.05 -14.99 -14.91 -14.59 -14.27 -13.95 -13.63 -13.30
-15.70 -15.68 -15.66 -15.64 -15.61 -15.58 -15.53 -15.48 -15.43 -15.40 -15.35 -15.32 -15.33 -15.28 -15.34 -15.35 -15.32 -15.30 -15.24 -15.19 -15.14 -15.10 -15.05 -15.04 -14.99 -14.97 -14.94 -14.93 -14.95 -14.96 -14.91 -14.86 -14.79 -14.71 -14.70 -14.66 -14.64 -14.64 -14.63 -14.63 -14.56 -14.66 -14.80 -14.86 -14.97 -15.10 -15.20 -15.34 -15.33 -15.33 -15.34 -15.35 -15.35 -15.35 -15.33 -15.32 -15.30 -15.26 -15.21 -15.14 -15.03 -14.90 -14.61 -14.30 -14.01 -13.70 -13.39
-15.70 -15.71 -15.68 -15.66 -15.61 -15.57 -15.53 -15.48 -15.43 -15.39 -15.33 -15.24 -15.37 -15.37 -15.33 -15.34 -15.28 -15.23 -15.15 -15.12 -15.05 -15.02 -14.95 -14.92 -14.85 -14.83 -14.84 -14.87 -14.89 -14.91 -14.82 -14.78 -14.74 -14.69 -14.71 -14.71 -14.68 -14.62 -14.63 -14.63 -14.69 -14.77 -14.87 -14.98 -15.09 -15.22 -15.38 -15.55 -15.59 -15.60 -15.58 -15.58 -15.57 -15.54 -15.49 -15.44 -15.40 -15.31 -15.25 -15.15 -14.99 -14.81 -14.57 -14.27 -13.96 -13.66 -13.33
-15.68 -15.71 -15.70 -15.66 -15.61 -15.56 -15.51 -15.47 -15.40 -15.33 -15.35 -15.36 -15.37 -15.37 -15.34 -15.30 -15.22 -15.14 -15.07 -14.98 -14.92 -14.84 -14.76 -14.73 -14.74 -14.76 -14.78 -14.81 -14.83 -14.81 -14.80 -14.77 -14.78 -14.77 -14.69 -14.67 -14.65 -14.62 -14.60 -14.66 -14.73 -14.81 -14.95 -15.08 -15.24 -15.41 -15.57 -15.74 -15.83 -15.81 -15.77 -15.72 -15.68 -15.62 -15.54 -15.47 -15.38 -15.29 -15.21 -15.14 -14.89 -14.70 -14.44 -14.11 -13.78 -13.46 -13.11
-15.75 -15.74 -15.69 -15.64 -15.60 -15.55 -15.49 -15.43 -15.45 -15.45 -15.46 -15.42 -15.38 -15.37 -15.29 -15.22 -15.16 -15.05 -14.93 -14.76 -14.67 -14.64 -14.63 -14.65 -14.68 -14.70 -14.72 -14.75 -14.79 -14.80 -14.78 -14.76 -14.74 -14.73 -14.68 -14.62 -14.60 -14.58 -14.64 -14.72 -14.83 -14.94 -15.07 -15.22 -15.38 -15.55 -15.72 -15.87 -15.96 -15.92 -15.83 -15.76 -15.69 -15.59 -15.49 -15.41 -15.32 -15.19 -15.06 -14.94 -14.77 -14.55 -14.33 -13.98 -13.61 -13.24 -12.83
-15.79 -15.75 -15.68 -15.61 -15.57 -15.53 -15.54 -15.52 -15.50 -15.49 -15.47 -15.43 -15.42 -15.36 -15.26 -15.17 -15.04 -14.90 -14.74 -14.56 -14.51 -14.53 -14.55 -14.55 -14.58 -14.61 -14.66 -14.70 -14.76 -14.80 -14.78 -14.75 -14.72 -14.70 -14.67 -14.60 -14.56 -14.63 -14.73 -14.80 -14.91 -15.00 -15.16 -15.32 -15.48 -15.63 -15.78 -15.89 -15.99 -15.89 -15.78 -15.69 -15.60 -15.51 -15.38 -15.25 -15.13 -15.01 -14.89 -14.76 -14.65 -14.42 -14.19 -13.81 -13.39 -12.98 -12.59
-15.79 -15.74 -15.71 -15.63 -15.60 -15.59 -15.56 -15.54 -15.54 -15.50 -15.47 -15.44 -15.39 -15.32 -15.22 -15.09 -14.93 -14.75 -14.57 -14.43 -14.38 -14.42 -14.46 -14.50 -14.56 -14.61 -14.68 -14.75 -14.80 -14.84 -14.80 -14.77 -14.71 -14.67 -14.59 -14.55 -14.56 -14.66 -14.72 -14.82 -14.95 -15.09 -15.24 -15.39 -15.52 -15.64 -15.72 -15.82 -15.89 -15.80 -15.71 -15.57 -15.44 -15.33 -15.22 -15.09 -14.97 -14.87 -14.74 -14.62 -14.50 -14.35 -14.07 -13.71 -13.29 -12.88 -12.44
-15.81 -15.76 -15.70 -15.65 -15.64 -15.63 -15.59 -15.56 -15.53 -15.50 -15.46 -15.41 -15.37 -15.29 -15.12 -14.98 -14.84 -14.68 -14.55 -14.41 -14.34 -14.41 -14.50 -14.57 -14.64 -14.71 -14.75 -14.78 -14.78 -14.78 -14.74 -14.71 -14.69 -14.65 -14.65 -14.60 -14.54 -14.61 -14.72 -14.82 -14.93 -15.09 -15.26 -15.38 -15.46 -15.54 -15.63 -15.70 -15.74 -15.65 -15.53 -15.42 -15.30 -15.18 -15.08 -14.95 -14.82 -14.71 -14.57 -14.49 -14.35 -14.21 -13.99 -13.64 -13.18 -12.73 -12.28
