utils/5a01f6d0e4b0531197b72cfe/584ef575e4b0260a37381981/584ef59ce4b0260a37381984/ew13_sept_dem_5m.asc
ncols	796
nrows	428
xllcorner	295240.00
yllcorner	130095.00
cellsize	5.00
NODATA_value	-9999.00
[rows 270 to 299 of 428, columns 201 to 267 of 796]
-5.89 -5.73 -5.54 -5.36 -5.20 -5.02 -4.85 -4.69 -4.58 -4.38 -4.20 -4.00 -3.79 -3.64 -3.44 -3.24 -3.08 -2.89 -2.72 -2.55 -2.38 -2.26 -2.02 -1.82 -1.59 -1.30 -1.03 -0.84 -0.66 -0.45 -0.31 -0.16 0.01 0.21 0.36 0.58 0.81 1.31 1.88 2.47 3.06 3.74 4.21 4.08 4.45 4.48 3.94 3.44 3.18 2.70 -9999.00 -9999.00 -9999.00 -9999.00 -9999.00 -9999.00 -9999.00 -9999.00 -9999.00 -9999.00 -9999.00 -9999.00 -9999.00 -9999.00 -9999.00 -9999.00 -9999.00
-5.81 -5.63 -5.45 -5.30 -5.09 -4.93 -4.77 -4.67 -4.50 -4.30 -4.10 -3.89 -3.70 -3.51 -3.32 -3.16 -2.94 -2.78 -2.61 -2.43 -2.29 -2.11 -1.92 -1.69 -1.47 -1.15 -0.98 -0.80 -0.59 -0.46 -0.28 -0.13 0.06 0.25 0.43 0.65 1.07 1.57 2.15 2.79 3.50 4.29 4.06 4.26 4.53 4.83 3.92 3.39 3.02 2.66 -9999.00 -9999.00 -9999.00 -9999.00 -9999.00 -9999.00 -9999.00 -9999.00 -9999.00 -9999.00 -9999.00 -9999.00 -9999.00 -9999.00 -9999.00 -9999.00 -9999.00
-5.68 -5.53 -5.37 -5.21 -5.01 -4.85 -4.69 -4.54 -4.38 -4.18 -3.98 -3.78 -3.59 -3.39 -3.21 -3.02 -2.84 -2.65 -2.48 -2.34 -2.20 -2.01 -1.79 -1.57 -1.27 -1.05 -0.90 -0.73 -0.54 -0.41 -0.26 -0.09 0.10 0.29 0.51 0.86 1.38 1.90 2.57 3.20 3.60 4.16 4.01 4.22 4.30 4.38 3.65 2.99 2.71 -9999.00 -9999.00 -9999.00 -9999.00 -9999.00 -9999.00 -9999.00 -9999.00 -9999.00 -9999.00 -9999.00 -9999.00 -9999.00 -9999.00 -9999.00 -9999.00 -9999.00 -9999.00
-5.59 -5.43 -5.28 -5.10 -4.96 -4.77 -4.61 -4.48 -4.26 -4.06 -3.86 -3.65 -3.48 -3.28 -3.10 -2.91 -2.72 -2.53 -2.40 -2.26 -2.09 -1.88 -1.65 -1.40 -1.11 -0.95 -0.79 -0.64 -0.59 -0.38 -0.22 -0.05 0.14 0.42 0.66 1.11 1.71 2.23 2.93 3.36 4.20 4.11 3.94 3.88 3.85 3.93 3.35 2.96 -9999.00 -9999.00 -9999.00 -9999.00 -9999.00 -9999.00 -9999.00 -9999.00 -9999.00 -9999.00 -9999.00 -9999.00 -9999.00 -9999.00 -9999.00 -9999.00 -9999.00 -9999.00 -9999.00
-5.49 -5.34 -5.16 -5.04 -4.82 -4.67 -4.51 -4.35 -4.14 -3.94 -3.73 -3.56 -3.35 -3.17 -2.98 -2.78 -2.59 -2.44 -2.30 -2.17 -1.98 -1.74 -1.50 -1.22 -1.01 -0.84 -0.74 -0.58 -0.50 -0.33 -0.18 0.02 0.25 0.51 0.90 1.44 1.99 2.56 3.22 3.65 4.11 3.86 4.46 4.15 3.95 3.77 3.45 3.11 -9999.00 -9999.00 -9999.00 -9999.00 -9999.00 -9999.00 -9999.00 -9999.00 -9999.00 -9999.00 -9999.00 -9999.00 -9999.00 -9999.00 -9999.00 -9999.00 -9999.00 -9999.00 -9999.00
-5.39 -5.23 -5.09 -4.90 -4.74 -4.58 -4.45 -4.20 -3.99 -3.80 -3.64 -3.44 -3.25 -3.05 -2.87 -2.65 -2.50 -2.36 -2.21 -2.05 -1.84 -1.60 -1.31 -1.07 -0.90 -0.77 -0.64 -0.53 -0.38 -0.21 0.02 0.17 0.40 0.70 1.19 1.76 2.32 2.83 3.25 4.13 4.03 4.21 4.55 4.38 3.80 3.49 3.38 -9999.00 -9999.00 -9999.00 -9999.00 -9999.00 -9999.00 -9999.00 -9999.00 -9999.00 -9999.00 -9999.00 -9999.00 -9999.00 -9999.00 -9999.00 -9999.00 -9999.00 -9999.00 -9999.00 -9999.00
-5.29 -5.14 -4.97 -4.79 -4.62 -4.47 -4.28 -4.06 -3.87 -3.73 -3.50 -3.30 -3.12 -2.96 -2.71 -2.57 -2.41 -2.26 -2.09 -1.89 -1.67 -1.46 -1.17 -0.95 -0.81 -0.74 -0.57 -0.46 -0.27 -0.06 0.18 0.36 0.57 0.95 1.51 2.08 2.72 3.45 4.17 4.18 4.10 4.32 4.25 4.16 3.01 2.91 -9999.00 -9999.00 -9999.00 -9999.00 -9999.00 -9999.00 -9999.00 -9999.00 -9999.00 -9999.00 -9999.00 -9999.00 -9999.00 -9999.00 -9999.00 -9999.00 -9999.00 -9999.00 -9999.00 -9999.00 -9999.00
-5.19 -5.03 -4.85 -4.69 -4.52 -4.33 -4.13 -3.95 -3.81 -3.57 -3.39 -3.19 -3.03 -2.83 -2.65 -2.47 -2.30 -2.14 -1.92 -1.70 -1.45 -1.21 -1.00 -0.85 -0.77 -0.64 -0.50 -0.35 -0.14 0.10 0.33 0.55 0.82 1.24 1.76 2.44 3.07 3.83 4.23 4.17 4.23 4.05 3.77 3.49 2.83 -9999.00 -9999.00 -9999.00 -9999.00 -9999.00 -9999.00 -9999.00 -9999.00 -9999.00 -9999.00 -9999.00 -9999.00 -9999.00 -9999.00 -9999.00 -9999.00 -9999.00 -9999.00 -9999.00 -9999.00 -9999.00 -9999.00
-5.09 -4.92 -4.74 -4.57 -4.39 -4.19 -4.00 -3.87 -3.63 -3.48 -3.26 -3.07 -2.89 -2.70 -2.53 -2.37 -2.19 -1.97 -1.72 -1.49 -1.27 -1.02 -0.85 -0.75 -0.63 -0.54 -0.37 -0.22 0.02 0.25 0.48 0.71 1.11 1.55 2.20 2.85 3.37 3.95 4.26 4.19 4.17 3.80 3.43 3.16 2.86 -9999.00 -9999.00 -9999.00 -9999.00 -9999.00 -9999.00 -9999.00 -9999.00 -9999.00 -9999.00 -9999.00 -9999.00 -9999.00 -9999.00 -9999.00 -9999.00 -9999.00 -9999.00 -9999.00 -9999.00 -9999.00 -9999.00
-4.99 -4.80 -4.62 -4.46 -4.24 -4.06 -3.93 -3.69 -3.54 -3.34 -3.13 -2.94 -2.75 -2.57 -2.40 -2.24 -2.02 -1.76 -1.53 -1.29 -1.07 -0.87 -0.76 -0.68 -0.52 -0.42 -0.28 -0.12 0.14 0.40 0.62 1.00 1.41 1.98 2.62 3.26 3.49 4.32 4.45 4.45 4.20 3.82 3.40 2.98 -9999.00 -9999.00 -9999.00 -9999.00 -9999.00 -9999.00 -9999.00 -9999.00 -9999.00 -9999.00 -9999.00 -9999.00 -9999.00 -9999.00 -9999.00 -9999.00 -9999.00 -9999.00 -9999.00 -9999.00 -9999.00 -9999.00 -9999.00
-4.85 -4.67 -4.50 -4.30 -4.13 -3.97 -3.76 -3.58 -3.39 -3.18 -2.99 -2.81 -2.60 -2.44 -2.29 -2.09 -1.82 -1.59 -1.32 -1.11 -0.91 -0.74 -0.68 -0.57 -0.41 -0.30 -0.16 0.03 0.24 0.53 0.87 1.31 1.78 2.41 3.05 3.58 3.95 4.32 4.28 4.34 4.10 3.67 3.16 -9999.00 -9999.00 -9999.00 -9999.00 -9999.00 -9999.00 -9999.00 -9999.00 -9999.00 -9999.00 -9999.00 -9999.00 -9999.00 -9999.00 -9999.00 -9999.00 -9999.00 -9999.00 -9999.00 -9999.00 -9999.00 -9999.00 -9999.00 -9999.00
-4.73 -4.55 -4.36 -4.21 -4.01 -3.82 -3.62 -3.43 -3.22 -3.03 -2.84 -2.63 -2.48 -2.33 -2.14 -1.86 -1.63 -1.37 -1.12 -0.93 -0.76 -0.67 -0.61 -0.46 -0.31 -0.18 -0.01 0.19 0.30 0.71 1.16 1.66 2.16 2.76 3.38 3.49 4.32 4.25 4.43 4.60 3.71 3.37 3.03 -9999.00 -9999.00 -9999.00 -9999.00 -9999.00 -9999.00 -9999.00 -9999.00 -9999.00 -9999.00 -9999.00 -9999.00 -9999.00 -9999.00 -9999.00 -9999.00 -9999.00 -9999.00 -9999.00 -9999.00 -9999.00 -9999.00 -9999.00 -9999.00
-4.59 -4.42 -4.27 -4.05 -3.88 -3.68 -3.47 -3.27 -3.07 -2.88 -2.69 -2.52 -2.36 -2.19 -1.91 -1.68 -1.42 -1.19 -0.97 -0.78 -0.65 -0.60 -0.50 -0.35 -0.20 -0.04 0.16 0.36 0.69 1.01 1.40 1.98 2.57 3.19 3.71 4.36 4.54 4.39 4.18 3.94 3.45 3.08 -9999.00 -9999.00 -9999.00 -9999.00 -9999.00 -9999.00 -9999.00 -9999.00 -9999.00 -9999.00 -9999.00 -9999.00 -9999.00 -9999.00 -9999.00 -9999.00 -9999.00 -9999.00 -9999.00 -9999.00 -9999.00 -9999.00 -9999.00 -9999.00 -9999.00
-4.47 -4.30 -4.10 -3.93 -3.74 -3.52 -3.31 -3.11 -2.91 -2.74 -2.56 -2.39 -2.23 -2.01 -1.72 -1.46 -1.23 -1.02 -0.83 -0.68 -0.61 -0.54 -0.34 -0.19 -0.09 0.15 0.40 0.61 0.86 1.36 1.86 2.40 3.01 3.54 3.99 4.71 4.63 4.60 4.32 3.67 3.08 -9999.00 -9999.00 -9999.00 -9999.00 -9999.00 -9999.00 -9999.00 -9999.00 -9999.00 -9999.00 -9999.00 -9999.00 -9999.00 -9999.00 -9999.00 -9999.00 -9999.00 -9999.00 -9999.00 -9999.00 -9999.00 -9999.00 -9999.00 -9999.00 -9999.00 -9999.00
-4.35 -4.15 -3.98 -3.78 -3.56 -3.36 -3.15 -2.95 -2.78 -2.60 -2.42 -2.25 -2.04 -1.75 -1.51 -1.28 -1.07 -0.88 -0.69 -0.61 -0.55 -0.39 -0.22 -0.04 0.12 0.30 0.54 0.91 1.32 1.76 2.29 2.87 3.49 3.73 4.37 4.66 4.68 4.58 3.91 3.24 2.57 -9999.00 -9999.00 -9999.00 -9999.00 -9999.00 -9999.00 -9999.00 -9999.00 -9999.00 -9999.00 -9999.00 -9999.00 -9999.00 -9999.00 -9999.00 -9999.00 -9999.00 -9999.00 -9999.00 -9999.00 -9999.00 -9999.00 -9999.00 -9999.00 -9999.00 -9999.00
-4.20 -4.03 -3.82 -3.60 -3.41 -3.19 -3.01 -2.82 -2.64 -2.44 -2.28 -2.06 -1.82 -1.58 -1.34 -1.11 -0.91 -0.72 -0.64 -0.58 -0.42 -0.25 -0.08 0.10 0.26 0.47 0.80 1.27 1.72 2.12 2.70 3.25 3.65 3.97 4.48 4.63 4.66 4.03 3.36 2.69 -9999.00 -9999.00 -9999.00 -9999.00 -9999.00 -9999.00 -9999.00 -9999.00 -9999.00 -9999.00 -9999.00 -9999.00 -9999.00 -9999.00 -9999.00 -9999.00 -9999.00 -9999.00 -9999.00 -9999.00 -9999.00 -9999.00 -9999.00 -9999.00 -9999.00 -9999.00 -9999.00
-4.08 -3.87 -3.66 -3.45 -3.25 -3.06 -2.85 -2.67 -2.47 -2.30 -2.09 -1.87 -1.64 -1.39 -1.16 -0.94 -0.76 -0.65 -0.57 -0.44 -0.27 -0.11 0.06 0.24 0.41 0.72 1.08 1.56 2.03 2.55 3.11 3.68 3.96 4.46 4.65 4.88 3.92 3.57 2.82 -9999.00 -9999.00 -9999.00 -9999.00 -9999.00 -9999.00 -9999.00 -9999.00 -9999.00 -9999.00 -9999.00 -9999.00 -9999.00 -9999.00 -9999.00 -9999.00 -9999.00 -9999.00 -9999.00 -9999.00 -9999.00 -9999.00 -9999.00 -9999.00 -9999.00 -9999.00 -9999.00 -9999.00
-3.93 -3.72 -3.50 -3.31 -3.10 -2.90 -2.72 -2.50 -2.33 -2.12 -1.92 -1.70 -1.44 -1.21 -1.01 -0.80 -0.64 -0.62 -0.49 -0.32 -0.13 0.03 0.19 0.38 0.64 1.11 1.51 1.92 2.41 2.99 3.53 4.04 4.32 4.63 4.87 4.49 3.48 2.83 -9999.00 -9999.00 -9999.00 -9999.00 -9999.00 -9999.00 -9999.00 -9999.00 -9999.00 -9999.00 -9999.00 -9999.00 -9999.00 -9999.00 -9999.00 -9999.00 -9999.00 -9999.00 -9999.00 -9999.00 -9999.00 -9999.00 -9999.00 -9999.00 -9999.00 -9999.00 -9999.00 -9999.00 -9999.00
-3.78 -3.56 -3.37 -3.16 -2.95 -2.76 -2.55 -2.36 -2.18 -1.97 -1.75 -1.49 -1.26 -1.06 -0.85 -0.66 -0.62 -0.50 -0.38 -0.23 -0.05 0.13 0.31 0.53 0.96 1.45 1.92 2.34 2.88 3.43 3.59 4.58 4.69 4.88 5.04 4.23 3.18 2.43 -9999.00 -9999.00 -9999.00 -9999.00 -9999.00 -9999.00 -9999.00 -9999.00 -9999.00 -9999.00 -9999.00 -9999.00 -9999.00 -9999.00 -9999.00 -9999.00 -9999.00 -9999.00 -9999.00 -9999.00 -9999.00 -9999.00 -9999.00 -9999.00 -9999.00 -9999.00 -9999.00 -9999.00 -9999.00
-3.62 -3.41 -3.21 -3.00 -2.81 -2.60 -2.41 -2.24 -2.02 -1.81 -1.55 -1.31 -1.09 -0.89 -0.73 -0.63 -0.54 -0.41 -0.29 -0.16 0.01 0.24 0.42 0.84 1.30 1.79 2.25 2.79 3.25 3.37 3.87 4.65 4.95 4.97 4.37 3.53 2.57 -9999.00 -9999.00 -9999.00 -9999.00 -9999.00 -9999.00 -9999.00 -9999.00 -9999.00 -9999.00 -9999.00 -9999.00 -9999.00 -9999.00 -9999.00 -9999.00 -9999.00 -9999.00 -9999.00 -9999.00 -9999.00 -9999.00 -9999.00 -9999.00 -9999.00 -9999.00 -9999.00 -9999.00 -9999.00 -9999.00
-3.46 -3.27 -3.05 -2.85 -2.64 -2.46 -2.28 -2.06 -1.86 -1.60 -1.36 -1.14 -0.93 -0.75 -0.65 -0.57 -0.45 -0.32 -0.19 -0.06 0.24 0.47 0.76 1.14 1.63 2.12 2.62 3.23 3.85 3.71 4.38 4.75 4.69 4.70 3.69 2.67 -9999.00 -9999.00 -9999.00 -9999.00 -9999.00 -9999.00 -9999.00 -9999.00 -9999.00 -9999.00 -9999.00 -9999.00 -9999.00 -9999.00 -9999.00 -9999.00 -9999.00 -9999.00 -9999.00 -9999.00 -9999.00 -9999.00 -9999.00 -9999.00 -9999.00 -9999.00 -9999.00 -9999.00 -9999.00 -9999.00 -9999.00
-3.33 -3.11 -2.90 -2.69 -2.51 -2.32 -2.11 -1.90 -1.65 -1.41 -1.17 -0.99 -0.78 -0.67 -0.61 -0.48 -0.35 -0.22 -0.10 0.20 0.55 0.83 1.18 1.46 1.97 2.47 3.08 3.46 4.13 4.46 4.67 5.01 4.70 3.67 3.39 -9999.00 -9999.00 -9999.00 -9999.00 -9999.00 -9999.00 -9999.00 -9999.00 -9999.00 -9999.00 -9999.00 -9999.00 -9999.00 -9999.00 -9999.00 -9999.00 -9999.00 -9999.00 -9999.00 -9999.00 -9999.00 -9999.00 -9999.00 -9999.00 -9999.00 -9999.00 -9999.00 -9999.00 -9999.00 -9999.00 -9999.00 -9999.00
-3.16 -2.95 -2.74 -2.55 -2.36 -2.16 -1.94 -1.70 -1.45 -1.22 -1.03 -0.82 -0.69 -0.64 -0.52 -0.37 -0.25 -0.13 0.12 0.48 0.85 1.14 1.54 1.90 2.40 2.90 3.32 3.65 4.52 4.90 5.05 4.92 4.47 3.46 -9999.00 -9999.00 -9999.00 -9999.00 -9999.00 -9999.00 -9999.00 -9999.00 -9999.00 -9999.00 -9999.00 -9999.00 -9999.00 -9999.00 -9999.00 -9999.00 -9999.00 -9999.00 -9999.00 -9999.00 -9999.00 -9999.00 -9999.00 -9999.00 -9999.00 -9999.00 -9999.00 -9999.00 -9999.00 -9999.00 -9999.00 -9999.00 -9999.00
-2.99 -2.79 -2.61 -2.40 -2.20 -1.99 -1.74 -1.49 -1.27 -1.07 -0.86 -0.71 -0.62 -0.51 -0.40 -0.28 -0.16 0.03 0.39 0.75 1.11 1.45 1.88 2.26 2.76 3.33 3.59 4.06 4.92 5.10 5.25 4.54 3.68 2.88 -9999.00 -9999.00 -9999.00 -9999.00 -9999.00 -9999.00 -9999.00 -9999.00 -9999.00 -9999.00 -9999.00 -9999.00 -9999.00 -9999.00 -9999.00 -9999.00 -9999.00 -9999.00 -9999.00 -9999.00 -9999.00 -9999.00 -9999.00 -9999.00 -9999.00 -9999.00 -9999.00 -9999.00 -9999.00 -9999.00 -9999.00 -9999.00 -9999.00
-2.83 -2.65 -2.44 -2.24 -2.03 -1.79 -1.55 -1.31 -1.11 -0.89 -0.74 -0.64 -0.53 -0.42 -0.30 -0.19 -0.05 0.31 0.67 1.02 1.38 1.75 2.21 2.64 3.15 3.56 3.90 4.39 4.85 5.58 4.54 3.80 3.10 2.71 -9999.00 -9999.00 -9999.00 -9999.00 -9999.00 -9999.00 -9999.00 -9999.00 -9999.00 -9999.00 -9999.00 -9999.00 -9999.00 -9999.00 -9999.00 -9999.00 -9999.00 -9999.00 -9999.00 -9999.00 -9999.00 -9999.00 -9999.00 -9999.00 -9999.00 -9999.00 -9999.00 -9999.00 -9999.00 -9999.00 -9999.00 -9999.00 -9999.00
-2.67 -2.48 -2.29 -2.08 -1.84 -1.59 -1.34 -1.15 -0.92 -0.77 -0.66 -0.56 -0.45 -0.32 -0.14 -0.01 0.06 0.53 0.94 1.30 1.66 2.05 2.54 3.02 3.37 3.57 4.23 4.69 5.18 4.77 4.18 3.31 2.76 2.46 -9999.00 -9999.00 -9999.00 -9999.00 -9999.00 -9999.00 -9999.00 -9999.00 -9999.00 -9999.00 -9999.00 -9999.00 -9999.00 -9999.00 -9999.00 -9999.00 -9999.00 -9999.00 -9999.00 -9999.00 -9999.00 -9999.00 -9999.00 -9999.00 -9999.00 -9999.00 -9999.00 -9999.00 -9999.00 -9999.00 -9999.00 -9999.00 -9999.00
-2.51 -2.33 -2.12 -1.89 -1.64 -1.39 -1.19 -0.97 -0.80 -0.67 -0.58 -0.47 -0.35 -0.17 0.06 0.25 0.30 0.63 1.08 1.53 1.93 2.29 2.87 3.33 3.68 4.23 4.67 5.12 5.07 4.02 3.56 2.88 2.53 2.06 -9999.00 -9999.00 -9999.00 -9999.00 -9999.00 -9999.00 -9999.00 -9999.00 -9999.00 -9999.00 -9999.00 -9999.00 -9999.00 -9999.00 -9999.00 -9999.00 -9999.00 -9999.00 -9999.00 -9999.00 -9999.00 -9999.00 -9999.00 -9999.00 -9999.00 -9999.00 -9999.00 -9999.00 -9999.00 -9999.00 -9999.00 -9999.00 -9999.00
-2.36 -2.15 -1.92 -1.68 -1.44 -1.23 -1.02 -0.82 -0.69 -0.62 -0.50 -0.38 -0.21 0.02 0.25 0.45 0.55 0.90 1.32 1.73 2.13 2.59 3.13 3.64 4.46 4.97 5.28 5.10 4.20 3.39 2.99 2.58 2.49 2.33 -9999.00 -9999.00 -9999.00 -9999.00 -9999.00 -9999.00 -9999.00 -9999.00 -9999.00 -9999.00 -9999.00 -9999.00 -9999.00 -9999.00 -9999.00 -9999.00 -9999.00 -9999.00 -9999.00 -9999.00 -9999.00 -9999.00 -9999.00 -9999.00 -9999.00 -9999.00 -9999.00 -9999.00 -9999.00 -9999.00 -9999.00 -9999.00 -9999.00
-2.18 -1.95 -1.71 -1.47 -1.27 -1.07 -0.87 -0.70 -0.64 -0.52 -0.42 -0.24 -0.01 0.22 0.45 0.64 0.81 1.21 1.70 2.13 2.42 3.02 3.55 4.15 4.96 5.18 5.20 4.62 3.76 3.04 2.54 2.26 2.70 2.51 2.54 -9999.00 -9999.00 -9999.00 -9999.00 -9999.00 -9999.00 -9999.00 -9999.00 -9999.00 -9999.00 -9999.00 -9999.00 -9999.00 -9999.00 -9999.00 -9999.00 -9999.00 -9999.00 -9999.00 -9999.00 -9999.00 -9999.00 -9999.00 -9999.00 -9999.00 -9999.00 -9999.00 -9999.00 -9999.00 -9999.00 -9999.00 -9999.00
-1.98 -1.74 -1.50 -1.29 -1.10 -0.90 -0.71 -0.65 -0.54 -0.46 -0.27 -0.04 0.18 0.41 0.64 0.83 1.08 1.63 2.21 2.74 3.14 3.55 4.01 4.57 5.22 4.94 4.73 3.96 3.33 2.73 2.46 2.35 2.63 2.76 2.86 -9999.00 -9999.00 -9999.00 -9999.00 -9999.00 -9999.00 -9999.00 -9999.00 -9999.00 -9999.00 -9999.00 -9999.00 -9999.00 -9999.00 -9999.00 -9999.00 -9999.00 -9999.00 -9999.00 -9999.00 -9999.00 -9999.00 -9999.00 -9999.00 -9999.00 -9999.00 -9999.00 -9999.00 -9999.00 -9999.00 -9999.00 -9999.00
