utils/5a01f6d0e4b0531197b72cfe/584ef575e4b0260a37381981/584ef59ce4b0260a37381984/ew13_sept_dem_5m.asc
ncols	796
nrows	428
xllcorner	295240.00
yllcorner	130095.00
cellsize	5.00
NODATA_value	-9999.00
[rows 30 to 59 of 428, columns 536 to 602 of 796]
-10.93 -10.97 -10.98 -11.02 -11.02 -11.01 -11.00 -11.04 -11.00 -10.96 -10.95 -10.88 -10.87 -10.89 -10.95 -11.05 -11.07 -11.09 -11.12 -11.11 -11.11 -11.15 -11.15 -11.16 -11.14 -11.16 -11.17 -11.19 -11.19 -11.18 -11.16 -11.16 -11.17 -11.15 -11.14 -11.14 -11.14 -11.16 -11.15 -11.21 -9999.00 -9999.00 -9999.00 -9999.00 -9999.00 -9999.00 -9999.00 -9999.00 -9999.00 -9999.00 -9999.00 -9999.00 -9999.00 -9999.00 -9999.00 -9999.00 -9999.00 -9999.00 -9999.00 -9999.00 -9999.00 -9999.00 -9999.00 -9999.00 -9999.00 -9999.00 -9999.00
-10.98 -10.97 -11.00 -11.02 -11.04 -11.05 -11.05 -11.04 -10.99 -10.96 -10.92 -10.91 -10.90 -10.91 -10.87 -10.93 -10.96 -11.05 -11.07 -11.09 -11.10 -11.11 -11.10 -11.11 -11.13 -11.13 -11.14 -11.15 -11.14 -11.14 -11.13 -11.12 -11.11 -11.11 -11.12 -11.11 -11.11 -11.10 -11.11 -11.12 -11.11 -11.19 -9999.00 -9999.00 -9999.00 -9999.00 -9999.00 -9999.00 -9999.00 -9999.00 -9999.00 -9999.00 -9999.00 -9999.00 -9999.00 -9999.00 -9999.00 -9999.00 -9999.00 -9999.00 -9999.00 -9999.00 -9999.00 -9999.00 -9999.00 -9999.00 -9999.00
-11.03 -11.03 -11.06 -11.03 -11.05 -11.07 -11.08 -11.05 -11.01 -11.00 -10.96 -10.90 -10.89 -10.90 -10.91 -10.93 -10.92 -10.95 -10.99 -11.05 -11.07 -11.09 -11.10 -11.10 -11.09 -11.07 -11.10 -11.12 -11.14 -11.13 -11.13 -11.10 -11.09 -11.08 -11.07 -11.07 -11.07 -11.08 -11.07 -11.07 -11.07 -11.07 -11.07 -11.06 -9999.00 -9999.00 -9999.00 -9999.00 -9999.00 -9999.00 -9999.00 -9999.00 -9999.00 -9999.00 -9999.00 -9999.00 -9999.00 -9999.00 -9999.00 -9999.00 -9999.00 -9999.00 -9999.00 -9999.00 -9999.00 -9999.00 -9999.00
-11.04 -11.07 -11.09 -11.09 -11.11 -11.09 -11.12 -11.08 -11.02 -10.97 -10.97 -10.92 -10.90 -10.92 -10.93 -10.91 -10.92 -10.93 -10.94 -10.95 -11.02 -11.04 -11.08 -11.09 -11.06 -11.06 -11.04 -11.02 -11.06 -11.08 -11.09 -11.10 -11.08 -11.07 -11.05 -11.04 -11.04 -11.04 -11.02 -11.04 -11.03 -11.03 -11.00 -10.97 -10.95 -10.96 -9999.00 -9999.00 -9999.00 -9999.00 -9999.00 -9999.00 -9999.00 -9999.00 -9999.00 -9999.00 -9999.00 -9999.00 -9999.00 -9999.00 -9999.00 -9999.00 -9999.00 -9999.00 -9999.00 -9999.00 -9999.00
-11.05 -11.07 -11.08 -11.08 -11.07 -11.12 -11.13 -11.10 -11.05 -11.01 -10.97 -10.94 -10.91 -10.93 -10.89 -10.91 -10.94 -10.94 -10.94 -10.94 -10.95 -10.96 -11.04 -11.04 -11.05 -11.03 -11.03 -11.02 -11.03 -11.00 -10.99 -11.01 -11.02 -11.02 -11.03 -11.05 -11.04 -11.01 -11.00 -11.00 -10.98 -10.97 -10.97 -10.92 -10.91 -10.87 -10.87 -10.88 -9999.00 -9999.00 -9999.00 -9999.00 -9999.00 -9999.00 -9999.00 -9999.00 -9999.00 -9999.00 -9999.00 -9999.00 -9999.00 -9999.00 -9999.00 -9999.00 -9999.00 -9999.00 -9999.00
-11.00 -11.03 -11.03 -11.05 -11.06 -11.10 -11.07 -11.03 -11.03 -10.97 -10.94 -10.94 -10.94 -10.92 -10.94 -10.92 -10.91 -10.91 -10.93 -10.94 -10.96 -10.96 -10.97 -10.96 -10.99 -10.98 -11.00 -11.02 -10.98 -10.98 -10.98 -10.97 -10.97 -10.95 -10.96 -10.97 -10.96 -10.97 -10.98 -10.98 -10.98 -10.93 -10.89 -10.87 -10.86 -10.81 -10.83 -10.80 -10.82 -10.80 -9999.00 -9999.00 -9999.00 -9999.00 -9999.00 -9999.00 -9999.00 -9999.00 -9999.00 -9999.00 -9999.00 -9999.00 -9999.00 -9999.00 -9999.00 -9999.00 -9999.00
-11.01 -11.00 -10.99 -10.99 -11.01 -11.02 -11.01 -10.99 -11.00 -10.93 -10.90 -10.92 -10.88 -10.89 -10.90 -10.92 -10.90 -10.90 -10.90 -10.90 -10.92 -10.94 -10.96 -10.94 -10.93 -10.92 -10.93 -10.95 -10.94 -10.95 -10.97 -10.93 -10.92 -10.90 -10.92 -10.91 -10.92 -10.90 -10.91 -10.90 -10.90 -10.88 -10.83 -10.82 -10.78 -10.76 -10.78 -10.77 -10.76 -10.76 -10.76 -9999.00 -9999.00 -9999.00 -9999.00 -9999.00 -9999.00 -9999.00 -9999.00 -9999.00 -9999.00 -9999.00 -9999.00 -9999.00 -9999.00 -9999.00 -9999.00
-10.98 -10.98 -10.96 -10.95 -10.95 -10.95 -10.93 -10.94 -10.91 -10.90 -10.89 -10.91 -10.88 -10.86 -10.88 -10.85 -10.85 -10.86 -10.89 -10.89 -10.89 -10.90 -10.88 -10.90 -10.90 -10.91 -10.87 -10.86 -10.89 -10.88 -10.88 -10.89 -10.88 -10.85 -10.88 -10.85 -10.86 -10.83 -10.85 -10.85 -10.86 -10.84 -10.81 -10.77 -10.68 -10.72 -10.70 -10.72 -10.72 -10.72 -10.71 -10.71 -10.70 -9999.00 -9999.00 -9999.00 -9999.00 -9999.00 -9999.00 -9999.00 -9999.00 -9999.00 -9999.00 -9999.00 -9999.00 -9999.00 -9999.00
-10.96 -10.95 -10.95 -10.91 -10.90 -10.89 -10.90 -10.86 -10.86 -10.83 -10.85 -10.83 -10.85 -10.86 -10.85 -10.85 -10.81 -10.83 -10.83 -10.82 -10.82 -10.86 -10.85 -10.85 -10.81 -10.83 -10.82 -10.83 -10.80 -10.83 -10.83 -10.83 -10.83 -10.83 -10.84 -10.84 -10.84 -10.78 -10.77 -10.78 -10.79 -10.77 -10.77 -10.73 -10.72 -10.67 -10.64 -10.65 -10.65 -10.66 -10.66 -10.66 -10.65 -10.65 -10.64 -9999.00 -9999.00 -9999.00 -9999.00 -9999.00 -9999.00 -9999.00 -9999.00 -9999.00 -9999.00 -9999.00 -9999.00
-10.93 -10.92 -10.92 -10.91 -10.86 -10.86 -10.85 -10.83 -10.82 -10.80 -10.78 -10.80 -10.81 -10.82 -10.81 -10.82 -10.84 -10.82 -10.79 -10.78 -10.78 -10.78 -10.77 -10.79 -10.78 -10.79 -10.74 -10.75 -10.78 -10.77 -10.76 -10.78 -10.78 -10.78 -10.78 -10.78 -10.78 -10.79 -10.79 -10.79 -10.75 -10.70 -10.69 -10.70 -10.68 -10.64 -10.64 -10.56 -10.59 -10.59 -10.61 -10.61 -10.60 -10.60 -10.56 -10.57 -10.56 -9999.00 -9999.00 -9999.00 -9999.00 -9999.00 -9999.00 -9999.00 -9999.00 -9999.00 -9999.00
-10.89 -10.89 -10.89 -10.89 -10.87 -10.85 -10.83 -10.82 -10.80 -10.78 -10.75 -10.76 -10.74 -10.75 -10.77 -10.78 -10.80 -10.77 -10.78 -10.81 -10.82 -10.73 -10.72 -10.72 -10.72 -10.72 -10.73 -10.71 -10.70 -10.74 -10.73 -10.72 -10.72 -10.73 -10.73 -10.73 -10.73 -10.73 -10.73 -10.71 -10.67 -10.66 -10.65 -10.63 -10.63 -10.63 -10.59 -10.59 -10.55 -10.53 -10.54 -10.54 -10.55 -10.55 -10.58 -10.55 -10.51 -10.50 -10.50 -9999.00 -9999.00 -9999.00 -9999.00 -9999.00 -9999.00 -9999.00 -9999.00
-10.83 -10.80 -10.78 -10.86 -10.83 -10.83 -10.80 -10.78 -10.77 -10.79 -10.74 -10.73 -10.71 -10.71 -10.70 -10.71 -10.71 -10.75 -10.75 -10.77 -10.77 -10.72 -10.71 -10.68 -10.62 -10.63 -10.66 -10.68 -10.65 -10.64 -10.69 -10.66 -10.65 -10.66 -10.67 -10.67 -10.68 -10.68 -10.68 -10.65 -10.63 -10.63 -10.61 -10.56 -10.57 -10.57 -10.56 -10.53 -10.51 -10.50 -10.47 -10.47 -10.49 -10.49 -10.50 -10.50 -10.50 -10.45 -10.44 -10.45 -9999.00 -9999.00 -9999.00 -9999.00 -9999.00 -9999.00 -9999.00
-10.81 -10.81 -10.83 -10.78 -10.76 -10.76 -10.77 -10.76 -10.74 -10.73 -10.72 -10.72 -10.67 -10.67 -10.66 -10.65 -10.66 -10.65 -10.67 -10.68 -10.72 -10.68 -10.65 -10.64 -10.60 -10.58 -10.56 -10.59 -10.61 -10.61 -10.59 -10.63 -10.62 -10.62 -10.61 -10.62 -10.62 -10.62 -10.61 -10.63 -10.59 -10.56 -10.55 -10.53 -10.52 -10.50 -10.51 -10.49 -10.49 -10.45 -10.45 -10.43 -10.41 -10.43 -10.41 -10.43 -10.44 -10.42 -10.41 -10.38 -10.37 -10.38 -9999.00 -9999.00 -9999.00 -9999.00 -9999.00
-10.84 -10.80 -10.79 -10.74 -10.75 -10.73 -10.73 -10.72 -10.71 -10.70 -10.69 -10.68 -10.65 -10.66 -10.61 -10.62 -10.62 -10.60 -10.59 -10.62 -10.62 -10.62 -10.60 -10.59 -10.55 -10.51 -10.54 -10.53 -10.52 -10.56 -10.58 -10.54 -10.57 -10.57 -10.55 -10.57 -10.57 -10.57 -10.57 -10.56 -10.54 -10.53 -10.53 -10.51 -10.46 -10.44 -10.42 -10.44 -10.45 -10.42 -10.40 -10.38 -10.38 -10.38 -10.37 -10.37 -10.31 -10.36 -10.38 -10.36 -10.36 -10.31 -10.32 -10.28 -9999.00 -9999.00 -9999.00
-10.79 -10.79 -10.78 -10.75 -10.73 -10.70 -10.68 -10.66 -10.66 -10.67 -10.65 -10.64 -10.63 -10.62 -10.58 -10.59 -10.55 -10.57 -10.57 -10.55 -10.55 -10.57 -10.54 -10.51 -10.52 -10.52 -10.50 -10.48 -10.50 -10.48 -10.49 -10.51 -10.49 -10.50 -10.53 -10.50 -10.50 -10.49 -10.52 -10.48 -10.48 -10.48 -10.45 -10.46 -10.45 -10.44 -10.41 -10.35 -10.34 -10.38 -10.37 -10.35 -10.32 -10.32 -10.33 -10.32 -10.30 -10.30 -10.26 -10.29 -10.31 -10.31 -10.30 -10.27 -10.25 -9999.00 -9999.00
-10.75 -10.73 -10.76 -10.72 -10.71 -10.69 -10.67 -10.66 -10.63 -10.62 -10.61 -10.59 -10.60 -10.58 -10.57 -10.57 -10.51 -10.51 -10.52 -10.51 -10.53 -10.54 -10.52 -10.51 -10.49 -10.46 -10.49 -10.48 -10.46 -10.44 -10.45 -10.42 -10.46 -10.44 -10.44 -10.47 -10.45 -10.44 -10.43 -10.42 -10.43 -10.40 -10.39 -10.39 -10.40 -10.37 -10.37 -10.36 -10.34 -10.31 -10.25 -10.29 -10.30 -10.27 -10.24 -10.25 -10.26 -10.26 -10.24 -10.25 -10.21 -10.25 -10.26 -10.25 -10.23 -10.21 -10.18
-10.69 -10.69 -10.68 -10.67 -10.68 -10.65 -10.63 -10.61 -10.61 -10.61 -10.58 -10.58 -10.57 -10.55 -10.53 -10.54 -10.51 -10.51 -10.44 -10.45 -10.48 -10.45 -10.47 -10.47 -10.48 -10.46 -10.46 -10.44 -10.45 -10.44 -10.41 -10.41 -10.40 -10.39 -10.40 -10.38 -10.41 -10.40 -10.38 -10.39 -10.35 -10.38 -10.35 -10.33 -10.32 -10.31 -10.31 -10.30 -10.29 -10.28 -10.26 -10.24 -10.21 -10.18 -10.22 -10.17 -10.19 -10.21 -10.19 -10.21 -10.19 -10.20 -10.18 -10.17 -10.19 -10.17 -10.16
-10.66 -10.65 -10.65 -10.63 -10.65 -10.64 -10.59 -10.61 -10.58 -10.56 -10.57 -10.55 -10.54 -10.53 -10.52 -10.51 -10.51 -10.49 -10.49 -10.46 -10.43 -10.41 -10.43 -10.39 -10.40 -10.42 -10.43 -10.41 -10.42 -10.41 -10.41 -10.40 -10.36 -10.38 -10.32 -10.35 -10.33 -10.33 -10.34 -10.33 -10.27 -10.30 -10.29 -10.26 -10.24 -10.25 -10.26 -10.24 -10.22 -10.21 -10.19 -10.21 -10.20 -10.17 -10.16 -10.13 -10.16 -10.15 -10.13 -10.14 -10.15 -10.16 -10.13 -10.12 -10.13 -10.15 -10.14
-10.63 -10.62 -10.60 -10.57 -10.58 -10.58 -10.58 -10.57 -10.55 -10.55 -10.53 -10.52 -10.52 -10.50 -10.49 -10.48 -10.48 -10.47 -10.47 -10.42 -10.38 -10.42 -10.41 -10.40 -10.40 -10.37 -10.35 -10.35 -10.38 -10.37 -10.39 -10.38 -10.37 -10.35 -10.32 -10.31 -10.29 -10.29 -10.28 -10.27 -10.27 -10.26 -10.24 -10.21 -10.22 -10.22 -10.19 -10.20 -10.13 -10.16 -10.16 -10.17 -10.13 -10.10 -10.13 -10.10 -10.11 -10.11 -10.11 -10.12 -10.06 -10.03 -10.04 -10.09 -10.08 -10.07 -10.06
-10.60 -10.58 -10.57 -10.57 -10.53 -10.51 -10.52 -10.50 -10.51 -10.50 -10.50 -10.48 -10.50 -10.47 -10.48 -10.46 -10.45 -10.44 -10.42 -10.40 -10.34 -10.37 -10.33 -10.30 -10.38 -10.36 -10.36 -10.35 -10.33 -10.30 -10.33 -10.33 -10.35 -10.34 -10.34 -10.33 -10.31 -10.25 -10.26 -10.23 -10.23 -10.20 -10.20 -10.19 -10.18 -10.15 -10.17 -10.16 -10.17 -10.13 -10.12 -10.09 -10.09 -10.08 -10.12 -10.08 -10.04 -10.04 -10.04 -10.04 -10.07 -10.06 -10.03 -10.00 -10.00 -10.01 -10.05
-10.55 -10.53 -10.53 -10.52 -10.51 -10.49 -10.46 -10.45 -10.44 -10.45 -10.45 -10.43 -10.43 -10.42 -10.43 -10.43 -10.42 -10.48 -10.34 -10.37 -10.33 -10.37 -10.35 -10.30 -10.30 -10.29 -10.30 -10.33 -10.33 -10.34 -10.31 -10.27 -10.27 -10.27 -10.28 -10.28 -10.30 -10.29 -10.29 -10.20 -10.22 -10.17 -10.15 -10.16 -10.14 -10.12 -10.11 -10.09 -10.07 -10.10 -10.08 -10.06 -10.08 -10.05 -10.07 -10.02 -10.07 -10.04 -10.00 -9.97 -9.97 -10.03 -10.03 -9.99 -9.96 -9.97 -9.97
-10.49 -10.51 -10.50 -10.47 -10.45 -10.44 -10.43 -10.42 -10.41 -10.38 -10.37 -10.38 -10.39 -10.39 -10.39 -10.38 -10.35 -10.34 -10.34 -10.38 -10.29 -10.27 -10.29 -10.28 -10.30 -10.31 -10.27 -10.26 -10.25 -10.26 -10.29 -10.30 -10.29 -10.26 -10.22 -10.21 -10.22 -10.22 -10.24 -10.26 -10.23 -10.20 -10.17 -10.12 -10.09 -10.09 -10.10 -10.07 -10.04 -10.07 -10.05 -10.07 -10.05 -9.99 -10.02 -10.01 -10.00 -9.99 -9.99 -9.98 -9.96 -9.96 -9.98 -9.98 -9.97 -9.94 -9.94
-10.45 -10.44 -10.43 -10.40 -10.39 -10.39 -10.35 -10.34 -10.34 -10.35 -10.35 -10.33 -10.32 -10.31 -10.32 -10.33 -10.33 -10.31 -10.25 -10.24 -10.24 -10.23 -10.24 -10.23 -10.23 -10.24 -10.25 -10.23 -10.25 -10.25 -10.23 -10.22 -10.24 -10.25 -10.25 -10.22 -10.19 -10.17 -10.15 -10.16 -10.17 -10.17 -10.17 -10.16 -10.11 -10.09 -10.05 -10.01 -10.05 -10.07 -10.07 -10.08 -10.02 -10.04 -10.01 -9.97 -9.96 -9.96 -9.95 -9.93 -9.93 -9.96 -9.94 -9.93 -9.97 -9.94 -9.92
-10.38 -10.37 -10.37 -10.38 -10.30 -10.30 -10.30 -10.28 -10.24 -10.23 -10.24 -10.24 -10.25 -10.25 -10.26 -10.24 -10.23 -10.22 -10.22 -10.16 -10.12 -10.12 -10.18 -10.18 -10.17 -10.18 -10.18 -10.20 -10.20 -10.20 -10.19 -10.19 -10.19 -10.18 -10.19 -10.18 -10.19 -10.16 -10.15 -10.15 -10.10 -10.11 -10.11 -10.11 -10.10 -10.08 -10.08 -10.05 -10.04 -10.04 -10.07 -10.09 -10.06 -10.02 -9.98 -9.99 -9.98 -9.95 -9.91 -9.91 -9.93 -9.92 -9.93 -9.94 -9.92 -9.91 -9.89
-10.27 -10.28 -10.26 -10.24 -10.22 -10.24 -10.24 -10.19 -10.18 -10.15 -10.14 -10.12 -10.13 -10.13 -10.14 -10.15 -10.17 -10.16 -10.17 -10.17 -10.16 -10.11 -10.07 -10.07 -10.08 -10.14 -10.12 -10.09 -10.12 -10.13 -10.16 -10.15 -10.12 -10.14 -10.12 -10.13 -10.14 -10.10 -10.14 -10.12 -10.09 -10.09 -10.05 -10.06 -10.08 -10.04 -10.03 -10.03 -10.04 -10.05 -10.04 -10.05 -10.05 -10.02 -9.99 -9.93 -9.94 -9.95 -9.94 -9.94 -9.89 -9.88 -9.93 -9.92 -9.90 -9.91 -9.88
-10.14 -10.13 -10.14 -10.16 -10.14 -10.14 -10.15 -10.11 -10.09 -10.09 -10.05 -10.06 -10.03 -10.01 -10.02 -10.03 -10.08 -10.09 -10.10 -10.09 -10.11 -10.09 -10.09 -10.08 -10.05 -10.01 -10.04 -10.04 -10.08 -10.06 -10.03 -10.07 -10.06 -10.07 -10.05 -10.05 -10.06 -10.07 -10.09 -10.03 -10.07 -10.05 -10.02 -10.03 -9.99 -10.01 -10.02 -10.01 -10.03 -10.02 -10.02 -10.03 -9.99 -9.99 -9.96 -9.95 -9.92 -9.89 -9.89 -9.91 -9.89 -9.90 -9.86 -9.85 -9.90 -9.86 -9.85
-10.04 -10.02 -10.02 -10.01 -10.05 -10.03 -10.01 -9.99 -9.99 -9.98 -9.98 -9.95 -9.96 -9.92 -9.93 -9.95 -9.96 -10.01 -10.00 -10.00 -10.00 -10.04 -10.03 -10.01 -10.01 -10.00 -10.00 -9.98 -9.97 -9.96 -10.00 -10.01 -9.99 -9.97 -9.99 -9.99 -9.97 -9.98 -9.99 -10.01 -10.00 -9.96 -9.99 -9.97 -9.94 -9.98 -9.94 -9.99 -9.97 -10.00 -9.98 -9.96 -9.96 -9.95 -9.92 -9.91 -9.89 -9.87 -9.85 -9.84 -9.84 -9.87 -9.84 -9.87 -9.83 -9.83 -9.84
-9.91 -9.91 -9.93 -9.92 -9.95 -9.93 -9.91 -9.89 -9.87 -9.85 -9.85 -9.85 -9.84 -9.82 -9.82 -9.84 -9.85 -9.88 -9.90 -9.91 -9.94 -9.92 -9.93 -9.93 -9.96 -9.96 -9.95 -9.92 -9.91 -9.93 -9.90 -9.91 -9.90 -9.95 -9.92 -9.91 -9.92 -9.94 -9.93 -9.97 -9.95 -9.96 -9.94 -9.90 -9.92 -9.89 -9.88 -9.93 -9.91 -9.94 -9.96 -9.96 -9.93 -9.94 -9.92 -9.88 -9.86 -9.83 -9.85 -9.83 -9.82 -9.79 -9.79 -9.82 -9.83 -9.81 -9.78
-9.83 -9.83 -9.83 -9.82 -9.86 -9.84 -9.82 -9.80 -9.78 -9.76 -9.74 -9.72 -9.70 -9.70 -9.69 -9.72 -9.75 -9.77 -9.80 -9.83 -9.85 -9.86 -9.85 -9.87 -9.87 -9.87 -9.87 -9.88 -9.89 -9.87 -9.87 -9.84 -9.85 -9.86 -9.83 -9.89 -9.86 -9.87 -9.87 -9.89 -9.89 -9.90 -9.90 -9.87 -9.86 -9.84 -9.86 -9.87 -9.86 -9.89 -9.88 -9.91 -9.88 -9.88 -9.88 -9.86 -9.84 -9.85 -9.81 -9.81 -9.83 -9.82 -9.79 -9.78 -9.78 -9.76 -9.78
-9.72 -9.72 -9.71 -9.71 -9.76 -9.74 -9.71 -9.69 -9.66 -9.63 -9.61 -9.59 -9.57 -9.55 -9.55 -9.61 -9.63 -9.67 -9.70 -9.72 -9.74 -9.77 -9.80 -9.79 -9.76 -9.80 -9.80 -9.80 -9.81 -9.81 -9.80 -9.80 -9.80 -9.78 -9.80 -9.80 -9.78 -9.84 -9.82 -9.83 -9.84 -9.84 -9.87 -9.84 -9.84 -9.81 -9.83 -9.81 -9.85 -9.84 -9.85 -9.85 -9.85 -9.84 -9.85 -9.83 -9.83 -9.81 -9.80 -9.77 -9.76 -9.75 -9.78 -9.80 -9.73 -9.73 -9.71
