utils/5a01f6d0e4b0531197b72cfe/583e1b84e4b0f0dc05ea5475/583e217ae4b0f0dc05ea548b/ew14_sept_dem_5m.asc
ncols	964
nrows	465
xllcorner	295150.00
yllcorner	130095.00
cellsize	5.00
NODATA_value	-9999.00
[rows 270 to 299 of 465, columns 69 to 137 of 964]
-9999.00 -9999.00 -9999.00 -17.37 -17.34 -17.47 -17.57 -17.51 -17.46 -17.46 -17.36 -17.34 -17.27 -17.24 -17.19 -17.14 -17.14 -17.12 -17.08 -17.09 -17.01 -17.01 -16.89 -16.87 -16.87 -16.85 -16.77 -16.77 -16.74 -16.69 -16.66 -16.63 -16.56 -16.53 -16.50 -16.51 -16.50 -16.45 -16.36 -16.42 -16.42 -16.32 -16.24 -16.16 -16.13 -16.00 -15.94 -15.90 -15.86 -15.86 -15.80 -15.75 -15.70 -15.66 -15.64 -15.60 -15.62 -15.58 -15.49 -15.44 -15.46 -15.39 -15.33 -15.32 -15.31 -15.22 -15.17 -15.12 -15.08
-9999.00 -17.19 -17.17 -17.21 -17.27 -17.47 -17.47 -17.43 -17.43 -17.34 -17.24 -17.16 -17.13 -17.10 -17.06 -17.04 -17.02 -16.99 -16.98 -16.93 -16.94 -16.84 -16.81 -16.81 -16.78 -16.70 -16.72 -16.67 -16.62 -16.60 -16.56 -16.50 -16.52 -16.47 -16.45 -16.44 -16.44 -16.33 -16.36 -16.39 -16.33 -16.25 -16.16 -16.17 -16.00 -15.92 -15.88 -15.85 -15.84 -15.77 -15.71 -15.68 -15.63 -15.62 -15.57 -15.59 -15.55 -15.48 -15.42 -15.43 -15.38 -15.33 -15.29 -15.31 -15.22 -15.16 -15.13 -15.10 -15.04
-17.10 -17.05 -17.08 -17.02 -17.18 -17.30 -17.38 -17.41 -17.33 -17.17 -17.09 -17.05 -17.04 -16.97 -16.95 -16.92 -16.90 -16.87 -16.84 -16.81 -16.76 -16.74 -16.75 -16.68 -16.64 -16.66 -16.60 -16.55 -16.53 -16.48 -16.45 -16.45 -16.40 -16.38 -16.38 -16.38 -16.28 -16.29 -16.31 -16.26 -16.22 -16.16 -16.20 -16.00 -15.89 -15.86 -15.83 -15.82 -15.74 -15.71 -15.64 -15.60 -15.59 -15.55 -15.56 -15.52 -15.46 -15.40 -15.40 -15.36 -15.32 -15.27 -15.29 -15.22 -15.16 -15.13 -15.12 -15.05 -14.96
-16.96 -16.90 -16.81 -16.94 -17.03 -17.09 -17.25 -17.31 -17.08 -16.94 -16.97 -16.99 -16.92 -16.87 -16.82 -16.81 -16.75 -16.74 -16.71 -16.66 -16.63 -16.65 -16.59 -16.59 -16.60 -16.52 -16.48 -16.47 -16.41 -16.39 -16.37 -16.32 -16.31 -16.32 -16.31 -16.24 -16.22 -16.24 -16.19 -16.17 -16.11 -16.17 -15.98 -15.88 -15.84 -15.83 -15.78 -15.74 -15.71 -15.63 -15.58 -15.57 -15.52 -15.52 -15.49 -15.44 -15.39 -15.39 -15.35 -15.31 -15.27 -15.26 -15.21 -15.14 -15.11 -15.12 -15.06 -14.98 -14.98
-16.71 -16.67 -16.74 -16.73 -16.80 -16.94 -17.02 -16.89 -16.83 -16.89 -16.95 -16.86 -16.79 -16.77 -16.72 -16.65 -16.62 -16.61 -16.57 -16.52 -16.55 -16.51 -16.51 -16.54 -16.44 -16.41 -16.40 -16.34 -16.32 -16.30 -16.26 -16.25 -16.23 -16.28 -16.21 -16.16 -16.15 -16.12 -16.12 -16.06 -16.10 -15.99 -15.86 -15.82 -15.82 -15.77 -15.75 -15.70 -15.62 -15.57 -15.55 -15.51 -15.50 -15.45 -15.42 -15.38 -15.37 -15.34 -15.30 -15.26 -15.24 -15.20 -15.12 -15.10 -15.10 -15.05 -15.01 -15.00 -14.95
-16.53 -16.54 -16.46 -16.52 -16.64 -16.72 -16.68 -16.69 -16.81 -16.90 -16.76 -16.72 -16.70 -16.69 -16.66 -16.55 -16.49 -16.44 -16.41 -16.46 -16.44 -16.43 -16.45 -16.38 -16.34 -16.33 -16.26 -16.26 -16.22 -16.18 -16.19 -16.16 -16.21 -16.14 -16.09 -16.07 -16.06 -16.05 -16.01 -16.01 -15.98 -15.84 -15.80 -15.81 -15.77 -15.75 -15.68 -15.60 -15.55 -15.53 -15.51 -15.50 -15.45 -15.40 -15.36 -15.37 -15.33 -15.29 -15.23 -15.21 -15.19 -15.10 -15.08 -15.08 -15.04 -15.00 -14.98 -14.95 -14.92
-16.41 -16.28 -16.24 -16.34 -16.45 -16.49 -16.53 -16.65 -16.77 -16.67 -16.69 -16.63 -16.65 -16.71 -16.52 -16.47 -16.35 -16.30 -16.35 -16.36 -16.34 -16.37 -16.31 -16.27 -16.26 -16.20 -16.19 -16.14 -16.12 -16.12 -16.10 -16.11 -16.07 -16.02 -16.00 -15.99 -15.97 -15.95 -15.92 -15.93 -15.82 -15.78 -15.77 -15.74 -15.74 -15.66 -15.59 -15.53 -15.52 -15.52 -15.51 -15.44 -15.41 -15.34 -15.36 -15.32 -15.27 -15.22 -15.20 -15.18 -15.09 -15.06 -15.05 -15.01 -14.98 -14.96 -14.93 -14.90 -14.87
-16.28 -16.18 -16.15 -16.21 -16.30 -16.37 -16.49 -16.58 -16.52 -16.57 -16.56 -16.67 -16.74 -16.48 -16.45 -16.34 -16.30 -16.29 -16.28 -16.26 -16.28 -16.24 -16.20 -16.19 -16.15 -16.15 -16.07 -16.07 -16.04 -16.04 -16.01 -15.98 -15.95 -15.93 -15.92 -15.90 -15.89 -15.85 -15.86 -15.81 -15.75 -15.73 -15.72 -15.67 -15.62 -15.57 -15.50 -15.53 -15.52 -15.52 -15.44 -15.42 -15.31 -15.34 -15.29 -15.25 -15.20 -15.20 -15.15 -15.08 -15.05 -15.02 -15.00 -14.96 -14.94 -14.91 -14.88 -14.85 -14.80
-16.18 -16.16 -16.16 -16.18 -16.20 -16.33 -16.42 -16.37 -16.42 -16.42 -16.63 -16.74 -16.46 -16.43 -16.31 -16.31 -16.26 -16.26 -16.21 -16.20 -16.17 -16.14 -16.12 -16.10 -16.11 -16.01 -16.02 -15.98 -15.97 -15.93 -15.90 -15.87 -15.86 -15.86 -15.84 -15.82 -15.80 -15.81 -15.78 -15.72 -15.70 -15.68 -15.62 -15.58 -15.54 -15.48 -15.53 -15.53 -15.53 -15.42 -15.43 -15.28 -15.32 -15.27 -15.24 -15.20 -15.20 -15.15 -15.09 -15.03 -15.02 -14.97 -14.94 -14.92 -14.88 -14.86 -14.82 -14.77 -14.67
-16.14 -16.10 -16.11 -16.15 -16.23 -16.25 -16.22 -16.30 -16.27 -16.46 -16.48 -16.37 -16.40 -16.30 -16.25 -16.28 -16.23 -16.21 -16.15 -16.12 -16.07 -16.05 -16.03 -16.07 -15.96 -15.96 -15.92 -15.91 -15.86 -15.83 -15.79 -15.78 -15.79 -15.78 -15.76 -15.74 -15.75 -15.72 -15.68 -15.65 -15.61 -15.59 -15.54 -15.51 -15.46 -15.49 -15.51 -15.53 -15.41 -15.44 -15.25 -15.29 -15.24 -15.22 -15.18 -15.19 -15.13 -15.06 -15.01 -15.01 -14.95 -14.92 -14.90 -14.86 -14.84 -14.79 -14.74 -14.66 -14.64
-16.03 -16.05 -16.10 -16.08 -16.10 -16.08 -16.19 -16.11 -16.24 -16.23 -16.27 -16.27 -16.28 -16.19 -16.30 -16.21 -16.22 -16.12 -16.09 -16.04 -15.99 -15.96 -16.01 -15.91 -15.90 -15.86 -15.86 -15.82 -15.78 -15.74 -15.70 -15.72 -15.72 -15.69 -15.69 -15.68 -15.67 -15.62 -15.59 -15.58 -15.55 -15.51 -15.47 -15.44 -15.46 -15.47 -15.45 -15.38 -15.45 -15.23 -15.27 -15.21 -15.20 -15.17 -15.18 -15.11 -15.04 -14.99 -14.98 -14.91 -14.92 -14.88 -14.84 -14.81 -14.77 -14.70 -14.64 -14.61 -14.53
-15.98 -16.06 -15.90 -15.95 -15.93 -15.94 -15.95 -15.99 -16.05 -16.15 -16.10 -16.12 -16.10 -16.30 -16.18 -16.21 -16.08 -16.06 -16.01 -15.94 -15.95 -15.95 -15.85 -15.84 -15.80 -15.80 -15.77 -15.74 -15.69 -15.67 -15.67 -15.65 -15.63 -15.62 -15.63 -15.61 -15.57 -15.54 -15.52 -15.51 -15.48 -15.44 -15.42 -15.43 -15.42 -15.38 -15.35 -15.39 -15.21 -15.25 -15.19 -15.18 -15.15 -15.16 -15.10 -15.02 -14.97 -14.97 -14.90 -14.87 -14.86 -14.82 -14.79 -14.74 -14.70 -14.63 -14.59 -14.52 -14.50
-15.91 -15.75 -15.79 -15.77 -15.75 -15.79 -15.82 -15.93 -16.05 -15.97 -15.96 -15.99 -16.13 -16.09 -16.20 -16.04 -16.03 -15.99 -15.95 -15.95 -15.92 -15.83 -15.79 -15.74 -15.75 -15.73 -15.69 -15.64 -15.65 -15.64 -15.61 -15.57 -15.56 -15.57 -15.54 -15.52 -15.48 -15.46 -15.47 -15.43 -15.40 -15.40 -15.41 -15.36 -15.33 -15.31 -15.33 -15.20 -15.23 -15.19 -15.17 -15.14 -15.15 -15.09 -14.99 -14.95 -14.95 -14.90 -14.87 -14.84 -14.80 -14.78 -14.72 -14.67 -14.60 -14.56 -14.50 -14.47 -14.44
-15.68 -15.65 -15.56 -15.58 -15.61 -15.67 -15.77 -15.73 -15.78 -15.81 -15.89 -15.96 -15.95 -16.02 -15.95 -16.00 -15.97 -15.95 -15.95 -15.90 -15.78 -15.74 -15.70 -15.70 -15.68 -15.63 -15.60 -15.62 -15.60 -15.56 -15.52 -15.51 -15.53 -15.48 -15.46 -15.42 -15.39 -15.44 -15.38 -15.37 -15.36 -15.36 -15.32 -15.29 -15.28 -15.27 -15.18 -15.20 -15.18 -15.14 -15.12 -15.13 -15.09 -14.97 -14.94 -14.93 -14.91 -14.87 -14.83 -14.77 -14.74 -14.70 -14.64 -14.57 -14.54 -14.49 -14.44 -14.42 -14.37
-15.56 -15.49 -15.44 -15.41 -15.45 -15.46 -15.47 -15.49 -15.56 -15.68 -15.79 -15.81 -15.84 -15.82 -15.84 -15.88 -15.94 -15.94 -15.87 -15.74 -15.69 -15.66 -15.67 -15.64 -15.57 -15.55 -15.58 -15.57 -15.52 -15.48 -15.47 -15.47 -15.44 -15.41 -15.38 -15.34 -15.41 -15.31 -15.33 -15.32 -15.32 -15.27 -15.24 -15.24 -15.21 -15.17 -15.17 -15.16 -15.12 -15.10 -15.09 -15.08 -14.95 -14.93 -14.92 -14.91 -14.87 -14.82 -14.73 -14.69 -14.65 -14.61 -14.55 -14.53 -14.47 -14.41 -14.40 -14.35 -14.34
-15.41 -15.35 -15.28 -15.21 -15.18 -15.19 -15.21 -15.27 -15.37 -15.50 -15.62 -15.65 -15.69 -15.69 -15.74 -15.78 -15.87 -15.84 -15.70 -15.62 -15.62 -15.63 -15.61 -15.56 -15.52 -15.55 -15.54 -15.47 -15.44 -15.42 -15.41 -15.40 -15.37 -15.35 -15.28 -15.37 -15.25 -15.29 -15.28 -15.27 -15.24 -15.20 -15.19 -15.17 -15.16 -15.16 -15.13 -15.11 -15.07 -15.05 -15.04 -14.94 -14.91 -14.90 -14.91 -14.86 -14.80 -14.69 -14.64 -14.60 -14.57 -14.53 -14.50 -14.46 -14.39 -14.39 -14.34 -14.33 -14.27
-15.27 -15.15 -15.13 -14.99 -14.89 -14.92 -14.98 -15.06 -15.16 -15.27 -15.39 -15.49 -15.55 -15.62 -15.61 -15.69 -15.69 -15.60 -15.55 -15.57 -15.59 -15.59 -15.54 -15.48 -15.49 -15.48 -15.42 -15.39 -15.37 -15.36 -15.36 -15.34 -15.31 -15.25 -15.33 -15.20 -15.25 -15.24 -15.24 -15.21 -15.15 -15.15 -15.12 -15.12 -15.10 -15.07 -15.09 -15.06 -15.02 -15.01 -14.93 -14.89 -14.86 -14.86 -14.85 -14.80 -14.64 -14.61 -14.57 -14.54 -14.51 -14.48 -14.44 -14.38 -14.37 -14.32 -14.32 -14.27 -14.24
-15.11 -15.05 -14.86 -14.80 -14.75 -14.69 -14.74 -14.83 -14.95 -15.08 -15.18 -15.27 -15.44 -15.45 -15.52 -15.54 -15.47 -15.46 -15.49 -15.53 -15.57 -15.51 -15.46 -15.42 -15.40 -15.36 -15.34 -15.33 -15.30 -15.32 -15.31 -15.28 -15.23 -15.27 -15.18 -15.22 -15.19 -15.21 -15.16 -15.11 -15.10 -15.08 -15.08 -15.04 -15.03 -15.00 -15.01 -14.99 -14.98 -14.91 -14.86 -14.82 -14.79 -14.79 -14.78 -14.58 -14.58 -14.53 -14.53 -14.50 -14.45 -14.42 -14.37 -14.35 -14.32 -14.30 -14.27 -14.24 -14.21
-14.96 -14.77 -14.80 -14.76 -14.63 -14.54 -14.50 -14.62 -14.80 -14.87 -14.96 -15.15 -15.20 -15.32 -15.40 -15.35 -15.38 -15.40 -15.41 -15.47 -15.46 -15.48 -15.35 -15.32 -15.29 -15.32 -15.30 -15.24 -15.27 -15.28 -15.25 -15.20 -15.21 -15.17 -15.20 -15.16 -15.17 -15.13 -15.06 -15.05 -15.03 -15.04 -14.99 -14.97 -14.94 -14.98 -14.94 -14.93 -14.89 -14.83 -14.76 -14.73 -14.73 -14.74 -14.59 -14.55 -14.48 -14.51 -14.47 -14.43 -14.41 -14.36 -14.34 -14.34 -14.32 -14.28 -14.24 -14.21 -14.19
-14.80 -14.79 -14.77 -14.66 -14.58 -14.48 -14.40 -14.48 -14.56 -14.66 -14.86 -14.95 -15.07 -15.18 -15.22 -15.30 -15.30 -15.31 -15.37 -15.37 -15.39 -15.32 -15.25 -15.23 -15.30 -15.26 -15.18 -15.23 -15.21 -15.21 -15.17 -15.18 -15.16 -15.17 -15.13 -15.14 -15.10 -15.05 -15.02 -14.98 -15.00 -14.94 -14.91 -14.88 -14.93 -14.87 -14.89 -14.85 -14.78 -14.72 -14.66 -14.67 -14.72 -14.58 -14.54 -14.50 -14.52 -14.44 -14.41 -14.41 -14.35 -14.34 -14.34 -14.30 -14.34 -14.25 -14.21 -14.19 -14.14
-14.83 -14.71 -14.69 -14.62 -14.57 -14.47 -14.45 -14.39 -14.36 -14.58 -14.70 -14.82 -14.95 -14.99 -15.14 -15.20 -15.22 -15.27 -15.28 -15.29 -15.27 -15.21 -15.19 -15.28 -15.22 -15.13 -15.17 -15.13 -15.12 -15.16 -15.15 -15.14 -15.13 -15.10 -15.10 -15.07 -15.02 -14.99 -14.96 -14.97 -14.90 -14.85 -14.81 -14.86 -14.82 -14.84 -14.80 -14.74 -14.70 -14.66 -14.63 -14.70 -14.59 -14.55 -14.53 -14.54 -14.46 -14.41 -14.40 -14.33 -14.32 -14.35 -14.31 -14.38 -14.27 -14.22 -14.21 -14.14 -14.13
-14.59 -14.65 -14.60 -14.62 -14.53 -14.51 -14.44 -14.35 -14.39 -14.44 -14.58 -14.71 -14.74 -14.92 -15.00 -15.07 -15.16 -15.19 -15.20 -15.21 -15.16 -15.14 -15.20 -15.19 -15.08 -15.11 -15.06 -15.07 -15.10 -15.11 -15.10 -15.09 -15.08 -15.07 -15.04 -15.00 -14.97 -14.94 -14.93 -14.88 -14.81 -14.75 -14.78 -14.79 -14.80 -14.77 -14.71 -14.68 -14.66 -14.61 -14.66 -14.58 -14.57 -14.55 -14.56 -14.49 -14.45 -14.41 -14.33 -14.31 -14.35 -14.32 -14.35 -14.30 -14.22 -14.23 -14.14 -14.12 -14.08
-14.59 -14.42 -14.64 -14.59 -14.60 -14.49 -14.40 -14.40 -14.41 -14.41 -14.48 -14.51 -14.70 -14.78 -14.85 -14.94 -15.04 -15.11 -15.11 -15.12 -15.09 -15.13 -15.12 -15.04 -15.05 -14.99 -15.02 -15.06 -15.08 -15.06 -15.02 -15.03 -15.03 -15.02 -14.99 -14.95 -14.92 -14.89 -14.86 -14.81 -14.75 -14.74 -14.75 -14.73 -14.73 -14.67 -14.65 -14.67 -14.60 -14.65 -14.58 -14.55 -14.58 -14.58 -14.51 -14.47 -14.44 -14.38 -14.33 -14.34 -14.33 -14.33 -14.38 -14.21 -14.25 -14.14 -14.11 -14.09 -14.08
-14.40 -14.70 -14.61 -14.55 -14.51 -14.45 -14.40 -14.40 -14.38 -14.40 -14.34 -14.50 -14.57 -14.63 -14.72 -14.83 -14.91 -14.99 -15.06 -15.03 -15.05 -15.05 -15.00 -15.00 -14.95 -14.97 -15.01 -15.04 -15.02 -14.96 -14.96 -14.97 -14.97 -14.97 -14.93 -14.90 -14.85 -14.84 -14.79 -14.74 -14.74 -14.73 -14.68 -14.69 -14.63 -14.63 -14.70 -14.59 -14.61 -14.57 -14.55 -14.55 -14.57 -14.54 -14.51 -14.47 -14.40 -14.36 -14.34 -14.34 -14.29 -14.42 -14.23 -14.25 -14.16 -14.09 -14.11 -14.10 -14.03
-14.64 -14.56 -14.49 -14.51 -14.51 -14.41 -14.39 -14.34 -14.35 -14.28 -14.35 -14.41 -14.41 -14.49 -14.60 -14.68 -14.82 -14.91 -14.95 -14.98 -14.98 -14.97 -14.94 -14.92 -14.93 -14.95 -15.00 -15.00 -14.90 -14.89 -14.91 -14.92 -14.94 -14.91 -14.87 -14.81 -14.81 -14.77 -14.74 -14.74 -14.72 -14.67 -14.69 -14.61 -14.60 -14.71 -14.58 -14.60 -14.57 -14.54 -14.54 -14.54 -14.50 -14.49 -14.49 -14.43 -14.39 -14.36 -14.34 -14.29 -14.37 -14.25 -14.24 -14.16 -14.09 -14.12 -14.11 -14.03 -14.00
-14.43 -14.45 -14.58 -14.54 -14.39 -14.38 -14.34 -14.28 -14.22 -14.21 -14.32 -14.34 -14.35 -14.38 -14.47 -14.65 -14.74 -14.81 -14.86 -14.92 -14.92 -14.88 -14.89 -14.89 -14.89 -14.93 -14.95 -14.84 -14.82 -14.85 -14.88 -14.90 -14.89 -14.86 -14.79 -14.78 -14.77 -14.74 -14.73 -14.71 -14.67 -14.68 -14.62 -14.59 -14.69 -14.58 -14.58 -14.57 -14.53 -14.53 -14.51 -14.47 -14.45 -14.45 -14.45 -14.42 -14.37 -14.35 -14.30 -14.30 -14.27 -14.23 -14.16 -14.12 -14.13 -14.13 -14.03 -14.00 -14.00
-14.39 -14.52 -14.45 -14.39 -14.39 -14.37 -14.30 -14.20 -14.10 -14.22 -14.27 -14.31 -14.32 -14.33 -14.49 -14.57 -14.66 -14.72 -14.81 -14.82 -14.82 -14.85 -14.85 -14.84 -14.86 -14.88 -14.81 -14.78 -14.81 -14.84 -14.87 -14.88 -14.85 -14.79 -14.75 -14.76 -14.73 -14.73 -14.70 -14.68 -14.67 -14.63 -14.60 -14.66 -14.57 -14.57 -14.56 -14.50 -14.50 -14.47 -14.44 -14.43 -14.45 -14.43 -14.40 -14.38 -14.35 -14.32 -14.28 -14.29 -14.22 -14.17 -14.12 -14.13 -14.13 -14.05 -13.99 -14.01 -13.97
-14.36 -14.31 -14.35 -14.46 -14.39 -14.33 -14.21 -14.12 -14.17 -14.21 -14.27 -14.27 -14.27 -14.39 -14.44 -14.50 -14.58 -14.68 -14.73 -14.75 -14.77 -14.77 -14.78 -14.80 -14.80 -14.79 -14.76 -14.77 -14.78 -14.83 -14.86 -14.84 -14.77 -14.74 -14.74 -14.71 -14.71 -14.69 -14.68 -14.65 -14.63 -14.59 -14.63 -14.57 -14.56 -14.55 -14.49 -14.49 -14.44 -14.41 -14.41 -14.40 -14.37 -14.39 -14.36 -14.33 -14.32 -14.27 -14.27 -14.22 -14.17 -14.14 -14.13 -14.13 -14.07 -14.00 -14.01 -13.97 -13.98
-14.19 -14.27 -14.32 -14.31 -14.34 -14.23 -14.14 -14.17 -14.17 -14.25 -14.22 -14.20 -14.29 -14.34 -14.39 -14.45 -14.56 -14.65 -14.66 -14.69 -14.70 -14.71 -14.72 -14.73 -14.76 -14.73 -14.72 -14.72 -14.75 -14.80 -14.81 -14.75 -14.71 -14.73 -14.69 -14.67 -14.65 -14.66 -14.66 -14.63 -14.60 -14.61 -14.56 -14.56 -14.55 -14.49 -14.49 -14.43 -14.38 -14.39 -14.38 -14.37 -14.36 -14.34 -14.31 -14.30 -14.27 -14.24 -14.21 -14.18 -14.14 -14.13 -14.12 -14.08 -14.02 -14.01 -13.97 -14.00 -13.95
-14.16 -14.15 -14.16 -14.18 -14.20 -14.16 -14.14 -14.08 -14.26 -14.18 -14.17 -14.17 -14.22 -14.27 -14.34 -14.41 -14.52 -14.54 -14.62 -14.62 -14.64 -14.64 -14.65 -14.70 -14.67 -14.67 -14.66 -14.68 -14.71 -14.74 -14.70 -14.69 -14.71 -14.67 -14.65 -14.62 -14.64 -14.62 -14.61 -14.60 -14.58 -14.55 -14.55 -14.55 -14.49 -14.48 -14.42 -14.39 -14.38 -14.34 -14.37 -14.33 -14.31 -14.29 -14.28 -14.26 -14.22 -14.20 -14.18 -14.14 -14.13 -14.12 -14.08 -14.04 -14.02 -13.97 -14.00 -13.95 -13.89
