utils/5a01f6d0e4b0531197b72cfe/583e1b84e4b0f0dc05ea5475/583e217ae4b0f0dc05ea548b/ew14_sept_dem_5m.asc
ncols	964
nrows	465
xllcorner	295150.00
yllcorner	130095.00
cellsize	5.00
NODATA_value	-9999.00
[rows 120 to 149 of 465, columns 690 to 758 of 964]
-8.51 -8.53 -8.54 -8.52 -8.56 -8.64 -8.61 -8.65 -8.69 -8.72 -8.71 -8.73 -8.75 -8.74 -8.72 -8.73 -8.69 -8.71 -8.71 -8.71 -8.72 -8.74 -8.70 -8.72 -8.66 -8.64 -8.65 -8.69 -8.69 -8.70 -8.70 -8.71 -8.71 -8.71 -8.74 -8.74 -8.76 -8.71 -8.72 -8.76 -8.80 -8.86 -8.86 -8.88 -8.87 -8.93 -8.95 -8.99 -9.02 -9.05 -9.07 -9.10 -9.13 -9.15 -9999.00 -9999.00 -9999.00 -9999.00 -9999.00 -9999.00 -9999.00 -9999.00 -9999.00 -9999.00 -9999.00 -9999.00 -9999.00 -9999.00 -9999.00
-8.49 -8.47 -8.52 -8.55 -8.56 -8.56 -8.60 -8.67 -8.63 -8.68 -8.69 -8.71 -8.70 -8.71 -8.71 -8.70 -8.70 -8.68 -8.70 -8.69 -8.68 -8.68 -8.70 -8.68 -8.67 -8.67 -8.64 -8.67 -8.67 -8.66 -8.68 -8.68 -8.69 -8.71 -8.72 -8.72 -8.76 -8.74 -8.79 -8.70 -8.79 -8.85 -8.88 -8.90 -8.88 -8.88 -8.91 -8.96 -9.00 -9.05 -9.07 -9.10 -9.12 -9.15 -9.18 -9.20 -9999.00 -9999.00 -9999.00 -9999.00 -9999.00 -9999.00 -9999.00 -9999.00 -9999.00 -9999.00 -9999.00 -9999.00 -9999.00
-8.44 -8.42 -8.44 -8.50 -8.50 -8.54 -8.57 -8.60 -8.59 -8.63 -8.64 -8.67 -8.69 -8.67 -8.66 -8.68 -8.67 -8.66 -8.65 -8.64 -8.65 -8.68 -8.67 -8.66 -8.66 -8.65 -8.65 -8.65 -8.66 -8.66 -8.65 -8.66 -8.68 -8.68 -8.70 -8.70 -8.72 -8.72 -8.78 -8.80 -8.78 -8.85 -8.87 -8.90 -8.92 -8.93 -8.93 -8.92 -8.98 -9.02 -9.07 -9.10 -9.12 -9.15 -9.18 -9.18 -9.24 -9999.00 -9999.00 -9999.00 -9999.00 -9999.00 -9999.00 -9999.00 -9999.00 -9999.00 -9999.00 -9999.00 -9999.00
-8.38 -8.41 -8.44 -8.41 -8.43 -8.48 -8.52 -8.58 -8.61 -8.60 -8.60 -8.61 -8.65 -8.66 -8.66 -8.64 -8.63 -8.65 -8.63 -8.62 -8.61 -8.61 -8.60 -8.64 -8.64 -8.63 -8.62 -8.62 -8.65 -8.64 -8.65 -8.65 -8.65 -8.66 -8.67 -8.68 -8.70 -8.69 -8.71 -8.77 -8.77 -8.84 -8.87 -8.89 -8.92 -8.95 -8.97 -8.96 -8.95 -8.99 -9.03 -9.10 -9.12 -9.15 -9.17 -9.20 -9.26 -9.29 -9.35 -9999.00 -9999.00 -9999.00 -9999.00 -9999.00 -9999.00 -9999.00 -9999.00 -9999.00 -9999.00
-8.41 -8.40 -8.36 -8.40 -8.44 -8.40 -8.43 -8.51 -8.57 -8.63 -8.63 -8.59 -8.59 -8.62 -8.64 -8.64 -8.63 -8.61 -8.60 -8.60 -8.59 -8.58 -8.57 -8.59 -8.60 -8.60 -8.60 -8.58 -8.61 -8.63 -8.64 -8.63 -8.66 -8.65 -8.66 -8.66 -8.65 -8.69 -8.70 -8.75 -8.76 -8.84 -8.86 -8.89 -8.92 -8.94 -8.97 -8.99 -9.02 -8.98 -9.00 -9.05 -9.12 -9.15 -9.14 -9.21 -9.25 -9.28 -9.33 -9.33 -9999.00 -9999.00 -9999.00 -9999.00 -9999.00 -9999.00 -9999.00 -9999.00 -9999.00
-8.39 -8.39 -8.41 -8.36 -8.33 -8.40 -8.47 -8.46 -8.50 -8.55 -8.59 -8.62 -8.60 -8.58 -8.59 -8.62 -8.62 -8.61 -8.59 -8.58 -8.58 -8.56 -8.57 -8.60 -8.58 -8.58 -8.60 -8.60 -8.60 -8.60 -8.61 -8.64 -8.62 -8.64 -8.66 -8.65 -8.65 -8.65 -8.70 -8.74 -8.79 -8.83 -8.86 -8.88 -8.91 -8.94 -8.96 -8.99 -9.01 -9.04 -9.04 -9.01 -9.07 -9.13 -9.14 -9.18 -9.22 -9.25 -9.30 -9.36 -9.38 -9.44 -9999.00 -9999.00 -9999.00 -9999.00 -9999.00 -9999.00 -9999.00
-8.32 -8.32 -8.38 -8.39 -8.42 -8.38 -8.43 -8.44 -8.48 -8.50 -8.51 -8.57 -8.60 -8.57 -8.60 -8.57 -8.60 -8.60 -8.59 -8.58 -8.56 -8.55 -8.54 -8.54 -8.55 -8.57 -8.58 -8.60 -8.60 -8.61 -8.59 -8.61 -8.62 -8.62 -8.61 -8.65 -8.66 -8.66 -8.67 -8.74 -8.78 -8.83 -8.85 -8.88 -8.91 -8.93 -8.96 -8.98 -9.01 -9.04 -9.06 -9.09 -9.02 -9.08 -9.14 -9.16 -9.21 -9.25 -9.30 -9.33 -9.40 -9.42 -9.47 -9999.00 -9999.00 -9999.00 -9999.00 -9999.00 -9999.00
-8.40 -8.31 -8.31 -8.32 -8.39 -8.41 -8.45 -8.46 -8.46 -8.48 -8.49 -8.51 -8.55 -8.57 -8.56 -8.57 -8.58 -8.58 -8.58 -8.57 -8.56 -8.57 -8.55 -8.52 -8.51 -8.52 -8.55 -8.58 -8.59 -8.60 -8.62 -8.62 -8.61 -8.62 -8.63 -8.60 -8.62 -8.67 -8.69 -8.71 -8.70 -8.81 -8.84 -8.86 -8.88 -8.91 -8.93 -8.95 -8.97 -8.99 -9.01 -9.03 -9.02 -9.05 -9.09 -9.14 -9.19 -9.24 -9.29 -9.33 -9.38 -9.45 -9.46 -9.51 -9.58 -9999.00 -9999.00 -9999.00 -9999.00
-8.30 -8.37 -8.32 -8.29 -8.33 -8.36 -8.41 -8.44 -8.46 -8.48 -8.47 -8.49 -8.51 -8.54 -8.56 -8.54 -8.55 -8.57 -8.56 -8.56 -8.55 -8.53 -8.51 -8.52 -8.49 -8.50 -8.52 -8.54 -8.55 -8.58 -8.59 -8.61 -8.62 -8.61 -8.62 -8.63 -8.61 -8.62 -8.67 -8.70 -8.73 -8.77 -8.78 -8.85 -8.86 -8.88 -8.91 -8.93 -8.96 -8.98 -9.01 -9.02 -9.03 -9.08 -9.10 -9.12 -9.18 -9.22 -9.29 -9.32 -9.37 -9.43 -9.48 -9.50 -9.55 -9.61 -9999.00 -9999.00 -9999.00
-8.25 -8.28 -8.30 -8.38 -8.38 -8.34 -8.40 -8.42 -8.44 -8.46 -8.46 -8.48 -8.49 -8.50 -8.52 -8.55 -8.54 -8.52 -8.55 -8.56 -8.53 -8.51 -8.49 -8.47 -8.46 -8.48 -8.50 -8.53 -8.54 -8.56 -8.56 -8.59 -8.60 -8.63 -8.62 -8.63 -8.64 -8.64 -8.64 -8.69 -8.71 -8.74 -8.79 -8.76 -8.84 -8.89 -8.92 -8.90 -8.92 -8.95 -8.97 -8.97 -9.00 -9.05 -9.08 -9.12 -9.18 -9.22 -9.28 -9.33 -9.38 -9.41 -9.46 -9.51 -9.55 -9.58 -9.64 -9.74 -9999.00
-8.19 -8.22 -8.33 -8.34 -8.35 -8.38 -8.42 -8.42 -8.44 -8.45 -8.46 -8.47 -8.48 -8.48 -8.50 -8.50 -8.54 -8.53 -8.50 -8.45 -8.52 -8.49 -8.47 -8.43 -8.43 -8.46 -8.48 -8.50 -8.53 -8.52 -8.56 -8.55 -8.59 -8.60 -8.64 -8.62 -8.63 -8.65 -8.65 -8.67 -8.68 -8.71 -8.75 -8.79 -8.81 -8.81 -8.89 -8.92 -8.96 -8.96 -8.93 -9.01 -9.00 -9.05 -9.06 -9.11 -9.16 -9.22 -9.30 -9.32 -9.38 -9.43 -9.47 -9.50 -9.54 -9.61 -9.61 -9.68 -9.77
-8.15 -8.17 -8.22 -8.24 -8.31 -8.36 -8.39 -8.38 -8.39 -8.43 -8.44 -8.46 -8.48 -8.50 -8.49 -8.48 -8.52 -8.49 -8.50 -8.47 -8.43 -8.49 -8.46 -8.43 -8.43 -8.44 -8.46 -8.48 -8.50 -8.52 -8.54 -8.56 -8.57 -8.55 -8.58 -8.61 -8.61 -8.61 -8.65 -8.66 -8.68 -8.69 -8.74 -8.76 -8.79 -8.82 -8.82 -8.87 -8.92 -8.96 -8.92 -9.00 -9.00 -9.05 -9.06 -9.12 -9.16 -9.21 -9.28 -9.32 -9.41 -9.44 -9.47 -9.54 -9.56 -9.57 -9.67 -9.65 -9.72
-8.12 -8.14 -8.18 -8.21 -8.25 -8.30 -8.35 -8.36 -8.38 -8.40 -8.41 -8.42 -8.44 -8.46 -8.47 -8.48 -8.49 -8.48 -8.46 -8.46 -8.44 -8.43 -8.44 -8.44 -8.44 -8.45 -8.45 -8.48 -8.48 -8.50 -8.52 -8.55 -8.55 -8.56 -8.55 -8.56 -8.58 -8.59 -8.58 -8.62 -8.69 -8.70 -8.73 -8.72 -8.74 -8.80 -8.84 -8.85 -8.85 -8.91 -8.93 -8.97 -8.99 -9.01 -9.06 -9.13 -9.15 -9.22 -9.27 -9.30 -9.38 -9.42 -9.51 -9.54 -9.57 -9.67 -9.65 -9.68 -9.74
-8.11 -8.14 -8.13 -8.19 -8.21 -8.26 -8.31 -8.33 -8.36 -8.39 -8.38 -8.39 -8.41 -8.44 -8.45 -8.47 -8.46 -8.44 -8.44 -8.43 -8.42 -8.40 -8.42 -8.43 -8.46 -8.46 -8.46 -8.47 -8.49 -8.49 -8.49 -8.52 -8.54 -8.51 -8.54 -8.56 -8.54 -8.54 -8.57 -8.60 -8.63 -8.67 -8.71 -8.75 -8.75 -8.78 -8.81 -8.85 -8.89 -8.86 -8.93 -8.96 -9.01 -9.02 -9.07 -9.10 -9.15 -9.23 -9.25 -9.31 -9.38 -9.41 -9.48 -9.53 -9.60 -9.62 -9.65 -9.73 -9.74
-8.10 -8.10 -8.13 -8.13 -8.21 -8.22 -8.29 -8.31 -8.32 -8.35 -8.36 -8.38 -8.40 -8.42 -8.43 -8.43 -8.45 -8.43 -8.40 -8.39 -8.39 -8.36 -8.41 -8.44 -8.44 -8.46 -8.47 -8.49 -8.48 -8.49 -8.53 -8.52 -8.51 -8.51 -8.51 -8.51 -8.54 -8.54 -8.54 -8.57 -8.63 -8.64 -8.67 -8.72 -8.76 -8.78 -8.76 -8.79 -8.86 -8.91 -8.89 -8.93 -8.98 -9.02 -9.09 -9.11 -9.16 -9.19 -9.24 -9.33 -9.36 -9.39 -9.49 -9.52 -9.58 -9.64 -9.68 -9.69 -9.74
-8.08 -8.09 -8.10 -8.10 -8.13 -8.22 -8.21 -8.26 -8.29 -8.33 -8.33 -8.35 -8.39 -8.39 -8.40 -8.42 -8.41 -8.37 -8.37 -8.37 -8.34 -8.36 -8.38 -8.40 -8.43 -8.47 -8.47 -8.49 -8.49 -8.50 -8.52 -8.52 -8.53 -8.51 -8.50 -8.50 -8.48 -8.51 -8.57 -8.58 -8.59 -8.63 -8.65 -8.68 -8.71 -8.77 -8.80 -8.77 -8.82 -8.87 -8.90 -8.92 -8.95 -9.02 -9.06 -9.10 -9.17 -9.20 -9.24 -9.29 -9.33 -9.43 -9.46 -9.49 -9.59 -9.61 -9.66 -9.70 -9.70
-8.05 -8.06 -8.09 -8.12 -8.11 -8.17 -8.22 -8.23 -8.25 -8.28 -8.30 -8.29 -8.38 -8.33 -8.37 -8.41 -8.36 -8.34 -8.32 -8.31 -8.31 -8.35 -8.37 -8.39 -8.40 -8.44 -8.46 -8.50 -8.50 -8.50 -8.52 -8.51 -8.52 -8.51 -8.50 -8.50 -8.48 -8.50 -8.52 -8.55 -8.61 -8.63 -8.65 -8.69 -8.70 -8.71 -8.76 -8.82 -8.82 -8.85 -8.88 -8.91 -8.96 -9.00 -9.03 -9.09 -9.14 -9.20 -9.24 -9.28 -9.32 -9.39 -9.42 -9.52 -9.59 -9.58 -9.66 -9.67 -9.73
-8.06 -8.06 -8.08 -8.08 -8.09 -8.10 -8.17 -8.20 -8.22 -8.24 -8.27 -8.29 -8.32 -8.29 -8.38 -8.35 -8.31 -8.31 -8.28 -8.27 -8.28 -8.31 -8.34 -8.38 -8.42 -8.43 -8.44 -8.47 -8.50 -8.52 -8.51 -8.49 -8.48 -8.53 -8.49 -8.51 -8.48 -8.51 -8.52 -8.55 -8.58 -8.58 -8.64 -8.67 -8.69 -8.71 -8.74 -8.77 -8.83 -8.84 -8.87 -8.89 -8.94 -8.98 -9.04 -9.07 -9.10 -9.16 -9.21 -9.28 -9.32 -9.36 -9.41 -9.49 -9.51 -9.59 -9.60 -9.69 -9.68
-7.97 -7.98 -8.07 -8.10 -8.07 -8.09 -8.10 -8.16 -8.17 -8.21 -8.24 -8.26 -8.28 -8.30 -8.33 -8.30 -8.26 -8.27 -8.24 -8.25 -8.26 -8.29 -8.30 -8.32 -8.37 -8.43 -8.44 -8.45 -8.46 -8.49 -8.50 -8.51 -8.51 -8.48 -8.51 -8.51 -8.48 -8.52 -8.52 -8.54 -8.56 -8.60 -8.63 -8.61 -8.68 -8.71 -8.73 -8.75 -8.78 -8.84 -8.86 -8.89 -8.94 -8.97 -9.01 -9.07 -9.12 -9.15 -9.18 -9.24 -9.29 -9.37 -9.40 -9.43 -9.48 -9.54 -9.58 -9.64 -9.70
-7.91 -7.90 -7.94 -8.02 -8.07 -8.06 -8.09 -8.10 -8.16 -8.16 -8.20 -8.23 -8.25 -8.27 -8.30 -8.27 -8.22 -8.21 -8.21 -8.22 -8.24 -8.25 -8.29 -8.30 -8.33 -8.32 -8.42 -8.48 -8.48 -8.46 -8.46 -8.47 -8.49 -8.51 -8.48 -8.52 -8.54 -8.51 -8.51 -8.54 -8.57 -8.58 -8.60 -8.64 -8.68 -8.65 -8.71 -8.74 -8.76 -8.79 -8.85 -8.88 -8.90 -8.97 -9.01 -9.05 -9.09 -9.14 -9.20 -9.23 -9.26 -9.31 -9.37 -9.46 -9.46 -9.49 -9.55 -9.59 -9.64
-7.83 -7.89 -7.88 -7.92 -7.99 -8.07 -8.09 -8.09 -8.10 -8.16 -8.15 -8.20 -8.22 -8.24 -8.27 -8.23 -8.19 -8.13 -8.18 -8.20 -8.22 -8.23 -8.25 -8.27 -8.31 -8.31 -8.37 -8.35 -8.45 -8.48 -8.48 -8.47 -8.46 -8.47 -8.47 -8.49 -8.52 -8.54 -8.56 -8.53 -8.54 -8.55 -8.61 -8.62 -8.64 -8.65 -8.70 -8.70 -8.74 -8.77 -8.82 -8.87 -8.90 -8.94 -8.99 -9.04 -9.09 -9.13 -9.17 -9.22 -9.29 -9.32 -9.34 -9.40 -9.48 -9.52 -9.53 -9.55 -9.63
-7.83 -7.83 -7.84 -7.92 -7.92 -7.98 -8.05 -8.08 -8.09 -8.10 -8.13 -8.15 -8.19 -8.20 -8.25 -8.21 -8.17 -8.13 -8.16 -8.17 -8.20 -8.22 -8.23 -8.24 -8.26 -8.31 -8.32 -8.35 -8.38 -8.41 -8.44 -8.46 -8.49 -8.48 -8.43 -8.47 -8.50 -8.52 -8.55 -8.57 -8.56 -8.57 -8.56 -8.58 -8.63 -8.64 -8.66 -8.66 -8.72 -8.75 -8.79 -8.84 -8.89 -8.93 -8.97 -9.01 -9.06 -9.11 -9.16 -9.20 -9.25 -9.30 -9.37 -9.40 -9.44 -9.51 -9.58 -9.57 -9.57
-7.84 -7.84 -7.85 -7.88 -7.90 -7.93 -7.98 -8.03 -8.08 -8.08 -8.10 -8.12 -8.15 -8.16 -8.16 -8.18 -8.16 -8.17 -8.16 -8.16 -8.18 -8.20 -8.22 -8.22 -8.24 -8.24 -8.27 -8.34 -8.35 -8.41 -8.39 -8.43 -8.44 -8.45 -8.49 -8.47 -8.48 -8.52 -8.53 -8.56 -8.58 -8.59 -8.59 -8.63 -8.60 -8.60 -8.64 -8.64 -8.68 -8.73 -8.78 -8.81 -8.86 -8.92 -8.94 -8.99 -9.02 -9.09 -9.13 -9.20 -9.24 -9.28 -9.33 -9.40 -9.45 -9.49 -9.55 -9.61 -9.60
-7.83 -7.81 -7.87 -7.87 -7.89 -7.93 -7.96 -7.99 -8.03 -8.08 -8.08 -8.10 -8.10 -8.10 -8.10 -8.11 -8.12 -8.15 -8.17 -8.17 -8.18 -8.19 -8.20 -8.23 -8.24 -8.22 -8.25 -8.27 -8.33 -8.38 -8.39 -8.44 -8.43 -8.47 -8.48 -8.48 -8.50 -8.49 -8.51 -8.56 -8.57 -8.58 -8.58 -8.60 -8.60 -8.62 -8.61 -8.63 -8.68 -8.70 -8.75 -8.80 -8.82 -8.88 -8.94 -8.97 -9.01 -9.05 -9.14 -9.17 -9.24 -9.27 -9.31 -9.37 -9.42 -9.49 -9.52 -9.58 -9.63
-7.81 -7.81 -7.84 -7.85 -7.88 -7.91 -7.94 -7.97 -7.99 -8.04 -8.07 -8.07 -8.06 -8.06 -8.06 -8.06 -8.09 -8.10 -8.12 -8.15 -8.18 -8.18 -8.19 -8.22 -8.22 -8.26 -8.26 -8.26 -8.27 -8.30 -8.37 -8.41 -8.45 -8.44 -8.47 -8.49 -8.49 -8.50 -8.49 -8.52 -8.55 -8.60 -8.58 -8.60 -8.60 -8.61 -8.58 -8.64 -8.67 -8.71 -8.71 -8.76 -8.82 -8.84 -8.90 -8.96 -9.00 -9.02 -9.09 -9.14 -9.21 -9.26 -9.29 -9.35 -9.41 -9.45 -9.52 -9.54 -9.60
-7.82 -7.81 -7.83 -7.84 -7.87 -7.89 -7.90 -7.94 -7.96 -8.02 -8.03 -8.03 -8.06 -8.05 -8.02 -8.01 -8.03 -8.05 -8.10 -8.10 -8.11 -8.16 -8.18 -8.18 -8.21 -8.25 -8.25 -8.28 -8.27 -8.26 -8.30 -8.36 -8.42 -8.45 -8.44 -8.48 -8.48 -8.50 -8.51 -8.52 -8.53 -8.55 -8.57 -8.59 -8.60 -8.61 -8.63 -8.63 -8.64 -8.70 -8.73 -8.74 -8.79 -8.84 -8.87 -8.92 -8.98 -9.02 -9.04 -9.10 -9.14 -9.22 -9.26 -9.32 -9.39 -9.43 -9.48 -9.53 -9.54
-7.82 -7.81 -7.83 -7.82 -7.84 -7.87 -7.90 -7.93 -7.93 -7.96 -7.97 -7.99 -7.98 -8.03 -8.04 -7.98 -8.00 -8.02 -8.04 -8.05 -8.11 -8.11 -8.10 -8.16 -8.19 -8.19 -8.22 -8.24 -8.29 -8.31 -8.31 -8.32 -8.35 -8.41 -8.45 -8.43 -8.48 -8.47 -8.50 -8.51 -8.52 -8.54 -8.56 -8.57 -8.61 -8.60 -8.65 -8.65 -8.65 -8.66 -8.74 -8.75 -8.78 -8.81 -8.87 -8.89 -8.94 -8.99 -9.03 -9.06 -9.12 -9.17 -9.24 -9.28 -9.34 -9.42 -9.46 -9.50 -9.55
-7.78 -7.82 -7.82 -7.82 -7.85 -7.84 -7.84 -7.88 -7.93 -7.95 -7.95 -7.93 -7.96 -7.98 -7.98 -8.01 -8.01 -8.00 -8.01 -8.03 -8.04 -8.06 -8.12 -8.11 -8.09 -8.17 -8.18 -8.19 -8.24 -8.28 -8.30 -8.31 -8.34 -8.34 -8.41 -8.44 -8.44 -8.48 -8.47 -8.50 -8.52 -8.52 -8.55 -8.56 -8.58 -8.62 -8.62 -8.65 -8.68 -8.69 -8.70 -8.76 -8.78 -8.81 -8.83 -8.89 -8.91 -8.95 -9.01 -9.06 -9.09 -9.13 -9.19 -9.25 -9.30 -9.36 -9.44 -9.48 -9.53
-7.78 -7.77 -7.82 -7.82 -7.83 -7.84 -7.84 -7.85 -7.88 -7.88 -7.88 -7.90 -7.90 -7.90 -7.94 -7.98 -7.97 -8.00 -7.98 -8.03 -8.01 -8.05 -8.05 -8.06 -8.12 -8.09 -8.11 -8.16 -8.19 -8.22 -8.27 -8.29 -8.31 -8.36 -8.37 -8.42 -8.44 -8.45 -8.49 -8.44 -8.48 -8.51 -8.52 -8.56 -8.57 -8.57 -8.61 -8.66 -8.66 -8.70 -8.73 -8.73 -8.77 -8.83 -8.84 -8.85 -8.91 -8.94 -8.97 -9.03 -9.09 -9.12 -9.17 -9.22 -9.30 -9.32 -9.38 -9.46 -9.50
-7.78 -7.80 -7.77 -7.80 -7.82 -7.82 -7.83 -7.84 -7.84 -7.83 -7.82 -7.84 -7.81 -7.86 -7.88 -7.91 -7.95 -7.99 -7.98 -7.99 -7.99 -8.04 -8.02 -8.06 -8.03 -8.07 -8.09 -8.05 -8.12 -8.19 -8.22 -8.26 -8.28 -8.31 -8.39 -8.38 -8.41 -8.44 -8.46 -8.52 -8.48 -8.48 -8.52 -8.53 -8.57 -8.60 -8.59 -8.63 -8.68 -8.68 -8.74 -8.76 -8.77 -8.77 -8.87 -8.86 -8.88 -8.94 -8.98 -8.99 -9.04 -9.11 -9.15 -9.18 -9.23 -9.32 -9.35 -9.41 -9.48
