utils/5a01f6d0e4b0531197b72cfe/583e1b84e4b0f0dc05ea5475/583e217ae4b0f0dc05ea548b/ew14_sept_dem_5m.asc
ncols	964
nrows	465
xllcorner	295150.00
yllcorner	130095.00
cellsize	5.00
NODATA_value	-9999.00
[rows 60 to 89 of 465, columns 483 to 551 of 964]
-11.46 -11.45 -11.41 -11.37 -11.39 -11.37 -11.37 -11.39 -11.39 -11.39 -11.39 -11.40 -11.42 -11.42 -11.44 -11.46 -11.48 -11.47 -11.48 -11.51 -11.52 -11.53 -11.53 -11.57 -11.58 -11.59 -11.63 -11.66 -11.68 -11.68 -11.69 -11.74 -11.76 -11.64 -11.59 -11.56 -11.52 -11.41 -11.36 -11.29 -11.25 -11.25 -11.31 -11.33 -11.35 -11.35 -11.38 -11.33 -11.35 -11.32 -11.31 -11.30 -11.24 -11.17 -11.16 -11.18 -11.18 -11.21 -11.24 -11.25 -11.30 -11.36 -11.44 -11.51 -11.49 -11.40 -11.29 -11.19 -11.09
-11.42 -11.38 -11.35 -11.33 -11.30 -11.30 -11.34 -11.36 -11.38 -11.40 -11.40 -11.40 -11.40 -11.41 -11.42 -11.42 -11.45 -11.46 -11.48 -11.49 -11.51 -11.52 -11.54 -11.54 -11.58 -11.62 -11.62 -11.63 -11.67 -11.69 -11.71 -11.71 -11.71 -11.67 -11.58 -11.51 -11.48 -11.36 -11.30 -11.21 -11.23 -11.21 -11.23 -11.24 -11.26 -11.27 -11.31 -11.29 -11.30 -11.29 -11.28 -11.25 -11.23 -11.18 -11.16 -11.17 -11.09 -11.14 -11.19 -11.22 -11.27 -11.28 -11.31 -11.35 -11.34 -11.31 -11.26 -11.21 -11.09
-11.33 -11.30 -11.26 -11.24 -11.21 -11.24 -11.26 -11.30 -11.33 -11.34 -11.36 -11.40 -11.42 -11.44 -11.45 -11.44 -11.45 -11.46 -11.46 -11.48 -11.50 -11.51 -11.54 -11.55 -11.58 -11.60 -11.62 -11.64 -11.67 -11.69 -11.69 -11.69 -11.70 -11.64 -11.58 -11.47 -11.44 -11.36 -11.31 -11.23 -11.24 -11.21 -11.19 -11.19 -11.20 -11.23 -11.22 -11.23 -11.20 -11.21 -11.21 -11.21 -11.20 -11.20 -11.17 -11.18 -11.18 -11.15 -11.21 -11.16 -11.18 -11.18 -11.24 -11.26 -11.26 -11.23 -11.18 -11.13 -11.09
-11.26 -11.21 -11.18 -11.18 -11.13 -11.16 -11.18 -11.22 -11.25 -11.25 -11.31 -11.32 -11.37 -11.37 -11.39 -11.39 -11.39 -11.42 -11.42 -11.43 -11.42 -11.39 -11.43 -11.51 -11.54 -11.56 -11.60 -11.63 -11.66 -11.69 -11.71 -11.72 -11.69 -11.65 -11.57 -11.49 -11.47 -11.39 -11.31 -11.22 -11.18 -11.16 -11.16 -11.16 -11.17 -11.17 -11.16 -11.16 -11.15 -11.14 -11.13 -11.15 -11.07 -11.12 -11.10 -11.14 -11.15 -11.17 -11.18 -11.20 -11.20 -11.20 -11.21 -11.20 -11.14 -11.13 -11.09 -11.13 -11.08
-11.17 -11.14 -11.10 -11.06 -11.06 -11.08 -11.12 -11.18 -11.21 -11.26 -11.30 -11.31 -11.32 -11.33 -11.35 -11.34 -11.33 -11.35 -11.38 -11.39 -11.38 -11.40 -11.38 -11.43 -11.45 -11.48 -11.51 -11.53 -11.55 -11.58 -11.63 -11.67 -11.65 -11.62 -11.60 -11.55 -11.51 -11.45 -11.34 -11.27 -11.24 -11.14 -11.09 -10.99 -10.93 -10.97 -11.01 -11.03 -11.04 -11.02 -11.04 -11.05 -11.05 -11.02 -11.04 -11.08 -11.01 -11.08 -11.09 -11.11 -11.14 -11.16 -11.18 -11.19 -11.11 -11.06 -11.03 -11.04 -11.03
-11.18 -11.15 -11.13 -11.11 -11.12 -11.16 -11.20 -11.24 -11.27 -11.30 -11.34 -11.38 -11.43 -11.46 -11.45 -11.44 -11.43 -11.41 -11.40 -11.40 -11.40 -11.40 -11.40 -11.41 -11.39 -11.42 -11.46 -11.49 -11.51 -11.54 -11.56 -11.58 -11.57 -11.55 -11.54 -11.50 -11.49 -11.45 -11.44 -11.37 -11.29 -11.21 -11.10 -11.05 -10.99 -10.88 -10.89 -10.87 -10.86 -10.92 -10.93 -10.92 -10.91 -10.90 -10.85 -10.98 -11.00 -11.00 -11.03 -11.01 -11.03 -11.07 -11.08 -11.09 -11.07 -11.03 -11.02 -10.96 -10.98
-11.14 -11.11 -11.11 -11.11 -11.10 -11.13 -11.16 -11.19 -11.22 -11.25 -11.28 -11.31 -11.34 -11.36 -11.36 -11.37 -11.37 -11.37 -11.36 -11.36 -11.35 -11.35 -11.36 -11.40 -11.42 -11.43 -11.45 -11.47 -11.49 -11.51 -11.53 -11.54 -11.53 -11.51 -11.48 -11.46 -11.45 -11.42 -11.40 -11.37 -11.29 -11.22 -11.15 -11.07 -11.01 -10.91 -10.91 -10.89 -10.86 -10.86 -10.86 -10.87 -10.86 -10.90 -10.87 -10.85 -10.91 -10.90 -10.98 -10.98 -10.98 -10.99 -11.00 -11.01 -11.05 -11.03 -11.00 -11.03 -10.96
-11.09 -11.07 -11.05 -11.03 -11.03 -11.06 -11.10 -11.14 -11.18 -11.23 -11.27 -11.31 -11.35 -11.37 -11.35 -11.33 -11.32 -11.32 -11.30 -11.29 -11.27 -11.28 -11.31 -11.34 -11.37 -11.38 -11.41 -11.43 -11.45 -11.48 -11.50 -11.52 -11.50 -11.47 -11.45 -11.43 -11.39 -11.37 -11.36 -11.32 -11.27 -11.20 -11.15 -11.10 -11.01 -10.95 -10.88 -10.89 -10.86 -10.84 -10.82 -10.82 -10.85 -10.82 -10.84 -10.86 -10.89 -10.88 -10.90 -10.92 -10.94 -10.96 -11.00 -11.02 -11.03 -11.00 -11.02 -11.05 -11.02
-10.97 -10.96 -10.94 -10.92 -10.93 -10.98 -11.03 -11.07 -11.13 -11.17 -11.20 -11.24 -11.28 -11.31 -11.30 -11.28 -11.27 -11.27 -11.24 -11.24 -11.23 -11.21 -11.24 -11.28 -11.31 -11.33 -11.35 -11.38 -11.40 -11.43 -11.45 -11.49 -11.46 -11.44 -11.42 -11.40 -11.39 -11.37 -11.35 -11.29 -11.24 -11.18 -11.12 -11.07 -11.02 -10.95 -10.94 -10.90 -10.86 -10.77 -10.82 -10.79 -10.76 -10.75 -10.79 -10.84 -10.82 -10.81 -10.85 -10.89 -10.92 -10.95 -10.98 -10.98 -11.07 -11.05 -11.08 -11.05 -11.05
-10.91 -10.86 -10.81 -10.76 -10.77 -10.81 -10.87 -10.91 -10.96 -11.01 -11.07 -11.11 -11.17 -11.19 -11.19 -11.21 -11.22 -11.20 -11.19 -11.20 -11.17 -11.16 -11.21 -11.23 -11.24 -11.26 -11.30 -11.31 -11.34 -11.37 -11.40 -11.44 -11.42 -11.40 -11.38 -11.36 -11.33 -11.31 -11.29 -11.23 -11.18 -11.14 -11.10 -11.04 -10.99 -10.96 -10.93 -10.91 -10.86 -10.78 -10.80 -10.76 -10.67 -10.76 -10.79 -10.74 -10.79 -10.80 -10.81 -10.82 -10.80 -10.90 -10.97 -11.03 -11.04 -11.03 -11.05 -11.13 -11.08
-10.96 -10.92 -10.88 -10.84 -10.86 -10.88 -10.91 -10.93 -10.97 -11.02 -11.06 -11.11 -11.16 -11.19 -11.19 -11.18 -11.17 -11.13 -11.13 -11.14 -11.10 -11.13 -11.14 -11.17 -11.21 -11.23 -11.27 -11.30 -11.32 -11.35 -11.37 -11.38 -11.37 -11.35 -11.33 -11.31 -11.29 -11.27 -11.23 -11.20 -11.16 -11.11 -11.05 -11.02 -10.97 -10.92 -10.92 -10.89 -10.87 -10.82 -10.81 -10.76 -10.64 -10.73 -10.65 -10.72 -10.78 -10.74 -10.76 -10.76 -10.79 -10.86 -10.94 -10.99 -11.05 -11.12 -11.10 -11.07 -11.04
-10.94 -10.89 -10.82 -10.76 -10.77 -10.84 -10.86 -10.86 -10.89 -10.93 -10.96 -11.00 -11.05 -11.08 -11.10 -11.11 -11.12 -11.13 -11.13 -11.12 -11.13 -11.13 -11.11 -11.15 -11.15 -11.18 -11.22 -11.23 -11.24 -11.27 -11.31 -11.34 -11.32 -11.29 -11.26 -11.24 -11.22 -11.20 -11.18 -11.15 -11.10 -11.07 -11.04 -11.00 -10.97 -10.94 -10.93 -10.88 -10.86 -10.82 -10.83 -10.76 -10.71 -10.70 -10.64 -10.68 -10.68 -10.66 -10.76 -10.77 -10.76 -10.86 -10.94 -11.02 -11.04 -11.07 -11.07 -11.07 -11.08
-10.88 -10.83 -10.79 -10.74 -10.76 -10.77 -10.79 -10.80 -10.85 -10.89 -10.92 -10.94 -10.97 -11.00 -11.03 -11.05 -11.07 -11.08 -11.10 -11.10 -11.10 -11.11 -11.12 -11.13 -11.16 -11.17 -11.16 -11.19 -11.21 -11.23 -11.26 -11.30 -11.26 -11.23 -11.20 -11.15 -11.13 -11.10 -11.08 -11.07 -11.07 -11.06 -11.05 -11.03 -11.01 -10.97 -10.95 -10.90 -10.87 -10.86 -10.84 -10.80 -10.75 -10.73 -10.67 -10.66 -10.64 -10.65 -10.66 -10.63 -10.70 -10.83 -10.88 -10.90 -11.03 -11.04 -11.04 -11.04 -11.04
-10.86 -10.84 -10.80 -10.76 -10.77 -10.79 -10.80 -10.81 -10.80 -10.80 -10.82 -10.84 -10.87 -10.90 -10.93 -10.95 -10.97 -11.00 -11.03 -11.05 -11.07 -11.09 -11.10 -11.11 -11.12 -11.13 -11.14 -11.15 -11.19 -11.21 -11.22 -11.23 -11.21 -11.19 -11.15 -11.11 -11.09 -11.05 -11.04 -11.03 -11.03 -11.03 -11.01 -10.99 -10.98 -10.97 -10.95 -10.92 -10.90 -10.85 -10.83 -10.80 -10.77 -10.74 -10.71 -10.66 -10.62 -10.60 -10.62 -10.66 -10.69 -10.75 -10.81 -10.87 -10.93 -10.93 -10.94 -10.94 -10.94
-10.83 -10.81 -10.79 -10.77 -10.76 -10.75 -10.76 -10.76 -10.77 -10.77 -10.77 -10.77 -10.77 -10.80 -10.83 -10.88 -10.92 -10.95 -10.98 -11.00 -11.01 -11.02 -11.01 -11.04 -11.07 -11.07 -11.10 -11.11 -11.12 -11.13 -11.15 -11.16 -11.16 -11.14 -11.11 -11.06 -11.06 -11.03 -10.98 -10.99 -10.98 -10.97 -10.96 -10.95 -10.94 -10.92 -10.91 -10.91 -10.88 -10.84 -10.82 -10.80 -10.79 -10.74 -10.72 -10.70 -10.65 -10.62 -10.56 -10.58 -10.64 -10.72 -10.80 -10.84 -10.93 -10.91 -10.91 -10.93 -10.93
-10.78 -10.78 -10.77 -10.77 -10.78 -10.79 -10.79 -10.79 -10.80 -10.79 -10.78 -10.78 -10.77 -10.80 -10.83 -10.86 -10.90 -10.93 -10.96 -10.97 -11.01 -11.03 -11.04 -11.05 -11.07 -11.07 -11.07 -11.06 -11.04 -11.02 -11.02 -11.06 -11.07 -11.05 -11.03 -11.02 -11.00 -10.98 -10.96 -10.95 -10.94 -10.93 -10.91 -10.90 -10.89 -10.88 -10.87 -10.86 -10.85 -10.83 -10.80 -10.79 -10.76 -10.73 -10.70 -10.70 -10.66 -10.63 -10.61 -10.65 -10.66 -10.68 -10.74 -10.78 -10.83 -10.88 -10.89 -10.90 -10.90
-10.73 -10.73 -10.73 -10.72 -10.73 -10.73 -10.74 -10.74 -10.75 -10.76 -10.76 -10.76 -10.75 -10.78 -10.81 -10.84 -10.88 -10.92 -10.95 -10.99 -11.02 -11.03 -11.03 -11.04 -11.05 -11.05 -11.06 -11.07 -11.07 -11.08 -11.08 -11.07 -11.03 -11.01 -10.99 -10.94 -10.92 -10.92 -10.92 -10.90 -10.89 -10.88 -10.87 -10.86 -10.84 -10.83 -10.82 -10.81 -10.80 -10.78 -10.78 -10.77 -10.74 -10.74 -10.71 -10.70 -10.67 -10.64 -10.63 -10.65 -10.70 -10.73 -10.76 -10.78 -10.79 -10.80 -10.79 -10.85 -10.85
-10.69 -10.68 -10.66 -10.64 -10.65 -10.67 -10.67 -10.67 -10.67 -10.67 -10.67 -10.67 -10.67 -10.73 -10.78 -10.83 -10.86 -10.88 -10.90 -10.92 -10.95 -10.99 -11.02 -11.00 -11.00 -11.02 -11.03 -11.03 -11.03 -11.04 -11.05 -11.01 -10.96 -10.91 -10.87 -10.84 -10.83 -10.86 -10.86 -10.85 -10.85 -10.83 -10.82 -10.81 -10.80 -10.79 -10.77 -10.76 -10.75 -10.74 -10.73 -10.72 -10.71 -10.71 -10.69 -10.68 -10.66 -10.65 -10.66 -10.67 -10.70 -10.73 -10.74 -10.76 -10.80 -10.80 -10.78 -10.77 -10.79
-10.63 -10.63 -10.63 -10.63 -10.64 -10.67 -10.68 -10.69 -10.71 -10.73 -10.75 -10.77 -10.78 -10.78 -10.78 -10.80 -10.83 -10.86 -10.89 -10.94 -10.99 -11.02 -11.03 -11.04 -11.05 -11.05 -11.05 -11.03 -11.03 -11.05 -11.04 -10.96 -10.91 -10.84 -10.76 -10.75 -10.69 -10.73 -10.74 -10.80 -10.80 -10.79 -10.78 -10.76 -10.75 -10.74 -10.73 -10.72 -10.71 -10.69 -10.70 -10.70 -10.70 -10.68 -10.66 -10.68 -10.67 -10.66 -10.67 -10.67 -10.69 -10.71 -10.72 -10.74 -10.78 -10.77 -10.76 -10.75 -10.77
-10.60 -10.58 -10.57 -10.57 -10.58 -10.62 -10.65 -10.68 -10.69 -10.71 -10.72 -10.72 -10.72 -10.73 -10.76 -10.80 -10.84 -10.86 -10.88 -10.90 -10.90 -10.91 -10.93 -10.95 -10.98 -10.99 -11.04 -11.06 -11.07 -11.08 -11.09 -11.00 -10.89 -10.83 -10.76 -10.67 -10.65 -10.69 -10.61 -10.67 -10.71 -10.74 -10.73 -10.72 -10.71 -10.69 -10.68 -10.69 -10.71 -10.71 -10.64 -10.68 -10.70 -10.69 -10.70 -10.69 -10.68 -10.67 -10.67 -10.66 -10.71 -10.75 -10.76 -10.75 -10.77 -10.75 -10.76 -10.76 -10.75
-10.51 -10.48 -10.46 -10.43 -10.48 -10.51 -10.54 -10.55 -10.57 -10.58 -10.62 -10.63 -10.67 -10.70 -10.72 -10.76 -10.77 -10.80 -10.84 -10.86 -10.83 -10.87 -10.91 -10.94 -10.96 -10.98 -10.96 -10.97 -10.97 -10.98 -11.00 -10.94 -10.90 -10.83 -10.70 -10.61 -10.53 -10.56 -10.56 -10.62 -10.65 -10.65 -10.67 -10.67 -10.67 -10.65 -10.66 -10.66 -10.65 -10.66 -10.67 -10.66 -10.66 -10.65 -10.59 -10.61 -10.61 -10.62 -10.66 -10.68 -10.71 -10.74 -10.76 -10.75 -10.73 -10.76 -10.79 -10.77 -10.77
-10.50 -10.48 -10.45 -10.43 -10.45 -10.48 -10.51 -10.54 -10.57 -10.60 -10.63 -10.66 -10.67 -10.67 -10.69 -10.71 -10.73 -10.72 -10.72 -10.76 -10.82 -10.79 -10.84 -10.84 -10.85 -10.88 -10.90 -10.93 -10.95 -10.98 -10.94 -10.90 -10.82 -10.75 -10.65 -10.57 -10.57 -10.57 -10.61 -10.62 -10.61 -10.62 -10.64 -10.67 -10.66 -10.65 -10.63 -10.61 -10.62 -10.65 -10.70 -10.69 -10.64 -10.61 -10.64 -10.64 -10.63 -10.64 -10.64 -10.64 -10.65 -10.69 -10.70 -10.73 -10.75 -10.73 -10.76 -10.77 -10.77
-10.56 -10.55 -10.53 -10.50 -10.51 -10.51 -10.52 -10.53 -10.54 -10.56 -10.57 -10.58 -10.59 -10.62 -10.65 -10.66 -10.65 -10.66 -10.69 -10.71 -10.73 -10.73 -10.81 -10.79 -10.84 -10.82 -10.84 -10.85 -10.86 -10.87 -10.85 -10.81 -10.76 -10.72 -10.66 -10.60 -10.59 -10.60 -10.60 -10.60 -10.61 -10.62 -10.64 -10.65 -10.65 -10.66 -10.65 -10.63 -10.64 -10.66 -10.66 -10.64 -10.64 -10.63 -10.61 -10.63 -10.63 -10.64 -10.63 -10.64 -10.64 -10.66 -10.68 -10.70 -10.70 -10.68 -10.71 -10.72 -10.72
-10.45 -10.45 -10.45 -10.44 -10.44 -10.46 -10.48 -10.49 -10.49 -10.51 -10.51 -10.51 -10.52 -10.53 -10.53 -10.54 -10.56 -10.59 -10.62 -10.60 -10.62 -10.72 -10.70 -10.75 -10.74 -10.78 -10.81 -10.85 -10.86 -10.81 -10.78 -10.74 -10.68 -10.65 -10.58 -10.54 -10.54 -10.53 -10.53 -10.54 -10.55 -10.54 -10.55 -10.60 -10.60 -10.60 -10.60 -10.60 -10.60 -10.59 -10.60 -10.61 -10.61 -10.60 -10.61 -10.62 -10.62 -10.62 -10.62 -10.60 -10.61 -10.64 -10.63 -10.65 -10.68 -10.67 -10.66 -10.67 -10.66
-10.49 -10.48 -10.46 -10.41 -10.40 -10.42 -10.41 -10.45 -10.46 -10.46 -10.48 -10.50 -10.50 -10.48 -10.50 -10.53 -10.55 -10.58 -10.58 -10.61 -10.63 -10.60 -10.61 -10.64 -10.72 -10.73 -10.76 -10.80 -10.80 -10.77 -10.75 -10.72 -10.65 -10.61 -10.57 -10.49 -10.48 -10.47 -10.44 -10.45 -10.45 -10.46 -10.47 -10.50 -10.52 -10.54 -10.57 -10.56 -10.58 -10.57 -10.57 -10.56 -10.55 -10.54 -10.56 -10.58 -10.58 -10.57 -10.55 -10.55 -10.52 -10.54 -10.55 -10.59 -10.63 -10.64 -10.66 -10.67 -10.64
-10.42 -10.45 -10.45 -10.46 -10.45 -10.44 -10.46 -10.47 -10.47 -10.46 -10.46 -10.45 -10.44 -10.45 -10.48 -10.50 -10.50 -10.53 -10.53 -10.55 -10.57 -10.58 -10.60 -10.64 -10.63 -10.64 -10.67 -10.70 -10.72 -10.71 -10.69 -10.67 -10.63 -10.59 -10.55 -10.49 -10.45 -10.44 -10.42 -10.40 -10.36 -10.37 -10.37 -10.39 -10.44 -10.48 -10.48 -10.52 -10.53 -10.55 -10.55 -10.55 -10.52 -10.50 -10.48 -10.47 -10.49 -10.49 -10.47 -10.48 -10.48 -10.47 -10.49 -10.48 -10.55 -10.55 -10.59 -10.62 -10.63
-10.38 -10.42 -10.40 -10.43 -10.40 -10.41 -10.39 -10.38 -10.36 -10.37 -10.39 -10.40 -10.41 -10.41 -10.41 -10.40 -10.40 -10.38 -10.38 -10.38 -10.47 -10.48 -10.50 -10.53 -10.54 -10.58 -10.62 -10.66 -10.62 -10.60 -10.60 -10.58 -10.58 -10.54 -10.50 -10.49 -10.45 -10.39 -10.37 -10.35 -10.31 -10.29 -10.28 -10.32 -10.36 -10.41 -10.44 -10.48 -10.49 -10.51 -10.47 -10.53 -10.50 -10.49 -10.45 -10.45 -10.45 -10.43 -10.41 -10.41 -10.42 -10.42 -10.44 -10.47 -10.48 -10.53 -10.54 -10.55 -10.56
-10.24 -10.26 -10.26 -10.30 -10.31 -10.31 -10.32 -10.32 -10.29 -10.29 -10.30 -10.31 -10.31 -10.29 -10.29 -10.30 -10.29 -10.32 -10.30 -10.31 -10.34 -10.36 -10.35 -10.40 -10.42 -10.44 -10.48 -10.49 -10.51 -10.53 -10.51 -10.48 -10.47 -10.47 -10.44 -10.44 -10.40 -10.35 -10.31 -10.27 -10.24 -10.20 -10.20 -10.28 -10.32 -10.37 -10.42 -10.44 -10.49 -10.46 -10.45 -10.42 -10.41 -10.44 -10.43 -10.44 -10.41 -10.39 -10.37 -10.36 -10.33 -10.34 -10.38 -10.38 -10.46 -10.48 -10.52 -10.52 -10.52
-10.15 -10.12 -10.13 -10.18 -10.18 -10.18 -10.19 -10.20 -10.21 -10.22 -10.23 -10.23 -10.21 -10.20 -10.21 -10.23 -10.21 -10.20 -10.23 -10.25 -10.28 -10.27 -10.30 -10.30 -10.33 -10.33 -10.34 -10.35 -10.37 -10.37 -10.38 -10.36 -10.39 -10.38 -10.38 -10.32 -10.32 -10.33 -10.27 -10.24 -10.19 -10.14 -10.16 -10.17 -10.23 -10.28 -10.34 -10.39 -10.45 -10.44 -10.40 -10.38 -10.37 -10.35 -10.33 -10.32 -10.35 -10.33 -10.34 -10.32 -10.29 -10.21 -10.31 -10.35 -10.35 -10.39 -10.38 -10.45 -10.53
-10.04 -10.07 -10.07 -10.09 -10.08 -10.09 -10.08 -10.10 -10.11 -10.12 -10.14 -10.15 -10.17 -10.16 -10.16 -10.15 -10.11 -10.08 -10.12 -10.14 -10.14 -10.12 -10.16 -10.20 -10.24 -10.27 -10.28 -10.28 -10.28 -10.27 -10.26 -10.28 -10.26 -10.21 -10.25 -10.23 -10.26 -10.22 -10.22 -10.17 -10.15 -10.15 -10.12 -10.16 -10.18 -10.22 -10.26 -10.28 -10.33 -10.31 -10.33 -10.31 -10.29 -10.29 -10.26 -10.28 -10.27 -10.27 -10.27 -10.28 -10.26 -10.24 -10.28 -10.28 -10.31 -10.29 -10.35 -10.38 -10.41
