utils/5a01f6d0e4b0531197b72cfe/583e1b84e4b0f0dc05ea5475/583e217ae4b0f0dc05ea548b/ew14_sept_dem_5m.asc
ncols	964
nrows	465
xllcorner	295150.00
yllcorner	130095.00
cellsize	5.00
NODATA_value	-9999.00
[rows 120 to 149 of 465, columns 276 to 344 of 964]
-14.12 -14.10 -14.11 -14.09 -14.02 -14.04 -13.99 -13.96 -13.92 -13.86 -13.84 -13.80 -13.80 -13.73 -13.79 -13.84 -13.81 -13.80 -13.82 -13.80 -13.79 -13.72 -13.69 -13.61 -13.55 -13.50 -13.43 -13.40 -13.34 -13.27 -13.26 -13.21 -13.16 -13.06 -13.00 -12.96 -12.93 -12.86 -12.83 -12.77 -12.71 -12.71 -12.66 -12.68 -12.70 -12.67 -12.67 -12.68 -12.68 -12.66 -12.61 -12.57 -12.55 -12.50 -12.46 -12.38 -12.34 -12.32 -12.28 -12.26 -12.28 -12.30 -12.31 -12.32 -12.32 -12.22 -12.14 -12.05 -11.95
-14.03 -14.01 -13.97 -13.97 -13.99 -13.96 -13.91 -13.82 -13.78 -13.74 -13.72 -13.71 -13.70 -13.73 -13.80 -13.77 -13.74 -13.73 -13.72 -13.70 -13.65 -13.61 -13.51 -13.46 -13.41 -13.38 -13.32 -13.27 -13.25 -13.20 -13.15 -13.11 -13.05 -12.99 -12.94 -12.91 -12.85 -12.82 -12.77 -12.70 -12.66 -12.58 -12.62 -12.62 -12.60 -12.60 -12.61 -12.61 -12.60 -12.58 -12.54 -12.48 -12.46 -12.43 -12.37 -12.33 -12.22 -12.11 -12.07 -12.10 -12.08 -12.10 -12.10 -12.11 -12.12 -12.05 -11.97 -11.90 -11.78
-13.92 -13.89 -13.89 -13.91 -13.85 -13.82 -13.72 -13.67 -13.67 -13.65 -13.65 -13.66 -13.68 -13.71 -13.69 -13.68 -13.66 -13.66 -13.61 -13.57 -13.51 -13.44 -13.38 -13.35 -13.29 -13.22 -13.19 -13.17 -13.12 -13.08 -13.03 -12.98 -12.96 -12.91 -12.89 -12.84 -12.80 -12.73 -12.69 -12.62 -12.58 -12.56 -12.55 -12.51 -12.56 -12.56 -12.55 -12.53 -12.53 -12.46 -12.45 -12.41 -12.38 -12.33 -12.25 -12.17 -12.07 -11.98 -11.94 -11.90 -11.88 -11.91 -11.92 -11.94 -11.96 -11.92 -11.85 -11.74 -11.65
-13.83 -13.83 -13.79 -13.76 -13.71 -13.66 -13.55 -13.53 -13.56 -13.62 -13.57 -13.58 -13.59 -13.55 -13.58 -13.60 -13.63 -13.58 -13.49 -13.40 -13.38 -13.32 -13.28 -13.22 -13.14 -13.12 -13.14 -13.06 -13.00 -12.95 -12.92 -12.89 -12.88 -12.87 -12.83 -12.78 -12.76 -12.67 -12.62 -12.54 -12.53 -12.50 -12.49 -12.50 -12.48 -12.48 -12.47 -12.44 -12.41 -12.38 -12.36 -12.31 -12.26 -12.22 -12.15 -12.04 -11.92 -11.83 -11.70 -11.67 -11.70 -11.75 -11.76 -11.78 -11.79 -11.78 -11.68 -11.58 -11.47
-13.74 -13.69 -13.66 -13.64 -13.54 -13.49 -13.41 -13.44 -13.47 -13.45 -13.48 -13.44 -13.42 -13.43 -13.48 -13.56 -13.56 -13.50 -13.40 -13.31 -13.28 -13.24 -13.17 -13.13 -13.16 -13.05 -12.99 -12.93 -12.90 -12.88 -12.85 -12.83 -12.80 -12.78 -12.77 -12.81 -12.60 -12.58 -12.49 -12.45 -12.46 -12.43 -12.46 -12.45 -12.43 -12.42 -12.38 -12.35 -12.32 -12.28 -12.24 -12.20 -12.16 -12.09 -12.06 -11.90 -11.77 -11.66 -11.58 -11.52 -11.54 -11.59 -11.61 -11.58 -11.56 -11.56 -11.52 -11.43 -11.31
-13.63 -13.61 -13.57 -13.53 -13.49 -13.44 -13.36 -13.38 -13.31 -13.35 -13.31 -13.30 -13.30 -13.35 -13.39 -13.46 -13.56 -13.46 -13.32 -13.27 -13.20 -13.14 -13.15 -13.08 -13.02 -12.93 -12.98 -12.90 -12.84 -12.83 -12.78 -12.75 -12.73 -12.76 -12.67 -12.55 -12.49 -12.42 -12.41 -12.37 -12.41 -12.38 -12.38 -12.38 -12.36 -12.32 -12.28 -12.24 -12.19 -12.15 -12.11 -12.05 -11.99 -11.96 -11.90 -11.79 -11.65 -11.49 -11.43 -11.40 -11.43 -11.47 -11.47 -11.28 -11.29 -11.25 -11.32 -11.25 -11.12
-13.56 -13.53 -13.53 -13.50 -13.42 -13.38 -13.29 -13.24 -13.26 -13.22 -13.20 -13.17 -13.20 -13.23 -13.30 -13.36 -13.35 -13.36 -13.31 -13.22 -13.14 -13.11 -13.06 -13.02 -13.00 -12.97 -12.84 -12.81 -12.80 -12.74 -12.68 -12.66 -12.71 -12.58 -12.51 -12.43 -12.35 -12.35 -12.35 -12.32 -12.33 -12.33 -12.31 -12.30 -12.20 -12.18 -12.18 -12.10 -12.07 -12.03 -11.95 -11.90 -11.89 -11.77 -11.65 -11.54 -11.48 -11.33 -11.29 -11.19 -11.16 -11.10 -11.02 -10.91 -10.78 -10.66 -10.77 -10.72 -10.61
-13.47 -13.49 -13.48 -13.42 -13.39 -13.29 -13.26 -13.22 -13.15 -13.15 -13.09 -13.09 -13.09 -13.13 -13.17 -13.16 -13.22 -13.24 -13.25 -13.21 -13.13 -13.08 -13.07 -13.01 -12.96 -12.87 -12.82 -12.81 -12.74 -12.68 -12.64 -12.60 -12.56 -12.46 -12.39 -12.37 -12.26 -12.29 -12.30 -12.27 -12.24 -12.24 -12.21 -12.18 -12.09 -12.05 -12.02 -11.95 -11.93 -11.89 -11.69 -11.58 -11.61 -11.50 -11.32 -11.22 -11.13 -11.02 -10.85 -10.74 -10.65 -10.57 -10.48 -10.25 -10.19 -10.16 -10.12 -10.22 -10.11
-13.41 -13.35 -13.37 -13.36 -13.30 -13.27 -13.19 -13.15 -13.14 -13.02 -13.04 -13.02 -13.02 -12.99 -13.02 -13.09 -13.10 -13.13 -13.20 -13.23 -13.13 -13.05 -12.99 -12.94 -12.89 -12.84 -12.80 -12.75 -12.70 -12.73 -12.64 -12.50 -12.44 -12.38 -12.33 -12.29 -12.18 -12.18 -12.15 -12.14 -12.14 -12.12 -12.09 -12.07 -11.95 -11.81 -11.84 -11.81 -11.71 -11.62 -11.41 -11.27 -11.19 -11.15 -10.99 -10.86 -10.77 -10.57 -10.38 -10.21 -10.16 -10.12 -10.01 -9.86 -9.75 -9.71 -9.75 -9.81 -9.95
-13.25 -13.23 -13.24 -13.26 -13.25 -13.17 -13.16 -13.12 -13.05 -13.01 -12.95 -12.99 -12.92 -12.91 -12.96 -12.94 -12.99 -13.06 -13.08 -13.13 -13.06 -13.01 -12.94 -12.92 -12.85 -12.81 -12.76 -12.78 -12.77 -12.62 -12.52 -12.42 -12.36 -12.30 -12.21 -12.12 -12.05 -11.99 -11.97 -11.93 -11.96 -12.06 -12.00 -11.88 -11.76 -11.77 -11.67 -11.63 -11.54 -11.44 -11.21 -11.04 -10.86 -10.86 -10.78 -10.63 -10.36 -10.14 -9.98 -9.84 -9.77 -9.74 -9.53 -9.47 -9.31 -9.29 -9.32 -9.36 -9.47
-13.11 -13.17 -13.15 -13.14 -13.14 -13.13 -13.10 -13.08 -13.00 -13.00 -12.92 -12.82 -12.84 -12.83 -12.79 -12.81 -12.87 -12.90 -12.97 -13.08 -13.02 -12.97 -12.93 -12.87 -12.83 -12.80 -12.79 -12.72 -12.64 -12.56 -12.52 -12.38 -12.25 -12.13 -12.04 -11.93 -11.83 -11.70 -11.69 -11.68 -11.70 -11.69 -11.72 -11.67 -11.55 -11.48 -11.46 -11.44 -11.40 -11.22 -11.04 -10.86 -10.76 -10.67 -10.61 -10.45 -10.18 -9.90 -9.55 -9.47 -9.36 -9.25 -8.97 -8.82 -8.80 -8.85 -8.86 -9.00 -9.01
-13.11 -13.11 -13.09 -13.09 -13.04 -13.06 -13.07 -12.98 -12.92 -12.84 -12.80 -12.72 -12.71 -12.69 -12.69 -12.69 -12.75 -12.82 -12.87 -12.95 -12.94 -12.91 -12.88 -12.85 -12.81 -12.75 -12.67 -12.59 -12.51 -12.49 -12.36 -12.26 -12.21 -12.06 -11.78 -11.63 -11.51 -11.33 -11.20 -11.18 -11.23 -11.31 -11.43 -11.42 -11.50 -11.42 -11.37 -11.29 -11.22 -11.07 -10.90 -10.76 -10.67 -10.55 -10.55 -10.26 -9.92 -9.63 -9.34 -9.13 -9.01 -8.71 -8.56 -8.23 -8.23 -8.30 -8.40 -8.41 -8.57
-13.08 -13.09 -13.02 -12.95 -12.97 -12.93 -12.91 -12.89 -12.83 -12.77 -12.70 -12.64 -12.64 -12.60 -12.58 -12.60 -12.63 -12.69 -12.73 -12.80 -12.83 -12.82 -12.79 -12.77 -12.71 -12.61 -12.53 -12.46 -12.51 -12.37 -12.25 -11.90 -11.63 -11.33 -11.23 -11.19 -11.09 -10.99 -10.83 -10.91 -10.91 -11.08 -11.25 -11.52 -11.41 -11.35 -11.28 -11.15 -11.05 -10.94 -10.80 -10.57 -10.44 -10.37 -10.26 -10.08 -9.81 -9.51 -9.23 -8.83 -8.66 -8.36 -8.13 -7.73 -7.67 -7.76 -8.05 -7.99 -8.11
-13.05 -12.97 -12.88 -12.85 -12.83 -12.85 -12.81 -12.81 -12.74 -12.67 -12.61 -12.66 -12.55 -12.48 -12.48 -12.50 -12.48 -12.51 -12.59 -12.63 -12.67 -12.67 -12.65 -12.62 -12.59 -12.51 -12.46 -12.32 -12.23 -11.87 -11.61 -11.35 -11.08 -10.85 -10.80 -10.74 -10.68 -10.61 -10.48 -10.65 -10.81 -10.97 -11.14 -11.24 -11.22 -11.18 -11.09 -10.98 -10.94 -10.78 -10.50 -10.24 -10.15 -10.13 -10.14 -9.88 -9.50 -9.19 -8.83 -8.61 -8.43 -7.96 -7.58 -7.34 -7.42 -7.87 -7.69 -7.56 -7.61
-12.92 -12.86 -12.79 -12.81 -12.75 -12.72 -12.72 -12.69 -12.63 -12.60 -12.55 -12.47 -12.43 -12.40 -12.36 -12.37 -12.37 -12.38 -12.42 -12.47 -12.49 -12.54 -12.50 -12.48 -12.36 -12.37 -12.11 -11.85 -11.61 -11.30 -11.04 -10.78 -10.51 -10.42 -10.29 -10.28 -10.29 -10.25 -10.38 -10.68 -10.74 -10.90 -10.97 -11.13 -11.04 -10.99 -10.88 -10.80 -10.71 -10.52 -10.33 -10.02 -10.06 -10.05 -9.91 -9.54 -9.15 -8.90 -8.60 -8.23 -7.94 -7.37 -7.04 -7.09 -7.38 -7.40 -7.25 -7.08 -7.02
-12.86 -12.84 -12.76 -12.69 -12.67 -12.64 -12.59 -12.59 -12.59 -12.50 -12.43 -12.39 -12.37 -12.36 -12.27 -12.26 -12.24 -12.24 -12.27 -12.30 -12.33 -12.32 -12.35 -12.15 -11.89 -11.82 -11.60 -11.34 -11.04 -10.73 -10.47 -10.18 -9.90 -10.04 -9.95 -10.01 -10.14 -10.17 -10.34 -10.52 -10.65 -10.75 -10.96 -10.97 -10.92 -10.81 -10.77 -10.65 -10.42 -10.14 -9.84 -9.90 -10.04 -9.85 -9.61 -9.16 -8.82 -8.58 -8.34 -7.86 -7.14 -6.74 -6.76 -6.72 -6.74 -6.76 -6.73 -6.59 -6.48
-12.83 -12.76 -12.68 -12.63 -12.56 -12.56 -12.57 -12.55 -12.46 -12.40 -12.37 -12.33 -12.32 -12.26 -12.18 -12.15 -12.15 -12.18 -12.16 -12.11 -12.00 -11.89 -11.83 -11.81 -11.41 -11.37 -11.14 -10.83 -10.43 -10.14 -9.85 -9.56 -9.54 -9.61 -9.74 -9.73 -9.94 -10.14 -10.29 -10.35 -10.57 -10.80 -10.90 -10.86 -10.78 -10.77 -10.62 -10.40 -9.97 -9.68 -9.64 -9.82 -9.86 -9.69 -9.30 -8.99 -8.79 -8.40 -8.03 -7.24 -6.52 -6.06 -6.05 -6.07 -6.08 -6.16 -6.19 -6.04 -5.86
-12.72 -12.70 -12.65 -12.58 -12.56 -12.54 -12.51 -12.45 -12.39 -12.34 -12.29 -12.28 -12.22 -12.16 -12.08 -12.06 -12.06 -12.09 -12.02 -11.83 -11.70 -11.55 -11.47 -11.43 -11.14 -10.78 -10.43 -10.13 -9.91 -9.51 -9.23 -8.93 -9.32 -9.42 -9.38 -9.46 -9.79 -10.05 -10.13 -10.32 -10.62 -10.80 -10.79 -10.74 -10.71 -10.60 -10.41 -10.07 -9.74 -9.44 -9.47 -9.46 -9.44 -9.34 -9.04 -8.67 -8.36 -8.04 -7.32 -6.59 -5.90 -5.42 -5.38 -5.45 -5.60 -5.49 -5.38 -5.27 -5.16
-12.72 -12.66 -12.60 -12.59 -12.54 -12.48 -12.44 -12.36 -12.32 -12.27 -12.27 -12.20 -12.14 -12.06 -11.95 -11.87 -11.86 -11.80 -11.70 -11.55 -11.41 -11.27 -11.05 -10.85 -10.65 -10.32 -9.77 -9.32 -8.84 -8.23 -7.90 -8.09 -8.13 -8.47 -8.64 -8.80 -9.28 -9.78 -9.97 -10.17 -10.52 -10.74 -10.69 -10.64 -10.51 -10.34 -10.13 -9.88 -9.57 -9.26 -9.02 -8.94 -8.97 -8.70 -8.38 -8.00 -7.75 -7.35 -6.66 -5.91 -5.33 -4.90 -4.88 -5.00 -4.71 -4.50 -4.28 -4.13 -3.98
-12.68 -12.63 -12.60 -12.52 -12.47 -12.41 -12.36 -12.32 -12.26 -12.24 -12.22 -12.15 -12.12 -11.93 -11.78 -11.69 -11.60 -11.56 -11.37 -11.31 -11.14 -10.81 -10.65 -10.45 -10.14 -9.63 -8.95 -8.23 -7.79 -7.05 -6.71 -6.75 -6.92 -7.21 -7.38 -7.78 -8.43 -8.77 -9.49 -10.14 -10.35 -10.60 -10.60 -10.38 -10.14 -10.06 -9.85 -9.53 -9.26 -8.93 -8.59 -8.46 -8.22 -7.82 -7.53 -7.06 -6.67 -6.25 -5.87 -5.19 -4.72 -4.40 -4.15 -4.14 -3.91 -3.70 -3.51 -3.36 -3.33
-12.55 -12.54 -12.52 -12.47 -12.41 -12.37 -12.33 -12.25 -12.22 -12.24 -12.14 -12.06 -12.00 -11.75 -11.60 -11.52 -11.44 -11.22 -11.10 -10.86 -10.57 -10.32 -10.25 -9.94 -9.44 -8.41 -7.59 -7.01 -6.74 -6.03 -5.68 -5.67 -5.78 -5.76 -6.12 -6.69 -6.90 -7.60 -8.13 -8.65 -9.00 -9.05 -9.09 -9.17 -9.63 -9.62 -9.47 -9.22 -8.83 -8.48 -8.11 -7.58 -7.01 -6.78 -6.32 -6.06 -5.72 -5.13 -4.67 -4.37 -4.03 -3.84 -3.60 -3.36 -3.26 -3.17 -3.09 -3.00 -2.95
-12.44 -12.47 -12.46 -12.42 -12.38 -12.34 -12.29 -12.19 -12.18 -12.12 -12.02 -11.94 -11.78 -11.51 -11.44 -11.28 -11.07 -10.85 -10.61 -10.38 -10.20 -10.04 -9.75 -9.20 -8.11 -6.98 -6.11 -5.55 -5.14 -4.87 -4.68 -4.62 -4.62 -4.57 -4.85 -5.17 -5.39 -5.66 -6.22 -6.94 -7.44 -7.40 -7.35 -7.69 -8.19 -8.78 -8.86 -8.72 -8.33 -7.80 -7.10 -6.49 -5.67 -5.37 -5.22 -4.89 -4.45 -4.12 -3.92 -3.67 -3.52 -3.28 -3.11 -3.00 -2.90 -2.83 -2.79 -2.74 -2.74
-12.41 -12.44 -12.40 -12.39 -12.34 -12.30 -12.26 -12.12 -12.05 -11.99 -11.89 -11.67 -11.63 -11.35 -11.13 -10.91 -10.70 -10.52 -10.23 -10.03 -9.82 -9.51 -8.94 -7.94 -6.66 -5.56 -5.00 -4.54 -4.13 -3.87 -3.78 -3.69 -3.61 -3.73 -3.88 -3.82 -3.81 -3.88 -4.63 -5.22 -5.55 -5.65 -5.74 -6.19 -6.74 -7.46 -8.21 -7.44 -7.07 -6.39 -5.70 -4.83 -4.28 -4.15 -4.07 -3.96 -3.72 -3.52 -3.41 -3.12 -3.02 -2.88 -2.77 -2.68 -2.62 -2.59 -2.54 -2.49 -2.47
-12.36 -12.38 -12.35 -12.33 -12.29 -12.26 -12.18 -12.10 -12.00 -11.84 -11.77 -11.78 -11.39 -11.14 -10.85 -10.63 -10.37 -10.03 -9.65 -9.43 -9.21 -8.70 -7.40 -6.20 -4.97 -4.54 -4.13 -3.74 -3.34 -3.27 -3.24 -3.25 -3.30 -3.44 -3.54 -3.48 -3.42 -3.33 -3.20 -3.79 -4.02 -3.84 -4.09 -4.75 -5.58 -5.79 -6.00 -5.59 -5.17 -4.44 -3.72 -3.63 -3.56 -3.43 -3.39 -3.35 -3.18 -3.07 -2.94 -2.75 -2.65 -2.55 -2.50 -2.44 -2.37 -2.35 -2.29 -2.30 -2.25
-12.32 -12.32 -12.32 -12.35 -12.29 -12.05 -11.84 -11.79 -11.73 -11.70 -11.88 -11.42 -11.12 -10.80 -10.49 -10.28 -9.98 -9.58 -9.23 -8.82 -8.49 -7.26 -6.09 -5.02 -4.02 -3.51 -3.29 -3.13 -3.04 -2.90 -2.93 -2.93 -3.04 -3.16 -3.20 -3.14 -3.03 -2.87 -2.74 -2.82 -2.84 -2.75 -2.88 -3.56 -3.69 -3.64 -3.44 -3.47 -3.29 -3.20 -3.16 -3.13 -3.08 -2.99 -2.94 -2.84 -2.75 -2.61 -2.48 -2.38 -2.32 -2.25 -2.26 -2.20 -2.18 -2.12 -2.12 -2.09 -2.06
-12.28 -12.30 -12.26 -12.29 -12.04 -11.70 -11.53 -11.47 -11.40 -11.42 -11.15 -11.07 -10.76 -10.41 -10.10 -9.83 -9.56 -9.15 -8.78 -8.33 -7.39 -5.73 -4.56 -4.03 -3.53 -3.22 -2.96 -2.91 -2.82 -2.76 -2.75 -2.63 -2.75 -2.88 -2.87 -2.77 -2.68 -2.58 -2.46 -2.41 -2.38 -2.38 -2.32 -2.44 -2.53 -2.62 -2.71 -2.75 -2.69 -2.70 -2.71 -2.70 -2.65 -2.62 -2.57 -2.47 -2.39 -2.31 -2.21 -2.15 -2.09 -2.06 -2.04 -2.03 -1.99 -1.94 -1.93 -1.91 -1.90
-12.27 -12.16 -11.92 -11.69 -11.48 -11.31 -11.17 -11.08 -10.94 -10.79 -10.73 -10.55 -10.32 -9.90 -9.69 -9.36 -9.08 -8.60 -8.22 -6.99 -5.88 -4.41 -3.50 -3.39 -3.20 -3.00 -2.81 -2.71 -2.69 -2.66 -2.58 -2.53 -2.48 -2.58 -2.53 -2.49 -2.43 -2.33 -2.27 -2.24 -2.18 -2.11 -2.04 -2.00 -2.07 -2.13 -2.19 -2.23 -2.23 -2.29 -2.32 -2.36 -2.35 -2.28 -2.23 -2.15 -2.08 -2.05 -1.99 -1.94 -1.91 -1.87 -1.86 -1.85 -1.81 -1.79 -1.77 -1.78 -1.79
-11.99 -11.69 -11.43 -11.25 -11.05 -10.81 -10.65 -10.50 -10.46 -10.31 -10.14 -9.97 -9.91 -9.39 -9.29 -8.95 -8.41 -8.00 -7.29 -5.65 -4.81 -4.20 -3.43 -3.03 -2.85 -2.72 -2.65 -2.61 -2.57 -2.50 -2.47 -2.42 -2.36 -2.32 -2.30 -2.27 -2.22 -2.17 -2.15 -2.08 -1.97 -1.92 -1.80 -1.70 -1.79 -1.81 -1.83 -1.84 -1.88 -1.97 -2.02 -2.04 -2.02 -1.97 -1.93 -1.88 -1.86 -1.81 -1.79 -1.76 -1.74 -1.73 -1.71 -1.71 -1.68 -1.66 -1.64 -1.63 -1.65
-11.64 -11.35 -11.06 -10.78 -10.51 -10.34 -10.22 -10.08 -9.91 -9.73 -9.56 -9.40 -9.25 -8.74 -8.29 -7.90 -7.37 -6.85 -5.79 -4.55 -3.89 -3.29 -2.93 -2.77 -2.67 -2.60 -2.48 -2.42 -2.39 -2.37 -2.33 -2.31 -2.27 -2.19 -2.15 -2.13 -2.10 -2.09 -2.00 -1.93 -1.84 -1.78 -1.66 -1.56 -1.50 -1.54 -1.56 -1.59 -1.65 -1.69 -1.73 -1.76 -1.75 -1.72 -1.71 -1.64 -1.64 -1.64 -1.61 -1.58 -1.58 -1.58 -1.58 -1.57 -1.55 -1.53 -1.53 -1.50 -1.53
-11.29 -11.01 -10.77 -10.49 -10.19 -10.03 -9.82 -9.59 -9.38 -9.17 -8.98 -8.82 -8.69 -8.23 -7.71 -6.89 -6.37 -5.34 -4.24 -3.59 -3.14 -2.90 -2.72 -2.55 -2.47 -2.40 -2.33 -2.29 -2.22 -2.20 -2.19 -2.17 -2.13 -2.04 -2.03 -2.01 -2.04 -1.95 -1.90 -1.80 -1.74 -1.68 -1.54 -1.45 -1.34 -1.37 -1.40 -1.39 -1.38 -1.41 -1.44 -1.48 -1.50 -1.47 -1.45 -1.45 -1.46 -1.45 -1.44 -1.40 -1.44 -1.43 -1.45 -1.43 -1.41 -1.48 -1.41 -1.40 -1.41
