data/Elwha/Digital Elevation Models (DEMs)/ew11_may_dem_5m.asc
ncols	564
nrows	293
xllcorner	296080.00
yllcorner	130715.00
cellsize	5.00
NODATA_value	-9999.00
[rows 160 to 191 of 293, columns 146 to 218 of 564]
-1.97 -1.97 -1.91 -1.94 -1.89 -1.91 -1.79 -1.63 -1.61 -1.49 -1.40 -1.45 -1.41 -1.37 -1.46 -1.31 -1.33 -1.43 -1.46 -1.53 -1.60 -1.68 -1.68 -1.78 -1.81 -1.86 -1.90 -2.02 -2.08 -2.10 -2.08 -2.08 -1.82 -1.70 -1.63 -1.60 -1.48 -1.38 -1.39 -1.44 -1.40 -1.40 -1.32 -1.21 -1.07 -0.87 -0.66 -0.56 -0.49 -0.41 -0.33 -0.31 -0.40 -0.47 -0.52 -0.29 -0.28 -0.17 -0.05 0.03 0.04 -0.03 -0.07 0.01 0.16 0.11 0.17 0.26 0.31 0.36 0.39 0.39 0.41
-1.85 -1.71 -1.80 -1.87 -1.88 -1.65 -1.67 -1.52 -1.53 -1.33 -1.37 -1.29 -1.29 -1.37 -1.14 -1.17 -1.17 -1.18 -1.22 -1.30 -1.34 -1.38 -1.48 -1.53 -1.57 -1.68 -1.75 -1.81 -1.84 -1.94 -1.94 -1.69 -1.62 -1.58 -1.48 -1.33 -1.34 -1.39 -1.35 -1.30 -1.24 -1.14 -1.08 -1.01 -0.84 -0.74 -0.66 -0.57 -0.48 -0.40 -0.30 -0.41 -0.48 -0.48 -0.38 -0.32 -0.10 -0.04 0.02 0.03 0.01 0.03 0.09 0.12 0.14 0.21 0.24 0.29 0.34 0.31 0.36 0.34 0.35
-1.60 -1.60 -1.69 -1.59 -1.68 -1.53 -1.40 -1.39 -1.25 -1.17 -1.11 -1.19 -1.15 -1.00 -1.00 -0.97 -0.99 -1.00 -1.07 -1.00 -1.09 -1.18 -1.24 -1.34 -1.42 -1.49 -1.53 -1.57 -1.56 -1.71 -1.50 -1.59 -1.46 -1.31 -1.34 -1.37 -1.34 -1.29 -1.17 -1.07 -1.00 -0.93 -0.87 -0.77 -0.82 -0.73 -0.65 -0.56 -0.47 -0.39 -0.37 -0.40 -0.28 -0.30 -0.26 -0.19 -0.04 0.02 0.03 0.09 0.14 0.17 0.17 0.19 0.19 0.20 0.28 0.29 0.33 0.35 0.44 0.52 0.60
-1.36 -1.33 -1.39 -1.52 -1.40 -1.44 -1.22 -1.20 -1.12 -1.07 -0.91 -0.98 -0.90 -0.82 -0.87 -0.83 -0.90 -0.84 -0.71 -0.80 -0.91 -1.00 -1.08 -1.15 -1.21 -1.25 -1.29 -1.33 -1.41 -1.27 -1.44 -1.33 -1.31 -1.28 -1.27 -1.12 -1.12 -1.05 -0.86 -0.86 -0.80 -0.70 -0.66 -0.77 -0.66 -0.67 -0.60 -0.55 -0.46 -0.38 -0.48 -0.16 -0.33 -0.09 -0.03 0.00 0.03 0.09 0.14 0.14 0.22 0.19 0.17 0.08 0.16 0.25 0.29 0.36 0.52 0.60 0.69 0.77 0.88
-1.15 -1.21 -1.25 -1.14 -1.27 -1.09 -1.01 -1.00 -0.95 -0.88 -0.83 -0.73 -0.80 -0.76 -0.70 -0.71 -0.65 -0.67 -0.66 -0.59 -0.74 -0.81 -0.89 -0.93 -0.97 -1.01 -1.04 -1.15 -1.02 -1.17 -1.20 -1.08 -1.15 -0.99 -0.95 -0.99 -0.98 -0.79 -0.78 -0.63 -0.55 -0.64 -0.56 -0.52 -0.42 -0.55 -0.45 -0.40 -0.36 -0.34 -0.23 -0.09 -0.24 0.06 0.14 0.21 0.14 0.13 0.26 0.24 0.20 0.19 0.20 0.23 0.23 0.29 0.29 0.29 0.54 0.78 0.90 1.02 1.28
-1.05 -1.01 -0.94 -0.99 -0.92 -0.96 -0.88 -0.78 -0.80 -0.72 -0.68 -0.71 -0.55 -0.55 -0.53 -0.53 -0.53 -0.45 -0.43 -0.47 -0.55 -0.61 -0.65 -0.69 -0.73 -0.77 -0.81 -0.82 -0.90 -0.93 -0.97 -0.93 -0.85 -0.88 -0.85 -0.84 -0.72 -0.69 -0.63 -0.43 -0.57 -0.39 -0.37 -0.26 -0.25 -0.23 -0.31 -0.28 -0.19 -0.12 -0.03 0.08 0.16 0.02 0.14 0.28 0.26 0.24 0.27 0.28 0.24 0.25 0.25 0.26 0.24 0.24 0.33 0.46 0.62 0.86 1.16 1.48 1.84
-0.90 -0.82 -0.76 -0.74 -0.75 -0.72 -0.73 -0.70 -0.58 -0.53 -0.56 -0.49 -0.39 -0.43 -0.43 -0.44 -0.38 -0.28 -0.28 -0.31 -0.37 -0.41 -0.42 -0.45 -0.49 -0.55 -0.61 -0.63 -0.66 -0.70 -0.73 -0.69 -0.61 -0.66 -0.70 -0.67 -0.61 -0.55 -0.46 -0.44 -0.44 -0.21 -0.19 -0.17 -0.14 -0.12 -0.07 -0.02 0.02 0.11 0.14 0.14 0.22 0.26 0.27 0.26 0.29 0.28 0.27 0.29 0.30 0.30 0.29 0.28 0.31 0.51 0.66 0.75 0.95 1.34 1.63 2.00 2.36
-0.72 -0.63 -0.63 -0.60 -0.62 -0.69 -0.53 -0.50 -0.50 -0.42 -0.43 -0.36 -0.30 -0.30 -0.35 -0.39 -0.33 -0.10 -0.12 -0.21 -0.25 -0.28 -0.22 -0.21 -0.31 -0.38 -0.36 -0.39 -0.43 -0.46 -0.50 -0.49 -0.48 -0.49 -0.52 -0.51 -0.46 -0.41 -0.37 -0.39 -0.32 -0.22 -0.06 -0.04 -0.04 -0.04 -0.04 0.06 0.18 0.20 0.23 0.32 0.34 0.35 0.31 0.35 0.38 0.38 0.35 0.35 0.35 0.36 0.38 0.46 0.49 0.68 0.86 1.20 1.50 1.83 2.27 2.87 3.49
-0.58 -0.47 -0.44 -0.44 -0.52 -0.37 -0.40 -0.36 -0.42 -0.42 -0.40 -0.34 -0.24 -0.23 -0.22 -0.18 -0.16 -0.08 0.04 -0.04 -0.10 -0.08 -0.09 -0.05 -0.13 -0.18 -0.15 -0.18 -0.21 -0.28 -0.34 -0.30 -0.29 -0.36 -0.27 -0.27 -0.23 -0.18 -0.21 -0.14 -0.09 -0.09 0.06 0.13 0.16 0.21 0.18 0.16 0.29 0.34 0.41 0.44 0.45 0.46 0.47 0.47 0.46 0.46 0.44 0.44 0.45 0.53 0.60 0.68 0.76 1.07 1.45 1.82 2.45 2.53 3.08 3.45 4.07
-0.30 -0.36 -0.29 -0.28 -0.28 -0.33 -0.27 -0.20 -0.15 -0.11 -0.11 -0.14 -0.04 -0.03 -0.01 0.03 0.04 0.01 0.21 0.15 0.09 0.03 0.07 0.03 0.02 0.02 0.04 -0.02 -0.08 -0.09 -0.09 -0.14 -0.06 -0.13 -0.03 -0.00 -0.08 -0.04 0.01 0.05 0.10 0.14 0.12 0.30 0.35 0.35 0.36 0.37 0.45 0.50 0.54 0.55 0.60 0.58 0.56 0.61 0.53 0.51 0.51 0.48 0.57 0.72 0.82 0.93 1.25 1.53 1.95 2.53 3.03 3.32 3.37 3.90 3.87
-0.20 -0.19 -0.15 -0.17 -0.17 -0.20 -0.13 -0.06 0.00 -0.00 0.00 0.05 0.09 0.11 0.18 0.18 0.22 0.22 0.18 0.21 0.18 0.21 0.20 0.18 0.20 0.14 0.16 0.12 0.11 0.08 0.06 0.04 0.12 0.09 0.11 0.14 0.14 0.15 0.20 0.24 0.29 0.31 0.41 0.44 0.43 0.43 0.44 0.48 0.55 0.65 0.68 0.71 0.72 0.72 0.63 0.59 0.62 0.57 0.57 0.57 0.73 0.92 1.20 1.44 1.82 2.15 2.68 3.12 3.84 3.90 3.78 3.59 -9999.00
-0.03 -0.09 -0.02 -0.05 -0.03 -0.00 0.05 0.09 0.11 0.11 0.10 0.19 0.19 0.26 0.34 0.36 0.34 0.34 0.35 0.32 0.33 0.35 0.35 0.37 0.30 0.31 0.33 0.30 0.27 0.25 0.23 0.22 0.21 0.26 0.33 0.40 0.37 0.34 0.39 0.42 0.44 0.50 0.53 0.55 0.51 0.59 0.66 0.73 0.79 0.85 0.86 0.87 0.81 0.77 0.69 0.69 0.62 0.70 0.79 0.85 1.02 1.39 1.66 2.03 2.42 2.92 3.54 4.08 4.14 3.90 3.82 -9999.00 -9999.00
0.16 0.10 0.09 0.07 0.10 0.12 0.18 0.21 0.22 0.26 0.37 0.30 0.37 0.40 0.46 0.47 0.47 0.47 0.47 0.46 0.50 0.55 0.52 0.53 0.53 0.54 0.53 0.47 0.45 0.43 0.39 0.42 0.41 0.45 0.47 0.44 0.45 0.48 0.51 0.54 0.58 0.62 0.63 0.73 0.78 0.83 0.90 0.90 0.90 1.00 0.99 0.94 0.89 0.88 0.87 0.83 0.77 0.95 1.09 1.26 1.56 1.92 2.23 2.81 3.43 4.09 4.30 4.04 4.19 -9999.00 -9999.00 -9999.00 -9999.00
0.40 0.40 0.44 0.35 0.34 0.39 0.24 0.34 0.34 0.45 0.48 0.44 0.46 0.53 0.56 0.60 0.60 0.61 0.57 0.62 0.65 0.67 0.69 0.70 0.73 0.66 0.66 0.64 0.61 0.62 0.58 0.58 0.56 0.53 0.54 0.56 0.58 0.60 0.63 0.67 0.71 0.78 0.80 0.91 0.96 0.97 0.98 1.02 1.05 1.09 1.06 1.07 1.07 1.06 1.05 1.07 1.04 1.31 1.58 1.84 2.17 2.68 3.34 3.91 4.11 4.17 4.22 -9999.00 -9999.00 -9999.00 -9999.00 -9999.00 -9999.00
0.58 0.56 0.52 0.48 0.52 0.46 0.49 0.52 0.54 0.59 0.62 0.67 0.69 0.66 0.70 0.73 0.71 0.73 0.77 0.78 0.79 0.86 0.87 0.84 0.85 0.82 0.82 0.78 0.82 0.76 0.74 0.71 0.72 0.65 0.64 0.66 0.68 0.72 0.76 0.79 0.85 0.89 0.90 0.95 1.04 1.06 1.08 1.10 1.17 1.19 1.10 1.15 1.20 1.24 1.21 1.41 1.66 1.83 2.21 2.55 3.17 3.83 3.85 3.70 3.59 -9999.00 -9999.00 -9999.00 -9999.00 -9999.00 -9999.00 -9999.00 -9999.00
0.68 0.70 0.64 0.67 0.68 0.66 0.67 0.70 0.73 0.79 0.79 0.83 0.83 0.78 0.86 0.86 0.89 0.90 0.90 0.96 0.99 0.98 1.01 1.00 0.98 0.98 0.99 0.97 0.93 0.90 0.88 0.83 0.80 0.80 0.74 0.71 0.71 0.76 0.79 0.81 0.82 0.88 0.98 1.09 1.19 1.17 1.17 1.22 1.29 1.34 1.35 1.36 1.49 1.68 1.83 2.00 2.27 2.67 3.18 3.77 4.09 3.86 -9999.00 -9999.00 -9999.00 -9999.00 -9999.00 -9999.00 -9999.00 -9999.00 -9999.00 -9999.00 -9999.00
0.81 0.82 0.85 0.81 0.83 0.76 0.88 0.89 0.96 0.97 0.99 0.97 1.00 1.01 1.00 1.01 1.02 1.04 1.10 1.13 1.15 1.13 1.11 1.14 1.12 1.16 1.14 1.04 1.06 1.01 0.96 0.96 0.91 0.85 0.80 0.78 0.78 0.83 0.79 0.77 0.89 1.01 1.12 1.22 1.31 1.25 1.38 1.49 1.64 1.74 1.87 1.98 2.10 2.37 2.52 3.00 3.71 3.91 -9999.00 -9999.00 -9999.00 -9999.00 -9999.00 -9999.00 -9999.00 -9999.00 -9999.00 -9999.00 -9999.00 -9999.00 -9999.00 -9999.00 -9999.00
0.97 1.01 1.04 1.03 1.03 1.04 1.05 1.13 1.11 1.13 1.20 1.17 1.17 1.20 1.13 1.13 1.20 1.23 1.26 1.28 1.31 1.29 1.32 1.30 1.30 1.30 1.26 1.20 1.10 1.12 1.07 1.02 0.96 0.90 0.90 0.89 0.85 0.84 0.82 0.96 0.96 1.12 1.24 1.37 1.53 1.76 1.94 2.07 2.30 2.41 2.67 2.95 3.47 3.73 3.84 -9999.00 -9999.00 -9999.00 -9999.00 -9999.00 -9999.00 -9999.00 -9999.00 -9999.00 -9999.00 -9999.00 -9999.00 -9999.00 -9999.00 -9999.00 -9999.00 -9999.00 -9999.00
1.14 1.18 1.21 1.21 1.20 1.21 1.24 1.24 1.27 1.32 1.40 1.37 1.38 1.36 1.36 1.37 1.36 1.39 1.42 1.44 1.46 1.43 1.46 1.46 1.46 1.39 1.32 1.24 1.24 1.18 1.13 1.07 1.01 0.98 0.98 0.98 0.97 0.99 1.14 1.19 1.34 1.56 1.74 2.01 2.19 2.45 2.68 3.03 3.38 3.61 3.91 -9999.00 -9999.00 -9999.00 -9999.00 -9999.00 -9999.00 -9999.00 -9999.00 -9999.00 -9999.00 -9999.00 -9999.00 -9999.00 -9999.00 -9999.00 -9999.00 -9999.00 -9999.00 -9999.00 -9999.00 -9999.00 -9999.00
1.28 1.32 1.36 1.37 1.40 1.36 1.38 1.45 1.52 1.50 1.58 1.63 1.62 1.65 1.65 1.53 1.51 1.54 1.55 1.56 1.60 1.57 1.56 1.60 1.53 1.39 1.40 1.32 1.29 1.20 1.17 1.12 1.04 1.10 1.07 1.10 1.15 1.32 1.55 1.72 1.95 2.22 2.45 2.81 3.18 3.36 3.95 3.85 -9999.00 -9999.00 -9999.00 -9999.00 -9999.00 -9999.00 -9999.00 -9999.00 -9999.00 -9999.00 -9999.00 -9999.00 -9999.00 -9999.00 -9999.00 -9999.00 -9999.00 -9999.00 -9999.00 -9999.00 -9999.00 -9999.00 -9999.00 -9999.00 -9999.00
1.34 1.43 1.52 1.60 1.47 1.44 1.48 1.76 1.76 2.07 2.29 2.46 2.55 2.26 1.93 1.53 1.54 1.55 1.59 1.71 1.67 1.70 1.64 1.63 1.59 1.51 1.51 1.47 1.43 1.35 1.31 1.33 1.31 1.38 1.40 1.55 1.72 1.89 2.09 2.41 2.83 3.29 3.96 3.85 3.82 -9999.00 -9999.00 -9999.00 -9999.00 -9999.00 -9999.00 -9999.00 -9999.00 -9999.00 -9999.00 -9999.00 -9999.00 -9999.00 -9999.00 -9999.00 -9999.00 -9999.00 -9999.00 -9999.00 -9999.00 -9999.00 -9999.00 -9999.00 -9999.00 -9999.00 -9999.00 -9999.00 -9999.00
1.38 1.42 1.48 1.62 1.47 1.52 1.71 2.02 2.66 2.85 2.90 2.75 2.70 2.60 2.33 1.98 2.03 2.10 1.98 2.08 2.14 2.20 2.01 1.99 1.91 1.85 1.74 1.75 1.70 1.61 1.64 1.74 1.83 1.91 2.02 2.19 2.49 2.94 3.22 3.76 3.89 3.81 -9999.00 -9999.00 -9999.00 -9999.00 -9999.00 -9999.00 -9999.00 -9999.00 -9999.00 -9999.00 -9999.00 -9999.00 -9999.00 -9999.00 -9999.00 -9999.00 -9999.00 -9999.00 -9999.00 -9999.00 -9999.00 -9999.00 -9999.00 -9999.00 -9999.00 -9999.00 -9999.00 -9999.00 -9999.00 -9999.00 -9999.00
1.43 1.49 1.35 1.25 1.34 1.51 1.91 2.74 2.83 2.72 2.74 2.77 2.81 2.77 2.73 2.91 2.90 2.97 2.83 2.92 3.07 2.98 2.92 2.85 2.81 2.59 2.60 2.60 2.56 2.47 2.33 2.33 2.47 2.76 3.06 3.42 3.84 3.96 3.77 -9999.00 -9999.00 -9999.00 -9999.00 -9999.00 -9999.00 -9999.00 -9999.00 -9999.00 -9999.00 -9999.00 -9999.00 -9999.00 -9999.00 -9999.00 -9999.00 -9999.00 -9999.00 -9999.00 -9999.00 -9999.00 -9999.00 -9999.00 -9999.00 -9999.00 -9999.00 -9999.00 -9999.00 -9999.00 -9999.00 -9999.00 -9999.00 -9999.00 -9999.00
1.47 1.48 1.37 1.41 1.36 1.53 2.09 2.79 2.44 2.30 2.42 2.77 2.92 2.91 3.00 3.13 3.11 3.32 3.38 3.39 3.32 3.43 3.37 3.38 3.58 3.57 3.63 3.72 3.74 3.57 3.52 3.66 3.67 3.65 3.64 3.76 3.73 -9999.00 -9999.00 -9999.00 -9999.00 -9999.00 -9999.00 -9999.00 -9999.00 -9999.00 -9999.00 -9999.00 -9999.00 -9999.00 -9999.00 -9999.00 -9999.00 -9999.00 -9999.00 -9999.00 -9999.00 -9999.00 -9999.00 -9999.00 -9999.00 -9999.00 -9999.00 -9999.00 -9999.00 -9999.00 -9999.00 -9999.00 -9999.00 -9999.00 -9999.00 -9999.00 -9999.00
1.23 1.37 1.43 1.54 1.56 1.59 2.18 2.80 2.66 2.75 3.01 3.23 3.23 3.24 3.36 3.33 3.32 3.54 3.50 3.62 3.56 3.31 3.19 3.21 3.37 3.33 3.39 3.53 3.31 3.21 3.22 3.42 3.42 3.51 -9999.00 -9999.00 -9999.00 -9999.00 -9999.00 -9999.00 -9999.00 -9999.00 -9999.00 -9999.00 -9999.00 -9999.00 -9999.00 -9999.00 -9999.00 -9999.00 -9999.00 -9999.00 -9999.00 -9999.00 -9999.00 -9999.00 -9999.00 -9999.00 -9999.00 -9999.00 -9999.00 -9999.00 -9999.00 -9999.00 -9999.00 -9999.00 -9999.00 -9999.00 -9999.00 -9999.00 -9999.00 -9999.00 -9999.00
0.77 0.96 1.21 1.49 1.66 1.67 2.11 2.96 2.79 3.04 3.15 3.13 3.02 3.06 3.27 3.50 3.47 3.42 3.51 3.46 3.39 3.08 2.96 2.91 2.98 -9999.00 -9999.00 -9999.00 -9999.00 -9999.00 -9999.00 -9999.00 -9999.00 -9999.00 -9999.00 -9999.00 -9999.00 -9999.00 -9999.00 -9999.00 -9999.00 -9999.00 -9999.00 -9999.00 -9999.00 -9999.00 -9999.00 -9999.00 -9999.00 -9999.00 -9999.00 -9999.00 -9999.00 -9999.00 -9999.00 -9999.00 -9999.00 -9999.00 -9999.00 -9999.00 -9999.00 -9999.00 -9999.00 -9999.00 -9999.00 -9999.00 -9999.00 -9999.00 -9999.00 -9999.00 -9999.00 -9999.00 -9999.00
0.47 0.67 0.85 1.13 1.36 1.64 2.02 2.91 2.91 2.96 2.87 2.56 2.64 2.88 3.17 3.56 3.56 3.41 3.21 -9999.00 -9999.00 -9999.00 -9999.00 -9999.00 -9999.00 -9999.00 -9999.00 -9999.00 -9999.00 -9999.00 -9999.00 -9999.00 -9999.00 -9999.00 -9999.00 -9999.00 -9999.00 -9999.00 -9999.00 -9999.00 -9999.00 -9999.00 -9999.00 -9999.00 -9999.00 -9999.00 -9999.00 -9999.00 -9999.00 -9999.00 -9999.00 -9999.00 -9999.00 -9999.00 -9999.00 -9999.00 -9999.00 -9999.00 -9999.00 -9999.00 -9999.00 -9999.00 -9999.00 -9999.00 -9999.00 -9999.00 -9999.00 -9999.00 -9999.00 -9999.00 -9999.00 -9999.00 -9999.00
0.34 0.52 0.61 0.85 1.01 1.21 1.89 2.70 3.00 2.95 2.76 2.10 2.83 3.10 3.45 3.53 3.45 -9999.00 -9999.00 -9999.00 -9999.00 -9999.00 -9999.00 -9999.00 -9999.00 -9999.00 -9999.00 -9999.00 -9999.00 -9999.00 -9999.00 -9999.00 -9999.00 -9999.00 -9999.00 -9999.00 -9999.00 -9999.00 -9999.00 -9999.00 -9999.00 -9999.00 -9999.00 -9999.00 -9999.00 -9999.00 -9999.00 -9999.00 -9999.00 -9999.00 -9999.00 -9999.00 -9999.00 -9999.00 -9999.00 -9999.00 -9999.00 -9999.00 -9999.00 -9999.00 -9999.00 -9999.00 -9999.00 -9999.00 -9999.00 -9999.00 -9999.00 -9999.00 -9999.00 -9999.00 -9999.00 -9999.00 -9999.00
0.26 0.43 0.51 0.64 0.81 1.06 1.68 2.50 3.17 3.17 2.93 2.59 2.64 3.29 3.47 3.40 -9999.00 -9999.00 -9999.00 -9999.00 -9999.00 -9999.00 -9999.00 -9999.00 -9999.00 -9999.00 -9999.00 -9999.00 -9999.00 -9999.00 -9999.00 -9999.00 -9999.00 -9999.00 -9999.00 -9999.00 -9999.00 -9999.00 -9999.00 -9999.00 -9999.00 -9999.00 -9999.00 -9999.00 -9999.00 -9999.00 -9999.00 -9999.00 -9999.00 -9999.00 -9999.00 -9999.00 -9999.00 -9999.00 -9999.00 -9999.00 -9999.00 -9999.00 -9999.00 -9999.00 -9999.00 -9999.00 -9999.00 -9999.00 -9999.00 -9999.00 -9999.00 -9999.00 -9999.00 -9999.00 -9999.00 -9999.00 -9999.00
0.28 0.31 0.43 0.56 0.74 0.98 1.49 2.33 3.26 3.20 2.99 2.82 2.81 3.32 3.24 -9999.00 -9999.00 -9999.00 -9999.00 -9999.00 -9999.00 -9999.00 -9999.00 -9999.00 -9999.00 -9999.00 -9999.00 -9999.00 -9999.00 -9999.00 -9999.00 -9999.00 -9999.00 -9999.00 -9999.00 -9999.00 -9999.00 -9999.00 -9999.00 -9999.00 -9999.00 -9999.00 -9999.00 -9999.00 -9999.00 -9999.00 -9999.00 -9999.00 -9999.00 -9999.00 -9999.00 -9999.00 -9999.00 -9999.00 -9999.00 -9999.00 -9999.00 -9999.00 -9999.00 -9999.00 -9999.00 -9999.00 -9999.00 -9999.00 -9999.00 -9999.00 -9999.00 -9999.00 -9999.00 -9999.00 -9999.00 -9999.00 -9999.00
0.24 0.24 0.40 0.56 0.70 0.95 1.51 2.37 3.38 3.20 3.05 3.00 3.14 3.41 -9999.00 -9999.00 -9999.00 -9999.00 -9999.00 -9999.00 -9999.00 -9999.00 -9999.00 -9999.00 -9999.00 -9999.00 -9999.00 -9999.00 -9999.00 -9999.00 -9999.00 -9999.00 -9999.00 -9999.00 -9999.00 -9999.00 -9999.00 -9999.00 -9999.00 -9999.00 -9999.00 -9999.00 -9999.00 -9999.00 -9999.00 -9999.00 -9999.00 -9999.00 -9999.00 -9999.00 -9999.00 -9999.00 -9999.00 -9999.00 -9999.00 -9999.00 -9999.00 -9999.00 -9999.00 -9999.00 -9999.00 -9999.00 -9999.00 -9999.00 -9999.00 -9999.00 -9999.00 -9999.00 -9999.00 -9999.00 -9999.00 -9999.00 -9999.00
0.21 0.26 0.34 0.51 0.70 0.98 1.74 2.51 3.31 3.22 2.94 3.04 3.30 3.34 -9999.00 -9999.00 -9999.00 -9999.00 -9999.00 -9999.00 -9999.00 -9999.00 -9999.00 -9999.00 -9999.00 -9999.00 -9999.00 -9999.00 -9999.00 -9999.00 -9999.00 -9999.00 -9999.00 -9999.00 -9999.00 -9999.00 -9999.00 -9999.00 -9999.00 -9999.00 -9999.00 -9999.00 -9999.00 -9999.00 -9999.00 -9999.00 -9999.00 -9999.00 -9999.00 -9999.00 -9999.00 -9999.00 -9999.00 -9999.00 -9999.00 -9999.00 -9999.00 -9999.00 -9999.00 -9999.00 -9999.00 -9999.00 -9999.00 -9999.00 -9999.00 -9999.00 -9999.00 -9999.00 -9999.00 -9999.00 -9999.00 -9999.00 -9999.00
