data/Elwha/Digital Elevation Models (DEMs)/ew11_may_dem_5m.asc
ncols	564
nrows	293
xllcorner	296080.00
yllcorner	130715.00
cellsize	5.00
NODATA_value	-9999.00
[rows 160 to 191 of 293, columns 73 to 145 of 564]
-8.37 -8.33 -8.30 -8.25 -8.23 -8.17 -8.07 -7.92 -7.83 -7.78 -7.72 -7.76 -7.68 -7.52 -7.17 -6.68 -6.09 -5.47 -5.14 -4.93 -4.74 -4.62 -4.57 -4.51 -4.45 -4.37 -4.26 -4.17 -4.14 -4.06 -4.01 -3.90 -3.68 -3.46 -3.17 -2.88 -2.48 -2.18 -2.10 -2.02 -1.40 -1.27 -1.28 -1.30 -1.37 -1.46 -1.49 -1.48 -1.42 -1.33 -1.21 -1.08 -1.35 -1.59 -1.80 -2.00 -2.17 -2.21 -2.11 -2.24 -2.13 -2.09 -2.09 -2.02 -1.90 -2.08 -1.99 -1.93 -1.99 -1.99 -1.94 -2.03 -1.99
-8.30 -8.26 -8.18 -8.19 -8.10 -8.02 -7.85 -7.71 -7.60 -7.50 -7.45 -7.47 -7.45 -7.15 -6.65 -6.03 -5.54 -5.12 -4.88 -4.64 -4.52 -4.46 -4.42 -4.31 -4.19 -4.19 -4.10 -4.01 -3.95 -3.88 -3.81 -3.74 -3.65 -3.45 -3.14 -2.81 -2.43 -2.12 -1.85 -1.51 -1.29 -1.17 -1.19 -1.23 -1.31 -1.40 -1.50 -1.50 -1.42 -1.35 -1.20 -1.10 -1.09 -1.32 -1.53 -1.72 -1.89 -1.88 -1.96 -1.92 -1.91 -1.82 -1.87 -1.85 -1.86 -1.83 -1.70 -1.70 -1.77 -1.81 -1.80 -1.64 -1.69
-8.22 -8.15 -8.17 -8.05 -7.94 -7.75 -7.59 -7.44 -7.31 -7.17 -7.18 -7.09 -6.94 -6.63 -5.98 -5.54 -5.11 -4.84 -4.55 -4.41 -4.30 -4.30 -4.26 -4.14 -4.07 -4.01 -3.86 -3.87 -3.80 -3.73 -3.74 -3.59 -3.63 -3.41 -2.99 -2.65 -2.34 -2.01 -1.71 -1.51 -1.32 -1.12 -1.09 -1.13 -1.27 -1.36 -1.46 -1.49 -1.46 -1.37 -1.28 -1.13 -0.96 -1.04 -1.21 -1.37 -1.79 -1.74 -1.71 -1.68 -1.69 -1.60 -1.63 -1.66 -1.70 -1.59 -1.50 -1.52 -1.52 -1.56 -1.50 -1.49 -1.61
-8.13 -8.14 -8.01 -7.88 -7.71 -7.49 -7.28 -7.13 -6.91 -6.89 -6.75 -6.63 -6.45 -6.07 -5.50 -5.05 -4.80 -4.48 -4.36 -4.18 -4.21 -4.14 -4.00 -3.88 -3.71 -3.84 -3.81 -3.72 -3.65 -3.65 -3.43 -3.50 -3.38 -3.18 -2.88 -2.56 -2.13 -1.96 -1.65 -1.43 -1.28 -1.13 -1.01 -1.04 -1.17 -1.26 -1.35 -1.51 -1.47 -1.43 -1.28 -1.11 -0.99 -0.89 -0.95 -1.03 -1.39 -1.45 -1.45 -1.45 -1.44 -1.46 -1.41 -1.40 -1.43 -1.35 -1.32 -1.29 -1.27 -1.23 -1.25 -1.38 -1.30
-8.01 -7.93 -7.85 -7.66 -7.46 -7.21 -6.97 -6.70 -6.61 -6.40 -6.29 -6.14 -6.00 -5.58 -5.13 -4.76 -4.42 -4.28 -4.06 -4.14 -4.03 -3.88 -3.81 -3.72 -3.66 -3.55 -3.51 -3.57 -3.49 -3.26 -3.35 -3.28 -3.13 -2.89 -2.53 -2.48 -2.15 -1.80 -1.58 -1.39 -1.23 -1.14 -0.99 -0.97 -1.08 -1.17 -1.33 -1.46 -1.52 -1.41 -1.31 -1.14 -0.98 -0.85 -0.85 -0.94 -1.09 -1.19 -1.26 -1.22 -1.25 -1.24 -1.23 -1.22 -1.26 -1.23 -1.12 -1.03 -1.04 -1.08 -1.15 -1.15 -1.16
-7.77 -7.64 -7.49 -7.35 -7.14 -6.83 -6.53 -6.32 -6.11 -5.93 -5.84 -5.69 -5.55 -5.17 -4.74 -4.45 -4.22 -3.97 -4.05 -3.91 -3.76 -3.74 -3.67 -3.58 -3.49 -3.47 -3.45 -3.36 -3.10 -3.18 -3.17 -3.08 -2.87 -2.55 -2.54 -2.31 -2.01 -1.72 -1.52 -1.33 -1.20 -1.07 -0.98 -0.87 -1.05 -1.19 -1.32 -1.51 -1.55 -1.47 -1.33 -1.18 -0.99 -0.82 -0.81 -0.92 -1.02 -1.12 -1.11 -1.06 -1.07 -1.08 -1.04 -1.07 -1.03 -0.98 -0.92 -0.89 -0.90 -0.96 -0.99 -1.00 -1.03
-7.43 -7.24 -7.07 -6.91 -6.69 -6.42 -6.03 -5.80 -5.58 -5.54 -5.39 -5.24 -5.10 -4.78 -4.46 -4.21 -3.94 -3.89 -3.80 -3.64 -3.66 -3.63 -3.50 -3.33 -3.42 -3.30 -3.24 -3.07 -3.09 -3.02 -3.06 -2.84 -2.61 -2.54 -2.39 -2.15 -1.87 -1.69 -1.44 -1.27 -1.16 -0.99 -0.92 -0.79 -1.00 -1.18 -1.32 -1.57 -1.51 -1.50 -1.38 -1.26 -1.06 -0.93 -0.85 -0.87 -0.99 -1.00 -0.96 -0.95 -0.93 -0.89 -0.92 -0.93 -0.91 -0.83 -0.79 -0.71 -0.72 -0.79 -0.83 -0.82 -0.86
-6.98 -6.79 -6.66 -6.47 -6.27 -5.88 -5.51 -5.22 -5.25 -5.08 -4.94 -4.80 -4.65 -4.33 -4.21 -3.93 -3.84 -3.73 -3.64 -3.54 -3.49 -3.30 -3.28 -3.25 -3.25 -3.13 -3.07 -2.95 -2.98 -3.02 -2.81 -2.67 -2.54 -2.39 -2.22 -1.96 -1.84 -1.48 -1.36 -1.13 -1.06 -0.90 -0.80 -0.73 -0.82 -0.99 -1.30 -1.52 -1.55 -1.53 -1.46 -1.27 -1.12 -0.99 -0.90 -0.84 -0.85 -0.87 -0.85 -0.84 -0.82 -0.77 -0.78 -0.80 -0.76 -0.75 -0.60 -0.66 -0.64 -0.54 -0.67 -0.80 -0.72
-6.51 -6.38 -6.25 -6.07 -5.84 -5.44 -5.19 -5.02 -4.77 -4.61 -4.47 -4.35 -4.19 -4.02 -3.88 -3.75 -3.70 -3.65 -3.42 -3.40 -3.22 -3.23 -3.14 -3.04 -2.95 -2.98 -2.83 -2.96 -2.82 -2.72 -2.72 -2.54 -2.38 -2.29 -2.06 -1.92 -1.63 -1.49 -1.26 -1.14 -0.84 -0.80 -0.68 -0.70 -0.74 -0.85 -1.20 -1.44 -1.53 -1.51 -1.47 -1.30 -1.16 -1.06 -0.93 -0.82 -0.81 -0.75 -0.76 -0.76 -0.72 -0.67 -0.61 -0.61 -0.60 -0.56 -0.53 -0.44 -0.43 -0.35 -0.35 -0.49 -0.54
-6.11 -5.99 -5.83 -5.74 -5.35 -5.21 -4.98 -4.76 -4.49 -4.28 -4.14 -3.99 -3.94 -3.88 -3.73 -3.59 -3.66 -3.32 -3.35 -3.19 -3.06 -3.06 -2.90 -2.85 -2.80 -2.70 -2.86 -2.65 -2.62 -2.59 -2.47 -2.39 -2.42 -2.17 -2.00 -1.80 -1.61 -1.44 -1.26 -1.06 -0.84 -0.65 -0.65 -0.57 -0.65 -0.71 -0.99 -1.33 -1.48 -1.52 -1.49 -1.41 -1.23 -1.09 -0.86 -0.78 -0.76 -0.66 -0.70 -0.75 -0.61 -0.56 -0.43 -0.33 -0.36 -0.40 -0.36 -0.40 -0.31 -0.31 -0.24 -0.25 -0.32
-5.67 -5.58 -5.48 -5.30 -5.13 -4.95 -4.77 -4.53 -4.29 -4.06 -3.93 -3.79 -3.79 -3.68 -3.52 -3.59 -3.32 -3.11 -3.14 -3.07 -2.93 -2.82 -2.76 -2.67 -2.54 -2.67 -2.44 -2.54 -2.46 -2.39 -2.37 -2.38 -2.17 -2.06 -1.98 -1.71 -1.58 -1.42 -1.25 -1.00 -0.75 -0.56 -0.48 -0.47 -0.51 -0.47 -0.71 -1.02 -1.24 -1.46 -1.44 -1.38 -1.29 -1.24 -1.00 -0.77 -0.69 -0.63 -0.60 -0.56 -0.53 -0.44 -0.37 -0.26 -0.17 -0.24 -0.24 -0.21 -0.23 -0.15 -0.07 -0.01 -0.09
-5.39 -5.29 -5.22 -4.90 -4.92 -4.74 -4.56 -4.38 -4.05 -3.90 -3.74 -3.58 -3.63 -3.45 -3.44 -3.24 -3.00 -2.88 -3.01 -2.85 -2.74 -2.68 -2.58 -2.51 -2.44 -2.25 -2.30 -2.31 -2.29 -2.13 -2.23 -2.08 -1.98 -1.89 -1.86 -1.72 -1.55 -1.36 -1.21 -1.00 -0.75 -0.53 -0.41 -0.34 -0.28 -0.34 -0.49 -0.76 -0.98 -1.29 -1.53 -1.41 -1.31 -1.33 -1.10 -0.82 -0.68 -0.60 -0.55 -0.47 -0.44 -0.38 -0.27 -0.24 -0.05 -0.07 -0.09 -0.03 -0.06 0.05 0.08 0.14 0.08
-5.21 -5.17 -4.81 -4.92 -4.71 -4.53 -4.33 -4.03 -4.00 -3.84 -3.68 -3.60 -3.36 -3.28 -3.14 -3.06 -2.93 -2.92 -2.77 -2.63 -2.60 -2.48 -2.43 -2.39 -2.28 -2.10 -2.10 -2.10 -2.02 -2.08 -2.00 -1.87 -1.81 -1.73 -1.71 -1.63 -1.45 -1.33 -1.14 -1.05 -0.79 -0.53 -0.32 -0.23 -0.24 -0.16 -0.28 -0.50 -0.90 -1.36 -1.52 -1.52 -1.38 -1.38 -1.33 -1.03 -0.66 -0.60 -0.53 -0.38 -0.32 -0.26 -0.21 -0.10 0.06 0.13 0.18 0.23 0.17 0.12 0.18 0.23 0.23
-5.00 -4.79 -4.77 -4.78 -4.54 -4.36 -4.22 -4.05 -3.95 -3.79 -3.57 -3.41 -3.20 -3.08 -3.05 -2.88 -2.80 -2.73 -2.57 -2.45 -2.37 -2.40 -2.26 -2.23 -1.98 -1.95 -1.94 -1.88 -1.88 -1.83 -1.61 -1.76 -1.67 -1.55 -1.55 -1.46 -1.37 -1.25 -1.12 -1.02 -0.84 -0.56 -0.28 -0.21 -0.12 -0.05 -0.18 -0.37 -1.01 -1.50 -1.50 -1.53 -1.41 -1.38 -1.38 -1.02 -0.71 -0.62 -0.44 -0.40 -0.47 -0.23 -0.16 -0.04 0.08 0.23 0.36 0.37 0.33 0.32 0.32 0.39 0.37
-4.76 -4.69 -4.69 -4.59 -4.41 -4.14 -3.98 -3.87 -3.90 -3.57 -3.43 -3.21 -3.10 -3.05 -2.81 -2.67 -2.69 -2.50 -2.40 -2.31 -2.31 -2.10 -2.15 -1.87 -1.83 -1.80 -1.76 -1.66 -1.57 -1.49 -1.40 -1.54 -1.39 -1.37 -1.31 -1.28 -1.19 -1.11 -1.01 -0.95 -0.88 -0.67 -0.43 -0.12 0.02 0.10 -0.07 -0.14 -0.42 -1.20 -1.35 -1.37 -1.41 -1.43 -1.36 -1.07 -0.74 -0.63 -0.45 -0.42 -0.35 -0.22 -0.04 -0.03 0.11 0.27 0.41 0.51 0.49 0.47 0.50 0.55 0.60
-4.55 -4.50 -4.44 -4.34 -4.24 -3.94 -3.78 -3.81 -3.66 -3.39 -3.22 -3.13 -3.03 -2.88 -2.64 -2.65 -2.42 -2.40 -2.25 -2.12 -2.08 -2.06 -1.74 -1.64 -1.67 -1.68 -1.56 -1.46 -1.36 -1.28 -1.23 -1.28 -1.16 -1.17 -1.12 -1.06 -1.00 -0.89 -0.86 -0.78 -0.77 -0.71 -0.54 -0.26 0.01 0.10 0.01 -0.07 -0.20 -0.95 -1.30 -1.37 -1.35 -1.40 -1.53 -1.24 -0.89 -0.59 -0.48 -0.36 -0.32 -0.22 -0.10 0.02 0.12 0.29 0.47 0.58 0.58 0.63 0.68 0.71 0.71
-4.40 -4.40 -4.31 -4.15 -3.87 -3.77 -3.78 -3.70 -3.46 -3.29 -3.12 -3.07 -2.90 -2.72 -2.66 -2.36 -2.32 -2.17 -2.00 -1.98 -1.88 -1.68 -1.66 -1.55 -1.61 -1.50 -1.34 -1.28 -1.21 -1.20 -1.12 -1.10 -1.02 -1.00 -0.92 -0.87 -0.82 -0.74 -0.69 -0.68 -0.63 -0.59 -0.40 -0.30 -0.08 0.10 0.11 -0.02 -0.19 -0.69 -1.23 -1.26 -1.37 -1.46 -1.54 -1.50 -1.29 -0.90 -0.53 -0.34 -0.24 -0.17 -0.14 0.02 0.19 0.34 0.44 0.56 0.69 0.75 0.79 0.79 0.86
-4.35 -4.27 -4.08 -3.86 -3.77 -3.79 -3.63 -3.47 -3.36 -3.21 -3.09 -2.91 -2.72 -2.65 -2.43 -2.32 -2.22 -1.97 -1.91 -1.85 -1.64 -1.57 -1.47 -1.51 -1.30 -1.23 -1.19 -1.05 -1.17 -1.07 -0.93 -0.86 -0.86 -0.76 -0.73 -0.66 -0.52 -0.54 -0.51 -0.49 -0.44 -0.39 -0.34 -0.18 0.05 0.13 0.04 -0.06 -0.17 -0.54 -0.90 -1.32 -1.38 -1.43 -1.48 -1.48 -1.35 -1.00 -0.56 -0.40 -0.33 -0.11 -0.07 0.07 0.12 0.31 0.45 0.58 0.70 0.81 0.89 0.92 0.98
-4.04 -3.98 -3.92 -3.77 -3.73 -3.57 -3.41 -3.29 -3.22 -3.04 -2.95 -2.87 -2.64 -2.49 -2.25 -2.19 -2.07 -1.89 -1.83 -1.64 -1.57 -1.34 -1.37 -1.32 -1.21 -1.14 -1.03 -0.96 -0.96 -0.82 -0.71 -0.73 -0.66 -0.61 -0.69 -0.52 -0.46 -0.40 -0.35 -0.30 -0.29 -0.25 -0.13 -0.08 0.02 0.08 -0.04 -0.15 -0.20 -0.29 -0.65 -1.04 -1.35 -1.44 -1.48 -1.48 -1.26 -0.97 -0.76 -0.65 -0.50 -0.25 -0.10 0.05 0.17 0.34 0.50 0.57 0.68 0.80 0.92 1.09 1.13
-3.92 -3.78 -3.77 -3.63 -3.50 -3.37 -3.22 -3.14 -2.97 -2.94 -2.76 -2.69 -2.53 -2.33 -2.18 -2.15 -1.91 -1.81 -1.66 -1.48 -1.42 -1.36 -1.29 -1.11 -1.05 -0.87 -0.83 -0.83 -0.80 -0.62 -0.62 -0.59 -0.50 -0.49 -0.53 -0.46 -0.33 -0.22 -0.22 -0.13 -0.14 -0.06 -0.02 0.01 0.01 0.10 -0.03 -0.15 -0.17 -0.21 -0.31 -0.67 -1.11 -1.40 -1.42 -1.47 -1.35 -1.20 -1.08 -0.93 -0.72 -0.49 -0.15 -0.02 0.15 0.24 0.43 0.59 0.69 0.84 0.99 1.14 1.19
-3.76 -3.74 -3.58 -3.50 -3.34 -3.15 -3.06 -2.89 -2.91 -2.75 -2.60 -2.53 -2.39 -2.31 -2.14 -2.03 -1.80 -1.66 -1.48 -1.32 -1.25 -1.24 -1.11 -1.00 -0.84 -0.75 -0.65 -0.73 -0.56 -0.54 -0.47 -0.43 -0.37 -0.39 -0.37 -0.31 -0.38 -0.22 -0.08 -0.02 0.07 0.04 0.07 0.07 0.11 0.09 0.00 -0.10 -0.11 -0.11 -0.14 -0.21 -0.62 -1.11 -1.36 -1.46 -1.51 -1.33 -1.29 -1.18 -0.82 -0.44 -0.17 -0.02 0.13 0.23 0.32 0.47 0.73 0.84 0.97 1.21 1.26
-3.63 -3.57 -3.42 -3.30 -3.08 -2.98 -2.79 -2.85 -2.73 -2.50 -2.51 -2.29 -2.33 -2.17 -1.88 -1.82 -1.70 -1.49 -1.33 -1.17 -1.06 -1.11 -0.92 -0.75 -0.63 -0.62 -0.61 -0.51 -0.46 -0.40 -0.26 -0.26 -0.28 -0.33 -0.47 -0.33 -0.20 -0.09 -0.01 0.13 0.14 0.13 0.17 0.21 0.16 0.19 0.10 -0.02 -0.09 -0.08 -0.03 -0.13 -0.25 -0.61 -1.30 -1.43 -1.43 -1.52 -1.42 -1.49 -1.10 -0.58 -0.23 -0.02 0.02 0.16 0.37 0.50 0.62 0.82 1.01 1.22 1.34
-3.57 -3.35 -3.25 -3.06 -2.91 -2.71 -2.76 -2.64 -2.44 -2.47 -2.33 -2.27 -2.12 -1.99 -1.82 -1.50 -1.42 -1.26 -1.23 -1.00 -0.95 -0.94 -0.76 -0.58 -0.60 -0.49 -0.46 -0.38 -0.31 -0.20 -0.13 -0.12 -0.24 -0.33 -0.41 -0.41 -0.28 -0.10 0.05 0.20 0.20 0.22 0.27 0.34 0.37 0.28 0.20 0.06 0.05 0.04 0.06 0.01 -0.10 -0.20 -0.66 -1.40 -1.40 -1.44 -1.52 -1.52 -1.38 -0.93 -0.54 -0.24 -0.07 0.14 0.39 0.49 0.69 0.85 1.02 1.20 1.40
-3.33 -3.20 -3.05 -2.92 -2.70 -2.69 -2.53 -2.39 -2.41 -2.25 -2.22 -2.14 -1.90 -1.71 -1.69 -1.39 -1.42 -1.32 -1.09 -0.94 -0.87 -0.77 -0.59 -0.59 -0.57 -0.48 -0.31 -0.27 -0.18 -0.09 -0.01 0.11 -0.11 -0.28 -0.32 -0.34 -0.29 -0.28 -0.10 0.14 0.32 0.35 0.41 0.45 0.44 0.43 0.30 0.20 0.21 0.20 0.17 0.15 0.08 -0.01 -0.20 -0.81 -1.27 -1.35 -1.39 -1.57 -1.48 -1.16 -0.80 -0.47 -0.22 0.02 0.36 0.52 0.67 0.81 0.84 1.05 1.35
-3.15 -3.05 -2.92 -2.74 -2.70 -2.53 -2.39 -2.45 -2.25 -2.21 -2.16 -1.88 -1.79 -1.64 -1.55 -1.29 -1.30 -1.22 -1.02 -0.91 -0.79 -0.60 -0.59 -0.46 -0.43 -0.37 -0.23 -0.09 -0.01 0.13 0.17 0.19 -0.11 -0.25 -0.23 -0.25 -0.23 -0.26 -0.24 0.01 0.23 0.40 0.48 0.53 0.56 0.54 0.44 0.27 0.30 0.35 0.34 0.28 0.25 0.07 0.01 -0.21 -0.92 -1.22 -1.37 -1.56 -1.57 -1.42 -0.98 -0.67 -0.41 -0.15 0.12 0.27 0.57 0.53 0.65 0.83 1.03
-3.07 -2.94 -2.78 -2.69 -2.55 -2.41 -2.37 -2.09 -1.95 -2.14 -1.81 -1.80 -1.58 -1.50 -1.42 -1.24 -1.21 -1.04 -0.81 -0.77 -0.57 -0.43 -0.35 -0.37 -0.37 -0.28 -0.07 0.00 0.12 0.19 0.26 0.21 -0.24 -0.60 -0.42 -0.24 -0.16 -0.10 -0.23 -0.05 0.15 0.33 0.50 0.61 0.66 0.62 0.56 0.45 0.46 0.41 0.39 0.35 0.37 0.26 0.18 0.09 -0.24 -1.01 -1.40 -1.46 -1.42 -1.38 -1.13 -0.82 -0.54 -0.31 -0.17 -0.01 0.13 0.24 0.38 0.51 0.65
-2.95 -2.82 -2.68 -2.56 -2.43 -2.28 -2.28 -2.09 -2.04 -1.85 -1.90 -1.63 -1.45 -1.37 -1.21 -1.15 -1.04 -0.87 -0.71 -0.55 -0.43 -0.29 -0.23 -0.15 -0.11 -0.04 0.04 0.13 0.22 0.31 0.29 0.13 -0.39 -0.64 -0.53 -0.29 -0.19 -0.02 0.03 0.04 0.16 0.33 0.50 0.68 0.76 0.75 0.74 0.67 0.58 0.52 0.49 0.45 0.41 0.39 0.41 0.26 0.21 -0.28 -1.08 -1.31 -1.27 -1.27 -1.30 -0.92 -0.61 -0.33 -0.23 -0.14 -0.03 0.13 0.22 0.25 0.22
-2.78 -2.67 -2.57 -2.43 -2.32 -2.33 -1.96 -1.89 -1.99 -1.72 -1.52 -1.47 -1.28 -1.15 -0.99 -0.85 -0.88 -0.72 -0.59 -0.45 -0.36 -0.17 -0.12 -0.03 0.01 0.08 0.14 0.19 0.26 0.44 0.49 0.31 -0.30 -0.44 -0.57 -0.42 -0.21 0.05 0.14 0.06 0.17 0.27 0.43 0.62 0.76 0.75 0.75 0.72 0.69 0.62 0.69 0.54 0.57 0.47 0.48 0.55 0.48 0.29 -0.66 -1.19 -1.21 -1.24 -1.35 -1.08 -0.85 -0.41 -0.26 -0.11 -0.04 0.11 0.15 0.19 0.23
-2.70 -2.59 -2.40 -2.38 -2.31 -2.02 -1.96 -1.87 -1.66 -1.68 -1.48 -1.35 -1.18 -1.12 -0.94 -0.85 -0.70 -0.60 -0.48 -0.38 -0.22 -0.14 -0.02 0.14 0.18 0.22 0.28 0.34 0.44 0.54 0.59 0.55 -0.36 -0.61 -0.53 -0.34 -0.18 -0.16 0.10 0.17 0.25 0.27 0.40 0.59 0.77 0.77 0.75 0.72 0.69 0.69 0.68 0.69 0.70 0.64 0.52 0.67 0.59 0.49 0.23 -0.84 -1.17 -1.31 -1.47 -1.25 -0.91 -0.53 -0.26 -0.17 0.00 0.06 0.10 0.15 0.18
-2.69 -2.36 -2.44 -2.28 -2.22 -1.88 -1.87 -1.80 -1.69 -1.48 -1.36 -1.22 -1.04 -1.00 -0.90 -0.69 -0.61 -0.42 -0.30 -0.27 -0.17 -0.03 0.10 0.21 0.34 0.32 0.45 0.52 0.56 0.64 0.64 0.55 -0.13 -0.68 -0.53 -0.32 -0.14 -0.10 -0.05 0.17 0.27 0.38 0.45 0.60 0.81 0.77 0.75 0.79 0.83 0.83 0.82 0.74 0.84 0.81 0.77 0.74 0.69 0.63 0.56 0.02 -1.00 -1.26 -1.27 -1.08 -1.00 -0.76 -0.41 -0.24 -0.06 0.01 0.05 0.09 0.18
-2.48 -2.49 -2.27 -2.28 -1.91 -1.89 -1.79 -1.76 -1.46 -1.38 -1.24 -1.19 -0.91 -0.93 -0.76 -0.57 -0.46 -0.30 -0.27 -0.19 -0.03 0.09 0.20 0.32 0.43 0.46 0.51 0.56 0.60 0.72 0.78 0.67 0.35 -0.47 -0.40 -0.30 -0.12 -0.01 -0.08 0.01 0.29 0.40 0.51 0.60 0.74 0.89 0.93 0.96 1.00 0.94 0.94 0.93 0.93 0.88 0.89 0.85 0.85 0.78 0.66 0.58 -0.34 -1.04 -1.15 -1.07 -1.05 -1.02 -0.73 -0.27 -0.23 -0.03 0.01 0.07 0.21
-2.52 -2.33 -2.33 -1.99 -1.95 -1.77 -1.70 -1.56 -1.35 -1.29 -1.14 -0.92 -0.95 -0.73 -0.60 -0.54 -0.37 -0.26 -0.13 0.01 0.10 0.26 0.32 0.44 0.58 0.57 0.61 0.70 0.73 0.81 0.78 0.75 0.41 -0.48 -0.30 -0.27 -0.18 0.05 0.08 0.06 0.10 0.35 0.48 0.61 0.72 0.90 0.97 1.17 1.11 1.03 1.00 0.99 1.03 1.05 1.02 1.03 0.96 0.89 0.80 0.76 0.59 -0.31 -1.12 -1.18 -1.15 -1.18 -0.91 -0.57 -0.36 -0.12 -0.01 0.12 0.23
