data/Elwha/Digital Elevation Models (DEMs)/ew11_may_dem_5m.asc
ncols	564
nrows	293
xllcorner	296080.00
yllcorner	130715.00
cellsize	5.00
NODATA_value	-9999.00
[rows 96 to 127 of 293, columns 219 to 291 of 564]
-7.00 -7.02 -6.95 -6.91 -6.87 -6.86 -6.82 -6.77 -6.70 -6.68 -6.64 -6.62 -6.58 -6.61 -6.63 -6.54 -6.44 -6.38 -6.24 -6.18 -6.21 -6.17 -6.09 -6.03 -5.91 -5.88 -5.84 -5.72 -5.62 -5.49 -5.36 -5.26 -5.03 -5.14 -5.28 -5.42 -5.56 -5.70 -5.82 -5.81 -5.80 -5.79 -5.79 -5.78 -5.77 -5.77 -5.76 -5.75 -5.73 -5.69 -5.66 -5.62 -5.55 -5.46 -5.43 -5.42 -5.32 -5.25 -5.20 -5.12 -4.97 -4.97 -4.97 -4.98 -4.98 -4.99 -4.99 -4.99 -5.01 -5.01 -5.01 -5.00 -5.03
-6.92 -6.88 -6.89 -6.88 -6.82 -6.78 -6.74 -6.70 -6.64 -6.63 -6.60 -6.57 -6.55 -6.56 -6.57 -6.53 -6.38 -6.37 -6.34 -6.26 -6.16 -6.05 -6.04 -5.98 -5.91 -5.85 -5.80 -5.71 -5.60 -5.49 -5.38 -5.26 -5.14 -5.25 -5.37 -5.49 -5.63 -5.75 -5.80 -5.79 -5.79 -5.74 -5.64 -5.79 -5.76 -5.73 -5.68 -5.71 -5.67 -5.62 -5.55 -5.47 -5.41 -5.41 -5.25 -5.19 -5.09 -4.98 -4.86 -4.74 -4.76 -4.76 -4.79 -4.82 -4.83 -4.83 -4.84 -4.85 -4.86 -4.87 -4.89 -4.89 -4.92
-6.83 -6.90 -6.87 -6.84 -6.77 -6.74 -6.69 -6.63 -6.61 -6.58 -6.55 -6.52 -6.50 -6.50 -6.51 -6.51 -6.47 -6.39 -6.30 -6.21 -6.12 -6.04 -5.98 -5.93 -5.90 -5.86 -5.83 -5.76 -5.68 -5.58 -5.44 -5.35 -5.30 -5.38 -5.49 -5.53 -5.58 -5.62 -5.67 -5.66 -5.67 -5.67 -5.65 -5.64 -5.62 -5.62 -5.61 -5.57 -5.50 -5.43 -5.39 -5.31 -5.23 -5.14 -5.03 -5.00 -4.97 -4.92 -4.86 -4.82 -4.79 -4.78 -4.76 -4.72 -4.69 -4.72 -4.74 -4.77 -4.79 -4.81 -4.84 -4.85 -4.87
-6.84 -6.80 -6.77 -6.77 -6.70 -6.64 -6.62 -6.59 -6.56 -6.53 -6.49 -6.45 -6.40 -6.44 -6.49 -6.52 -6.44 -6.37 -6.25 -6.17 -6.12 -6.05 -6.01 -5.97 -5.92 -5.90 -5.92 -5.89 -5.73 -5.67 -5.62 -5.51 -5.40 -5.34 -5.38 -5.44 -5.53 -5.51 -5.46 -5.40 -5.43 -5.51 -5.55 -5.58 -5.56 -5.54 -5.52 -5.50 -5.45 -5.36 -5.27 -5.21 -5.14 -5.05 -5.00 -4.96 -4.97 -4.90 -4.81 -4.74 -4.71 -4.69 -4.68 -4.76 -4.71 -4.61 -4.64 -4.71 -4.78 -4.79 -4.80 -4.83 -4.83
-6.74 -6.72 -6.69 -6.64 -6.61 -6.60 -6.56 -6.50 -6.44 -6.40 -6.37 -6.34 -6.32 -6.38 -6.42 -6.45 -6.41 -6.34 -6.26 -6.20 -6.14 -6.06 -5.98 -5.97 -5.99 -5.94 -5.91 -5.92 -5.84 -5.71 -5.54 -5.50 -5.44 -5.41 -5.42 -5.42 -5.42 -5.35 -5.31 -5.34 -5.32 -5.32 -5.36 -5.42 -5.42 -5.42 -5.42 -5.41 -5.40 -5.34 -5.29 -5.23 -5.20 -5.16 -5.13 -5.08 -5.05 -4.99 -4.91 -4.81 -4.77 -4.71 -4.72 -4.70 -4.65 -4.63 -4.67 -4.72 -4.77 -4.81 -4.86 -4.88 -4.81
-6.62 -6.61 -6.61 -6.60 -6.53 -6.52 -6.50 -6.49 -6.49 -6.46 -6.45 -6.42 -6.41 -6.41 -6.40 -6.42 -6.46 -6.34 -6.20 -6.12 -6.06 -6.05 -6.03 -5.98 -5.98 -5.96 -5.89 -5.91 -5.82 -5.75 -5.70 -5.65 -5.58 -5.52 -5.47 -5.42 -5.32 -5.22 -5.14 -5.07 -5.09 -5.19 -5.25 -5.26 -5.29 -5.32 -5.35 -5.37 -5.34 -5.31 -5.27 -5.24 -5.22 -5.20 -5.21 -5.15 -5.01 -4.96 -4.90 -4.88 -4.84 -4.69 -4.66 -4.63 -4.60 -4.57 -4.59 -4.64 -4.71 -4.79 -4.87 -4.93 -4.84
-6.62 -6.59 -6.59 -6.56 -6.51 -6.48 -6.50 -6.47 -6.43 -6.40 -6.36 -6.32 -6.29 -6.29 -6.29 -6.29 -6.29 -6.22 -6.13 -6.11 -6.05 -6.01 -5.99 -5.95 -5.97 -5.91 -5.89 -5.95 -5.91 -5.81 -5.74 -5.68 -5.60 -5.56 -5.47 -5.38 -5.29 -5.19 -5.08 -4.98 -5.05 -5.15 -5.26 -5.34 -5.32 -5.29 -5.28 -5.27 -5.28 -5.27 -5.19 -5.15 -5.19 -5.17 -5.15 -5.06 -5.02 -4.98 -4.93 -4.92 -4.84 -4.80 -4.68 -4.57 -4.47 -4.38 -4.39 -4.48 -4.59 -4.69 -4.77 -4.82 -4.76
-6.62 -6.60 -6.56 -6.53 -6.50 -6.51 -6.46 -6.41 -6.37 -6.33 -6.28 -6.24 -6.21 -6.19 -6.18 -6.18 -6.17 -6.15 -6.03 -6.02 -6.00 -5.98 -5.95 -5.94 -5.92 -5.91 -5.88 -5.86 -5.88 -5.85 -5.77 -5.73 -5.68 -5.62 -5.52 -5.41 -5.29 -5.18 -5.04 -4.94 -4.99 -5.01 -5.04 -5.06 -5.10 -5.11 -5.13 -5.15 -5.15 -5.13 -5.10 -5.08 -5.06 -5.04 -5.02 -5.00 -4.98 -4.96 -4.94 -4.91 -4.87 -4.83 -4.77 -4.62 -4.51 -4.44 -4.44 -4.48 -4.51 -4.59 -4.66 -4.72 -4.67
-6.64 -6.61 -6.59 -6.56 -6.50 -6.45 -6.42 -6.38 -6.34 -6.30 -6.25 -6.20 -6.18 -6.19 -6.14 -6.09 -6.03 -5.96 -5.93 -5.91 -5.89 -5.88 -5.86 -5.83 -5.81 -5.78 -5.78 -5.78 -5.75 -5.79 -5.77 -5.74 -5.73 -5.71 -5.62 -5.48 -5.34 -5.18 -5.07 -4.99 -5.00 -5.02 -5.09 -5.08 -5.09 -5.09 -5.07 -5.05 -4.98 -5.01 -5.00 -4.94 -4.93 -4.91 -4.88 -4.87 -4.87 -4.89 -4.90 -4.84 -4.84 -4.85 -4.75 -4.65 -4.58 -4.51 -4.54 -4.60 -4.65 -4.68 -4.69 -4.67 -4.63
-6.63 -6.58 -6.56 -6.52 -6.47 -6.43 -6.38 -6.33 -6.31 -6.27 -6.24 -6.21 -6.17 -6.12 -6.06 -5.98 -5.91 -5.87 -5.83 -5.80 -5.77 -5.77 -5.74 -5.69 -5.68 -5.69 -5.69 -5.69 -5.72 -5.76 -5.77 -5.77 -5.72 -5.67 -5.57 -5.42 -5.30 -5.18 -5.11 -5.02 -5.04 -5.03 -5.02 -5.02 -4.97 -4.98 -4.92 -4.89 -4.86 -4.89 -4.89 -4.84 -4.87 -4.79 -4.83 -4.81 -4.80 -4.83 -4.85 -4.89 -4.90 -4.87 -4.77 -4.67 -4.58 -4.50 -4.50 -4.52 -4.56 -4.61 -4.63 -4.62 -4.54
-6.59 -6.54 -6.53 -6.47 -6.42 -6.36 -6.32 -6.26 -6.27 -6.23 -6.18 -6.14 -6.09 -6.02 -5.94 -5.89 -5.82 -5.70 -5.81 -5.76 -5.73 -5.63 -5.55 -5.46 -5.49 -5.52 -5.56 -5.60 -5.71 -5.76 -5.70 -5.70 -5.64 -5.56 -5.51 -5.43 -5.36 -5.28 -5.23 -5.13 -5.06 -4.97 -4.89 -4.80 -4.87 -4.91 -4.88 -4.84 -4.89 -4.86 -4.84 -4.79 -4.78 -4.73 -4.78 -4.77 -4.78 -4.78 -4.80 -4.82 -4.77 -4.80 -4.71 -4.63 -4.54 -4.46 -4.44 -4.48 -4.52 -4.56 -4.57 -4.59 -4.47
-6.55 -6.49 -6.45 -6.37 -6.37 -6.32 -6.28 -6.25 -6.21 -6.16 -6.09 -6.04 -5.98 -5.90 -5.84 -5.81 -5.73 -5.75 -5.64 -5.67 -5.55 -5.40 -5.23 -5.28 -5.33 -5.37 -5.49 -5.55 -5.68 -5.71 -5.69 -5.63 -5.60 -5.59 -5.57 -5.51 -5.42 -5.38 -5.28 -5.21 -5.08 -4.99 -4.90 -4.86 -4.83 -4.86 -4.89 -4.88 -4.78 -4.68 -4.67 -4.67 -4.69 -4.69 -4.69 -4.70 -4.69 -4.71 -4.74 -4.76 -4.78 -4.74 -4.66 -4.58 -4.53 -4.49 -4.41 -4.41 -4.44 -4.45 -4.46 -4.47 -4.33
-6.45 -6.41 -6.36 -6.32 -6.30 -6.27 -6.19 -6.15 -6.11 -6.05 -5.98 -5.93 -5.89 -5.86 -5.81 -5.77 -5.68 -5.63 -5.51 -5.49 -5.34 -5.19 -5.15 -5.18 -5.28 -5.39 -5.46 -5.52 -5.58 -5.65 -5.62 -5.58 -5.57 -5.56 -5.56 -5.54 -5.42 -5.27 -5.20 -5.19 -5.13 -5.07 -5.03 -4.93 -4.89 -4.84 -4.72 -4.66 -4.59 -4.55 -4.55 -4.57 -4.55 -4.54 -4.55 -4.55 -4.54 -4.55 -4.60 -4.64 -4.67 -4.74 -4.65 -4.57 -4.51 -4.38 -4.33 -4.34 -4.35 -4.36 -4.36 -4.39 -4.23
-6.30 -6.29 -6.26 -6.22 -6.20 -6.19 -6.13 -6.03 -6.01 -5.98 -5.95 -5.89 -5.82 -5.75 -5.68 -5.58 -5.59 -5.55 -5.48 -5.40 -5.31 -5.33 -5.32 -5.28 -5.29 -5.34 -5.41 -5.46 -5.54 -5.56 -5.58 -5.56 -5.52 -5.47 -5.42 -5.35 -5.28 -5.23 -5.25 -5.18 -5.04 -5.07 -4.97 -4.89 -4.88 -4.81 -4.74 -4.68 -4.65 -4.62 -4.59 -4.57 -4.54 -4.51 -4.51 -4.50 -4.54 -4.51 -4.44 -4.45 -4.52 -4.65 -4.60 -4.51 -4.41 -4.31 -4.25 -4.24 -4.23 -4.24 -4.23 -4.21 -4.06
-6.21 -6.23 -6.23 -6.18 -6.11 -6.07 -6.10 -6.00 -5.91 -5.89 -5.80 -5.72 -5.66 -5.57 -5.50 -5.44 -5.43 -5.41 -5.42 -5.38 -5.38 -5.34 -5.31 -5.28 -5.24 -5.26 -5.25 -5.28 -5.35 -5.42 -5.44 -5.40 -5.36 -5.35 -5.34 -5.29 -5.23 -5.16 -5.16 -5.11 -5.09 -5.05 -4.99 -4.88 -4.77 -4.77 -4.76 -4.67 -4.70 -4.64 -4.56 -4.54 -4.53 -4.51 -4.43 -4.40 -4.44 -4.47 -4.51 -4.55 -4.60 -4.60 -4.51 -4.42 -4.34 -4.30 -4.23 -4.19 -4.15 -4.10 -4.05 -4.02 -3.90
-6.17 -6.17 -6.10 -6.06 -5.98 -5.99 -5.93 -5.84 -5.81 -5.77 -5.69 -5.61 -5.49 -5.35 -5.30 -5.32 -5.36 -5.40 -5.43 -5.41 -5.36 -5.25 -5.19 -5.11 -4.97 -4.89 -4.96 -5.09 -5.19 -5.26 -5.29 -5.28 -5.27 -5.23 -5.16 -5.15 -5.12 -5.09 -5.07 -5.08 -4.94 -4.97 -4.83 -4.80 -4.74 -4.79 -4.76 -4.63 -4.55 -4.51 -4.47 -4.44 -4.42 -4.41 -4.38 -4.37 -4.38 -4.38 -4.38 -4.38 -4.36 -4.39 -4.36 -4.32 -4.30 -4.27 -4.22 -4.15 -4.08 -4.03 -3.97 -3.91 -3.80
-6.00 -5.99 -5.97 -5.94 -5.88 -5.85 -5.81 -5.80 -5.79 -5.70 -5.42 -5.40 -5.39 -5.33 -5.30 -5.28 -5.26 -5.31 -5.32 -5.33 -5.21 -5.14 -4.98 -4.88 -4.78 -4.74 -4.85 -4.95 -5.00 -5.18 -5.25 -5.21 -5.16 -5.13 -5.09 -5.06 -5.03 -4.98 -4.97 -4.89 -4.82 -4.76 -4.77 -4.72 -4.76 -4.72 -4.65 -4.68 -4.61 -4.56 -4.52 -4.48 -4.43 -4.39 -4.35 -4.33 -4.33 -4.34 -4.33 -4.30 -4.26 -4.22 -4.20 -4.19 -4.13 -4.17 -4.11 -4.05 -3.95 -3.82 -3.72 -3.67 -3.62
-5.88 -5.87 -5.86 -5.82 -5.78 -5.76 -5.80 -5.57 -5.67 -5.57 -5.50 -5.42 -5.32 -5.23 -5.11 -5.13 -5.17 -5.19 -5.22 -5.17 -5.03 -4.97 -4.89 -4.76 -4.64 -4.49 -4.62 -4.76 -4.88 -4.99 -5.16 -5.14 -5.09 -5.04 -5.01 -4.98 -4.95 -4.88 -4.82 -4.75 -4.69 -4.62 -4.59 -4.59 -4.56 -4.49 -4.44 -4.40 -4.46 -4.45 -4.42 -4.39 -4.34 -4.30 -4.20 -4.17 -4.09 -4.05 -4.03 -4.05 -4.08 -4.04 -3.89 -3.94 -3.98 -3.90 -3.89 -3.80 -3.72 -3.63 -3.54 -3.46 -3.42
-5.75 -5.73 -5.75 -5.72 -5.67 -5.60 -5.61 -5.62 -5.56 -5.52 -5.43 -5.35 -5.23 -5.12 -5.00 -4.95 -4.95 -5.04 -5.18 -5.17 -5.06 -4.95 -4.84 -4.64 -4.47 -4.31 -4.35 -4.55 -4.69 -4.87 -5.12 -5.06 -5.03 -5.00 -4.96 -4.94 -4.89 -4.78 -4.66 -4.55 -4.43 -4.32 -4.31 -4.35 -4.38 -4.39 -4.38 -4.35 -4.35 -4.38 -4.29 -4.19 -4.13 -4.11 -4.05 -4.02 -3.97 -3.92 -3.88 -3.84 -3.82 -3.79 -3.61 -3.65 -3.68 -3.71 -3.71 -3.62 -3.52 -3.43 -3.34 -3.26 -3.22
-5.62 -5.62 -5.58 -5.51 -5.51 -5.49 -5.52 -5.48 -5.57 -5.48 -5.36 -5.18 -5.06 -4.97 -4.87 -4.88 -4.99 -5.05 -5.13 -5.11 -4.96 -4.77 -4.60 -4.51 -4.33 -4.16 -4.19 -4.40 -4.59 -4.64 -4.87 -4.95 -4.86 -4.88 -4.85 -4.78 -4.72 -4.62 -4.52 -4.43 -4.34 -4.22 -4.21 -4.23 -4.25 -4.26 -4.29 -4.32 -4.31 -4.31 -4.26 -4.22 -4.14 -4.06 -3.99 -3.90 -3.79 -3.67 -3.59 -3.53 -3.47 -3.41 -3.37 -3.38 -3.40 -3.39 -3.40 -3.35 -3.30 -3.25 -3.20 -3.14 -3.10
-5.54 -5.47 -5.44 -5.37 -5.35 -5.37 -5.40 -5.43 -5.44 -5.35 -5.26 -5.17 -5.08 -5.00 -4.95 -4.84 -4.83 -4.84 -4.84 -4.82 -4.84 -4.71 -4.58 -4.37 -4.26 -4.16 -3.98 -4.02 -4.21 -4.44 -4.65 -4.79 -4.71 -4.73 -4.66 -4.59 -4.51 -4.41 -4.33 -4.23 -4.14 -4.01 -4.00 -4.03 -4.06 -4.10 -4.14 -4.17 -4.21 -4.23 -4.15 -4.08 -4.00 -3.93 -3.86 -3.78 -3.72 -3.65 -3.58 -3.51 -3.45 -3.38 -3.26 -3.27 -3.27 -3.28 -3.26 -3.16 -3.08 -3.00 -2.91 -2.83 -2.79
-5.35 -5.31 -5.31 -5.22 -5.20 -5.22 -5.25 -5.27 -5.33 -5.27 -5.18 -5.08 -4.93 -4.78 -4.68 -4.60 -4.64 -4.68 -4.73 -4.77 -4.66 -4.57 -4.45 -4.29 -4.05 -3.85 -3.71 -3.88 -4.14 -4.35 -4.57 -4.67 -4.59 -4.52 -4.48 -4.41 -4.34 -4.22 -4.10 -3.97 -3.85 -3.72 -3.75 -3.84 -3.88 -3.86 -3.96 -3.94 -3.92 -3.94 -3.89 -3.83 -3.78 -3.73 -3.67 -3.55 -3.50 -3.45 -3.41 -3.36 -3.35 -3.43 -3.21 -3.16 -3.10 -3.02 -2.97 -2.92 -2.86 -2.80 -2.75 -2.71 -2.65
-5.26 -5.19 -5.07 -4.95 -4.83 -4.87 -5.05 -5.13 -5.16 -5.02 -4.86 -4.80 -4.72 -4.65 -4.62 -4.59 -4.56 -4.57 -4.60 -4.62 -4.59 -4.45 -4.32 -4.22 -4.11 -3.99 -3.89 -3.90 -4.12 -4.24 -4.34 -4.52 -4.50 -4.37 -4.27 -4.18 -4.07 -3.95 -3.83 -3.72 -3.62 -3.50 -3.49 -3.53 -3.61 -3.70 -3.84 -3.78 -3.79 -3.74 -3.67 -3.43 -3.43 -3.35 -3.23 -3.20 -3.17 -3.15 -3.15 -3.13 -3.08 -3.04 -3.10 -2.97 -2.84 -2.80 -2.77 -2.70 -2.63 -2.58 -2.52 -2.46 -2.38
-5.05 -4.95 -4.80 -4.78 -4.79 -4.85 -4.83 -4.79 -4.87 -4.83 -4.76 -4.69 -4.66 -4.58 -4.51 -4.46 -4.46 -4.46 -4.47 -4.52 -4.56 -4.48 -4.32 -4.17 -4.02 -3.96 -3.91 -3.88 -4.02 -4.14 -4.25 -4.26 -4.24 -4.23 -4.19 -4.11 -3.98 -3.82 -3.68 -3.49 -3.27 -3.19 -3.20 -3.25 -3.32 -3.40 -3.45 -3.45 -3.45 -3.54 -3.48 -3.43 -3.34 -3.18 -3.03 -2.84 -2.81 -2.84 -2.82 -2.69 -2.53 -2.46 -2.41 -2.39 -2.40 -2.44 -2.45 -2.43 -2.42 -2.39 -2.35 -2.27 -2.18
-4.99 -4.93 -4.84 -4.70 -4.59 -4.61 -4.68 -4.75 -4.76 -4.72 -4.64 -4.52 -4.35 -4.30 -4.31 -4.28 -4.27 -4.29 -4.31 -4.32 -4.32 -4.22 -4.14 -4.05 -4.03 -4.00 -3.97 -3.93 -3.93 -3.96 -4.05 -4.09 -4.02 -3.99 -3.98 -3.97 -3.82 -3.69 -3.55 -3.42 -3.28 -3.14 -3.04 -3.08 -3.13 -3.17 -3.23 -3.31 -3.46 -3.46 -3.19 -3.16 -3.03 -2.78 -2.62 -2.46 -2.47 -2.36 -2.33 -2.38 -2.39 -2.33 -2.25 -2.27 -2.22 -2.15 -2.06 -2.16 -2.21 -2.21 -2.25 -2.18 -2.10
-4.82 -4.72 -4.67 -4.63 -4.60 -4.68 -4.64 -4.68 -4.61 -4.35 -4.21 -4.11 -4.10 -4.07 -4.10 -4.11 -4.16 -4.16 -4.15 -4.12 -4.09 -4.08 -4.06 -4.02 -3.93 -3.90 -3.85 -3.78 -3.75 -3.76 -3.80 -3.85 -3.98 -4.03 -3.86 -3.76 -3.64 -3.50 -3.35 -3.20 -3.08 -2.89 -3.00 -2.90 -2.99 -3.06 -3.01 -3.05 -3.09 -3.16 -3.08 -2.91 -2.75 -2.59 -2.43 -2.33 -2.47 -2.33 -2.27 -2.28 -2.20 -2.13 -2.22 -2.13 -2.03 -1.94 -1.86 -1.97 -1.94 -1.94 -2.05 -2.03 -1.87
-4.82 -4.71 -4.59 -4.62 -4.57 -4.60 -4.62 -4.50 -4.38 -4.12 -3.89 -3.89 -3.97 -3.94 -3.96 -3.99 -3.96 -3.89 -3.89 -3.91 -3.93 -3.93 -3.86 -3.79 -3.72 -3.65 -3.59 -3.57 -3.55 -3.64 -3.69 -3.70 -3.69 -3.63 -3.54 -3.46 -3.36 -3.23 -3.08 -2.97 -2.86 -2.68 -2.95 -2.85 -2.78 -2.71 -2.63 -2.71 -2.79 -2.86 -2.88 -2.72 -2.55 -2.43 -2.43 -2.37 -2.25 -2.23 -2.31 -2.27 -2.21 -2.21 -2.04 -1.94 -1.84 -1.74 -1.65 -1.61 -1.56 -1.60 -1.66 -1.65 -1.59
-4.68 -4.51 -4.52 -4.57 -4.61 -4.60 -4.59 -4.42 -4.18 -4.04 -3.86 -3.73 -3.73 -3.71 -3.81 -3.72 -3.56 -3.53 -3.57 -3.61 -3.62 -3.66 -3.57 -3.50 -3.44 -3.42 -3.38 -3.33 -3.28 -3.30 -3.30 -3.30 -3.32 -3.25 -3.33 -3.25 -3.09 -2.96 -2.70 -2.54 -2.69 -2.83 -3.10 -2.87 -2.76 -2.64 -2.51 -2.42 -2.54 -2.52 -2.64 -2.52 -2.51 -2.40 -2.36 -2.19 -2.09 -2.08 -2.08 -2.03 -1.98 -1.98 -1.90 -1.78 -1.64 -1.57 -1.64 -1.39 -1.45 -1.43 -1.42 -1.32 -1.36
-4.47 -4.49 -4.61 -4.59 -4.51 -4.51 -4.43 -4.25 -4.07 -3.88 -3.76 -3.52 -3.71 -3.61 -3.43 -3.45 -3.41 -3.36 -3.33 -3.34 -3.40 -3.39 -3.29 -3.27 -3.28 -3.22 -3.15 -3.10 -3.04 -3.04 -3.08 -3.20 -3.27 -3.22 -3.01 -2.78 -2.66 -2.37 -2.41 -2.51 -2.60 -2.68 -2.82 -2.72 -2.68 -2.62 -2.53 -2.47 -2.44 -2.43 -2.40 -2.43 -2.33 -2.25 -2.21 -2.09 -2.01 -1.95 -1.92 -1.81 -1.76 -1.67 -1.71 -1.66 -1.60 -1.59 -1.45 -1.45 -1.38 -1.36 -1.31 -1.26 -1.20
-4.52 -4.58 -4.44 -4.40 -4.38 -4.30 -4.21 -4.08 -3.92 -3.72 -3.64 -3.64 -3.35 -3.38 -3.41 -3.31 -3.21 -3.09 -3.06 -3.13 -3.12 -3.15 -3.20 -3.09 -3.09 -3.04 -2.98 -2.96 -2.93 -2.89 -2.86 -2.74 -2.68 -2.71 -2.74 -2.61 -2.43 -2.28 -2.17 -2.26 -2.38 -2.52 -2.55 -2.59 -2.53 -2.49 -2.37 -2.37 -2.36 -2.34 -2.29 -2.25 -2.16 -2.09 -1.92 -1.89 -1.86 -1.80 -1.76 -1.71 -1.68 -1.62 -1.64 -1.53 -1.43 -1.32 -1.21 -1.26 -1.24 -1.18 -1.11 -1.09 -1.03
-4.42 -4.36 -4.41 -4.28 -4.17 -4.02 -3.94 -3.90 -3.73 -3.68 -3.55 -3.38 -3.41 -3.28 -3.20 -3.05 -2.96 -2.90 -2.85 -2.86 -2.93 -2.91 -2.95 -2.95 -3.02 -2.82 -2.82 -2.72 -2.62 -2.54 -2.53 -2.55 -2.67 -2.70 -2.63 -2.51 -2.36 -2.17 -2.04 -2.07 -2.16 -2.27 -2.30 -2.32 -2.20 -2.27 -2.33 -2.30 -2.28 -2.23 -2.17 -2.11 -2.04 -1.97 -1.89 -1.79 -1.71 -1.64 -1.59 -1.54 -1.49 -1.45 -1.36 -1.32 -1.29 -1.24 -1.19 -1.11 -1.04 -0.99 -0.95 -0.91 -0.87
-4.16 -4.22 -4.11 -3.89 -3.80 -3.80 -3.69 -3.66 -3.62 -3.49 -3.39 -3.18 -3.12 -3.00 -2.86 -2.83 -2.85 -2.76 -2.69 -2.70 -2.75 -2.83 -2.75 -2.81 -2.70 -2.72 -2.58 -2.47 -2.44 -2.42 -2.45 -2.47 -2.49 -2.52 -2.61 -2.41 -2.29 -2.18 -2.05 -1.91 -2.02 -2.02 -2.06 -2.10 -2.13 -2.21 -2.34 -2.22 -2.17 -2.08 -1.93 -1.83 -1.68 -1.69 -1.68 -1.64 -1.60 -1.54 -1.41 -1.40 -1.39 -1.33 -1.17 -1.10 -1.04 -0.97 -0.88 -0.85 -0.77 -0.75 -0.78 -0.75 -0.72
