data/Elwha/Digital Elevation Models (DEMs)/ew11_may_dem_5m.asc
ncols	564
nrows	293
xllcorner	296080.00
yllcorner	130715.00
cellsize	5.00
NODATA_value	-9999.00
[rows 64 to 95 of 293, columns 365 to 437 of 564]
-8.64 -8.66 -8.62 -8.57 -8.57 -8.56 -8.52 -8.53 -8.43 -8.49 -8.47 -8.45 -8.39 -8.41 -8.38 -8.40 -8.49 -8.52 -8.51 -8.59 -8.62 -8.62 -8.67 -8.69 -8.76 -8.76 -8.74 -8.83 -8.91 -8.96 -8.97 -8.98 -9.00 -9.01 -9.03 -9.02 -9.03 -9.01 -8.97 -9.01 -8.98 -9.00 -9.06 -9.05 -9.07 -9.10 -9.04 -9.01 -9.06 -9.09 -9.12 -9.14 -9.13 -9.13 -9.14 -9.08 -9.08 -9.09 -9.09 -9.06 -9.04 -8.99 -8.98 -8.97 -8.95 -8.93 -8.82 -8.92 -8.85 -8.87 -8.85 -8.82 -8.80
-8.52 -8.54 -8.50 -8.46 -8.50 -8.51 -8.46 -8.38 -8.38 -8.39 -8.44 -8.36 -8.39 -8.42 -8.33 -8.40 -8.46 -8.44 -8.51 -8.56 -8.56 -8.63 -8.64 -8.68 -8.68 -8.72 -8.77 -8.78 -8.84 -8.89 -8.94 -8.94 -8.95 -8.97 -8.98 -9.00 -9.00 -8.97 -8.99 -8.97 -8.96 -8.94 -8.96 -9.02 -9.01 -9.03 -9.03 -9.05 -8.95 -9.05 -8.97 -9.03 -9.07 -9.09 -9.08 -9.08 -9.06 -9.03 -9.06 -9.04 -9.05 -9.00 -8.98 -8.94 -8.91 -8.90 -8.86 -8.86 -8.80 -8.83 -8.78 -8.80 -8.76
-8.46 -8.40 -8.41 -8.41 -8.41 -8.39 -8.37 -8.33 -8.37 -8.38 -8.34 -8.37 -8.35 -8.36 -8.34 -8.42 -8.41 -8.44 -8.52 -8.49 -8.52 -8.62 -8.60 -8.67 -8.67 -8.71 -8.73 -8.73 -8.78 -8.81 -8.86 -8.87 -8.91 -8.92 -8.94 -8.96 -8.97 -8.98 -8.94 -8.94 -8.95 -8.95 -8.94 -8.92 -8.96 -8.98 -8.99 -8.98 -8.98 -8.93 -8.93 -9.01 -8.99 -9.04 -9.04 -9.02 -9.01 -9.02 -8.97 -9.00 -8.99 -8.98 -8.99 -8.97 -8.92 -8.89 -8.83 -8.84 -8.81 -8.79 -8.77 -8.68 -8.71
-8.34 -8.37 -8.33 -8.33 -8.31 -8.30 -8.28 -8.27 -8.29 -8.29 -8.32 -8.34 -8.30 -8.37 -8.33 -8.38 -8.39 -8.43 -8.48 -8.46 -8.55 -8.57 -8.58 -8.65 -8.65 -8.65 -8.71 -8.68 -8.73 -8.76 -8.78 -8.77 -8.80 -8.87 -8.89 -8.91 -8.94 -8.93 -8.94 -8.94 -8.94 -8.91 -8.92 -8.93 -8.94 -8.94 -8.93 -8.92 -8.92 -8.93 -8.94 -8.84 -8.97 -8.89 -8.95 -8.95 -8.98 -8.97 -8.98 -8.97 -8.90 -8.94 -8.95 -8.93 -8.93 -8.91 -8.83 -8.81 -8.77 -8.76 -8.73 -8.70 -8.68
-8.29 -8.29 -8.24 -8.25 -8.24 -8.25 -8.25 -8.20 -8.17 -8.23 -8.26 -8.31 -8.35 -8.35 -8.28 -8.37 -8.34 -8.36 -8.42 -8.44 -8.52 -8.51 -8.56 -8.62 -8.65 -8.61 -8.67 -8.68 -8.57 -8.70 -8.72 -8.74 -8.76 -8.76 -8.81 -8.86 -8.86 -8.89 -8.88 -8.90 -8.89 -8.92 -8.91 -8.89 -8.89 -8.90 -8.87 -8.92 -8.90 -8.90 -8.88 -8.87 -8.81 -8.82 -8.93 -8.90 -8.95 -8.92 -8.91 -8.89 -8.93 -8.87 -8.91 -8.89 -8.89 -8.86 -8.87 -8.82 -8.78 -8.73 -8.70 -8.65 -8.63
-8.04 -8.17 -8.20 -8.22 -8.24 -8.22 -8.17 -8.12 -8.17 -8.14 -8.18 -8.19 -8.25 -8.28 -8.32 -8.28 -8.27 -8.30 -8.32 -8.35 -8.37 -8.46 -8.53 -8.61 -8.58 -8.59 -8.60 -8.64 -8.64 -8.66 -8.67 -8.69 -8.63 -8.72 -8.75 -8.77 -8.77 -8.81 -8.83 -8.81 -8.85 -8.85 -8.85 -8.85 -8.87 -8.88 -8.85 -8.87 -8.88 -8.88 -8.86 -8.83 -8.82 -8.81 -8.77 -8.84 -8.87 -8.86 -8.85 -8.87 -8.86 -8.88 -8.86 -8.83 -8.84 -8.81 -8.81 -8.78 -8.75 -8.75 -8.70 -8.65 -8.63
-7.95 -7.98 -8.03 -8.11 -8.05 -8.14 -8.15 -8.12 -8.17 -8.15 -8.13 -8.08 -8.11 -8.07 -8.19 -8.24 -8.25 -8.25 -8.31 -8.29 -8.31 -8.34 -8.36 -8.47 -8.49 -8.52 -8.53 -8.57 -8.58 -8.58 -8.60 -8.66 -8.63 -8.66 -8.67 -8.68 -8.69 -8.74 -8.76 -8.73 -8.76 -8.80 -8.80 -8.79 -8.81 -8.80 -8.82 -8.82 -8.83 -8.80 -8.80 -8.82 -8.79 -8.76 -8.76 -8.77 -8.74 -8.85 -8.79 -8.86 -8.79 -8.79 -8.77 -8.83 -8.82 -8.78 -8.76 -8.70 -8.72 -8.70 -8.68 -8.64 -8.63
-7.86 -7.87 -7.91 -7.92 -7.94 -7.99 -8.04 -7.96 -8.05 -8.06 -8.03 -8.08 -8.01 -8.08 -8.04 -8.04 -8.14 -8.20 -8.20 -8.24 -8.28 -8.27 -8.30 -8.38 -8.39 -8.42 -8.46 -8.47 -8.46 -8.52 -8.57 -8.55 -8.55 -8.60 -8.65 -8.65 -8.62 -8.65 -8.64 -8.67 -8.72 -8.73 -8.75 -8.69 -8.73 -8.79 -8.78 -8.78 -8.75 -8.75 -8.73 -8.71 -8.74 -8.76 -8.72 -8.69 -8.72 -8.68 -8.73 -8.79 -8.78 -8.78 -8.75 -8.73 -8.71 -8.73 -8.74 -8.70 -8.66 -8.64 -8.62 -8.60 -8.58
-7.78 -7.72 -7.79 -7.80 -7.82 -7.86 -7.87 -7.90 -7.94 -7.87 -7.93 -7.89 -7.97 -7.95 -8.00 -8.01 -8.02 -8.02 -8.11 -8.16 -8.13 -8.23 -8.24 -8.25 -8.33 -8.37 -8.37 -8.42 -8.41 -8.43 -8.44 -8.49 -8.51 -8.57 -8.53 -8.53 -8.59 -8.62 -8.59 -8.59 -8.60 -8.62 -8.62 -8.69 -8.71 -8.74 -8.74 -8.66 -8.73 -8.70 -8.70 -8.67 -8.63 -8.62 -8.67 -8.69 -8.66 -8.66 -8.66 -8.65 -8.75 -8.72 -8.79 -8.70 -8.65 -8.62 -8.60 -8.61 -8.61 -8.62 -8.58 -8.57 -8.50
-7.66 -7.59 -7.69 -7.67 -7.73 -7.69 -7.76 -7.78 -7.78 -7.80 -7.81 -7.73 -7.77 -7.89 -7.83 -7.91 -7.96 -7.95 -7.99 -8.02 -8.08 -8.12 -8.08 -8.21 -8.21 -8.30 -8.33 -8.33 -8.35 -8.38 -8.38 -8.39 -8.40 -8.45 -8.44 -8.53 -8.50 -8.52 -8.52 -8.55 -8.57 -8.53 -8.54 -8.56 -8.60 -8.57 -8.68 -8.71 -8.69 -8.64 -8.65 -8.65 -8.64 -8.61 -8.59 -8.52 -8.56 -8.62 -8.59 -8.60 -8.60 -8.65 -8.67 -8.66 -8.67 -8.61 -8.54 -8.52 -8.50 -8.50 -8.51 -8.52 -8.49
-7.59 -7.49 -7.57 -7.54 -7.54 -7.60 -7.66 -7.66 -7.67 -7.70 -7.69 -7.71 -7.70 -7.73 -7.74 -7.79 -7.85 -7.80 -7.89 -7.93 -7.94 -7.97 -8.04 -8.07 -8.11 -8.16 -8.22 -8.26 -8.28 -8.26 -8.33 -8.35 -8.34 -8.35 -8.34 -8.42 -8.40 -8.47 -8.43 -8.49 -8.48 -8.48 -8.50 -8.52 -8.50 -8.49 -8.52 -8.53 -8.59 -8.64 -8.61 -8.61 -8.58 -8.59 -8.54 -8.56 -8.53 -8.44 -8.43 -8.56 -8.52 -8.54 -8.51 -8.55 -8.54 -8.53 -8.55 -8.49 -8.42 -8.41 -8.40 -8.40 -8.41
-7.50 -7.54 -7.55 -7.40 -7.51 -7.48 -7.48 -7.52 -7.60 -7.64 -7.57 -7.62 -7.63 -7.66 -7.67 -7.70 -7.73 -7.78 -7.80 -7.82 -7.81 -7.90 -7.91 -7.93 -8.00 -7.99 -8.08 -8.12 -8.16 -8.21 -8.22 -8.24 -8.28 -8.31 -8.31 -8.30 -8.30 -8.37 -8.38 -8.40 -8.38 -8.45 -8.44 -8.41 -8.44 -8.46 -8.45 -8.45 -8.48 -8.48 -8.50 -8.56 -8.51 -8.55 -8.51 -8.52 -8.46 -8.47 -8.46 -8.44 -8.32 -8.48 -8.43 -8.44 -8.42 -8.46 -8.42 -8.41 -8.44 -8.38 -8.31 -8.30 -8.30
-7.41 -7.44 -7.42 -7.41 -7.44 -7.44 -7.42 -7.45 -7.49 -7.45 -7.51 -7.56 -7.53 -7.52 -7.58 -7.60 -7.64 -7.63 -7.71 -7.72 -7.78 -7.79 -7.80 -7.87 -7.87 -7.93 -7.97 -7.97 -8.04 -8.09 -8.10 -8.15 -8.18 -8.22 -8.24 -8.24 -8.26 -8.26 -8.27 -8.31 -8.35 -8.33 -8.35 -8.41 -8.41 -8.39 -8.38 -8.39 -8.39 -8.39 -8.42 -8.42 -8.41 -8.48 -8.45 -8.48 -8.46 -8.47 -8.44 -8.38 -8.38 -8.33 -8.32 -8.35 -8.32 -8.32 -8.33 -8.34 -8.31 -8.29 -8.33 -8.27 -8.21
-7.28 -7.32 -7.34 -7.37 -7.35 -7.31 -7.37 -7.38 -7.36 -7.42 -7.44 -7.36 -7.45 -7.42 -7.51 -7.48 -7.48 -7.56 -7.57 -7.63 -7.65 -7.72 -7.75 -7.76 -7.77 -7.84 -7.84 -7.90 -7.95 -7.97 -8.01 -8.06 -8.04 -8.11 -8.14 -8.17 -8.15 -8.18 -8.20 -8.21 -8.24 -8.25 -8.30 -8.26 -8.31 -8.38 -8.36 -8.34 -8.31 -8.32 -8.33 -8.34 -8.37 -8.36 -8.33 -8.42 -8.39 -8.40 -8.41 -8.41 -8.30 -8.31 -8.29 -8.14 -8.27 -8.24 -8.21 -8.20 -8.22 -8.22 -8.20 -8.16 -8.21
-7.20 -7.25 -7.23 -7.21 -7.30 -7.31 -7.29 -7.27 -7.31 -7.32 -7.33 -7.36 -7.35 -7.30 -7.37 -7.39 -7.37 -7.43 -7.45 -7.41 -7.58 -7.63 -7.66 -7.71 -7.73 -7.70 -7.71 -7.79 -7.80 -7.87 -7.93 -7.98 -7.96 -8.00 -8.02 -8.06 -8.08 -8.11 -8.13 -8.14 -8.11 -8.14 -8.19 -8.23 -8.20 -8.21 -8.26 -8.31 -8.28 -8.28 -8.24 -8.25 -8.28 -8.29 -8.31 -8.29 -8.28 -8.34 -8.33 -8.33 -8.32 -8.26 -8.18 -8.19 -8.13 -8.12 -8.15 -8.12 -8.12 -8.10 -8.12 -8.08 -8.09
-7.18 -7.14 -7.15 -7.19 -7.18 -7.20 -7.23 -7.26 -7.25 -7.23 -7.26 -7.28 -7.29 -7.29 -7.28 -7.28 -7.31 -7.34 -7.31 -7.40 -7.45 -7.53 -7.53 -7.63 -7.66 -7.67 -7.69 -7.68 -7.72 -7.73 -7.78 -7.82 -7.89 -7.91 -7.89 -7.93 -7.98 -8.02 -8.01 -8.03 -8.08 -8.12 -8.07 -8.10 -8.15 -8.17 -8.13 -8.15 -8.20 -8.24 -8.20 -8.22 -8.18 -8.18 -8.23 -8.23 -8.26 -8.22 -8.21 -8.25 -8.23 -8.24 -8.18 -8.11 -8.13 -8.09 -8.00 -8.07 -8.04 -8.00 -8.00 -7.99 -8.00
-7.14 -7.09 -7.09 -7.06 -7.10 -7.15 -7.14 -7.17 -7.15 -7.22 -7.22 -7.19 -7.23 -7.22 -7.23 -7.23 -7.21 -7.18 -7.20 -7.34 -7.36 -7.43 -7.49 -7.55 -7.58 -7.60 -7.63 -7.63 -7.63 -7.62 -7.61 -7.66 -7.71 -7.77 -7.83 -7.83 -7.86 -7.86 -7.94 -7.94 -7.99 -7.92 -8.02 -8.06 -8.04 -8.03 -8.08 -8.11 -8.08 -8.09 -8.14 -8.18 -8.11 -8.16 -8.12 -8.11 -8.19 -8.18 -8.19 -8.12 -8.16 -8.13 -8.15 -8.10 -8.03 -8.00 -8.01 -7.94 -7.93 -7.95 -7.94 -7.88 -7.89
-7.05 -7.05 -7.03 -6.99 -7.00 -6.97 -7.06 -7.11 -7.12 -7.12 -7.14 -7.18 -7.18 -7.16 -7.20 -7.18 -7.11 -7.17 -7.18 -7.18 -7.24 -7.32 -7.44 -7.44 -7.49 -7.52 -7.54 -7.56 -7.60 -7.61 -7.62 -7.63 -7.60 -7.61 -7.66 -7.72 -7.77 -7.78 -7.82 -7.85 -7.91 -7.84 -7.94 -7.91 -7.97 -8.00 -7.93 -7.97 -8.01 -8.05 -8.03 -8.04 -8.08 -8.10 -8.03 -8.09 -8.06 -8.03 -8.11 -8.05 -8.05 -8.03 -8.04 -8.06 -8.02 -7.94 -7.92 -7.92 -7.89 -7.81 -7.87 -7.84 -7.83
-6.97 -6.97 -6.98 -6.99 -6.94 -6.93 -7.00 -6.96 -7.05 -7.09 -7.11 -7.12 -7.15 -7.14 -7.16 -7.12 -7.17 -7.15 -7.11 -7.21 -7.20 -7.26 -7.33 -7.33 -7.43 -7.44 -7.46 -7.45 -7.54 -7.55 -7.58 -7.62 -7.59 -7.57 -7.57 -7.58 -7.61 -7.67 -7.71 -7.73 -7.75 -7.81 -7.82 -7.84 -7.88 -7.82 -7.89 -7.91 -7.94 -7.93 -7.93 -8.00 -7.97 -7.99 -8.02 -8.03 -7.94 -8.02 -7.98 -7.94 -8.01 -8.00 -7.96 -7.97 -7.97 -7.94 -7.84 -7.85 -7.86 -7.82 -7.75 -7.77 -7.75
-6.88 -6.87 -6.89 -6.88 -6.88 -6.86 -6.88 -6.86 -6.97 -6.89 -7.06 -7.08 -7.12 -7.14 -7.14 -7.15 -7.15 -7.09 -7.15 -7.17 -7.17 -7.25 -7.21 -7.32 -7.34 -7.31 -7.41 -7.45 -7.41 -7.46 -7.50 -7.52 -7.55 -7.57 -7.59 -7.58 -7.58 -7.57 -7.56 -7.62 -7.67 -7.68 -7.69 -7.76 -7.76 -7.77 -7.82 -7.76 -7.82 -7.86 -7.87 -7.88 -7.86 -7.94 -7.91 -7.94 -7.95 -7.94 -7.89 -7.92 -7.88 -7.88 -7.90 -7.87 -7.88 -7.88 -7.85 -7.75 -7.78 -7.74 -7.73 -7.68 -7.61
-6.80 -6.81 -6.80 -6.81 -6.83 -6.81 -6.79 -6.78 -6.87 -6.84 -6.91 -6.95 -7.05 -7.09 -7.10 -7.14 -7.10 -7.12 -7.10 -7.09 -7.16 -7.18 -7.17 -7.27 -7.26 -7.33 -7.35 -7.28 -7.41 -7.43 -7.42 -7.42 -7.44 -7.51 -7.51 -7.55 -7.56 -7.55 -7.54 -7.54 -7.55 -7.57 -7.61 -7.63 -7.65 -7.70 -7.71 -7.70 -7.76 -7.71 -7.74 -7.76 -7.80 -7.83 -7.78 -7.88 -7.83 -7.86 -7.85 -7.85 -7.82 -7.82 -7.79 -7.81 -7.81 -7.77 -7.79 -7.76 -7.70 -7.70 -7.66 -7.66 -7.63
-6.70 -6.67 -6.75 -6.74 -6.73 -6.79 -6.76 -6.79 -6.77 -6.79 -6.83 -6.85 -6.91 -7.00 -7.05 -7.06 -7.08 -7.11 -7.06 -7.08 -7.03 -7.08 -7.14 -7.18 -7.18 -7.27 -7.29 -7.34 -7.32 -7.27 -7.39 -7.41 -7.43 -7.39 -7.42 -7.43 -7.50 -7.51 -7.53 -7.54 -7.53 -7.52 -7.51 -7.52 -7.57 -7.59 -7.62 -7.65 -7.66 -7.67 -7.71 -7.68 -7.70 -7.67 -7.75 -7.74 -7.71 -7.79 -7.73 -7.75 -7.76 -7.75 -7.73 -7.73 -7.69 -7.71 -7.69 -7.70 -7.66 -7.63 -7.61 -7.61 -7.59
-6.50 -6.51 -6.60 -6.62 -6.67 -6.75 -6.73 -6.77 -6.72 -6.76 -6.75 -6.79 -6.82 -6.85 -6.91 -7.01 -7.04 -7.02 -7.04 -7.05 -7.03 -7.05 -7.02 -7.06 -7.08 -7.18 -7.21 -7.24 -7.30 -7.33 -7.34 -7.29 -7.35 -7.35 -7.40 -7.39 -7.36 -7.43 -7.44 -7.50 -7.51 -7.50 -7.47 -7.47 -7.44 -7.49 -7.52 -7.55 -7.58 -7.59 -7.61 -7.62 -7.66 -7.64 -7.66 -7.63 -7.63 -7.68 -7.68 -7.69 -7.64 -7.65 -7.66 -7.65 -7.65 -7.63 -7.62 -7.60 -7.61 -7.60 -7.55 -7.53 -7.53
-6.41 -6.44 -6.50 -6.58 -6.61 -6.59 -6.58 -6.64 -6.75 -6.72 -6.71 -6.72 -6.74 -6.80 -6.81 -6.83 -6.92 -6.97 -7.00 -6.96 -6.97 -6.98 -6.97 -7.00 -7.01 -7.01 -7.05 -7.19 -7.24 -7.26 -7.27 -7.26 -7.30 -7.29 -7.26 -7.33 -7.37 -7.38 -7.39 -7.38 -7.46 -7.44 -7.45 -7.44 -7.41 -7.42 -7.38 -7.45 -7.48 -7.50 -7.54 -7.54 -7.56 -7.58 -7.60 -7.59 -7.57 -7.58 -7.55 -7.60 -7.61 -7.58 -7.57 -7.55 -7.58 -7.55 -7.55 -7.53 -7.53 -7.52 -7.51 -7.48 -7.44
-6.45 -6.51 -6.46 -6.49 -6.56 -6.60 -6.63 -6.55 -6.62 -6.57 -6.69 -6.69 -6.71 -6.66 -6.74 -6.80 -6.81 -6.84 -6.92 -6.93 -6.92 -6.90 -6.88 -6.89 -6.92 -6.92 -6.98 -6.97 -7.01 -7.13 -7.16 -7.20 -7.21 -7.24 -7.24 -7.26 -7.25 -7.31 -7.29 -7.36 -7.35 -7.31 -7.39 -7.38 -7.38 -7.38 -7.34 -7.38 -7.31 -7.41 -7.43 -7.46 -7.50 -7.50 -7.51 -7.54 -7.53 -7.54 -7.51 -7.51 -7.50 -7.51 -7.51 -7.52 -7.49 -7.45 -7.48 -7.44 -7.45 -7.44 -7.44 -7.43 -7.42
-6.39 -6.37 -6.48 -6.48 -6.53 -6.47 -6.53 -6.56 -6.56 -6.56 -6.53 -6.65 -6.56 -6.70 -6.70 -6.66 -6.74 -6.80 -6.81 -6.82 -6.83 -6.81 -6.83 -6.80 -6.80 -6.74 -6.84 -6.82 -6.93 -6.98 -6.98 -7.01 -7.13 -7.13 -7.18 -7.18 -7.20 -7.20 -7.24 -7.26 -7.24 -7.32 -7.31 -7.27 -7.32 -7.31 -7.33 -7.31 -7.28 -7.33 -7.26 -7.34 -7.39 -7.42 -7.44 -7.45 -7.44 -7.46 -7.47 -7.48 -7.46 -7.43 -7.45 -7.44 -7.43 -7.46 -7.41 -7.34 -7.39 -7.35 -7.36 -7.35 -7.34
-6.34 -6.36 -6.38 -6.40 -6.43 -6.44 -6.47 -6.46 -6.47 -6.51 -6.53 -6.52 -6.29 -6.58 -6.54 -6.61 -6.65 -6.66 -6.74 -6.75 -6.72 -6.68 -6.68 -6.68 -6.72 -6.68 -6.72 -6.69 -6.78 -6.81 -6.91 -6.93 -6.96 -7.01 -7.02 -7.10 -7.05 -7.15 -7.15 -7.16 -7.20 -7.22 -7.21 -7.27 -7.26 -7.23 -7.25 -7.25 -7.27 -7.25 -7.21 -7.28 -7.23 -7.25 -7.33 -7.36 -7.39 -7.40 -7.40 -7.41 -7.43 -7.43 -7.41 -7.38 -7.35 -7.37 -7.40 -7.36 -7.32 -7.25 -7.29 -7.26 -7.27
-6.40 -6.35 -6.34 -6.35 -6.36 -6.37 -6.39 -6.37 -6.37 -6.38 -6.42 -6.44 -6.48 -6.46 -6.44 -6.36 -6.54 -6.53 -6.60 -6.59 -6.61 -6.62 -6.61 -6.55 -6.53 -6.54 -6.62 -6.61 -6.67 -6.71 -6.74 -6.81 -6.88 -6.90 -6.95 -6.98 -6.99 -7.05 -7.04 -7.10 -7.12 -7.13 -7.16 -7.19 -7.18 -7.22 -7.22 -7.19 -7.18 -7.18 -7.21 -7.18 -7.15 -7.22 -7.21 -7.21 -7.28 -7.33 -7.32 -7.34 -7.35 -7.35 -7.36 -7.35 -7.36 -7.34 -7.25 -7.29 -7.29 -7.24 -7.22 -7.16 -7.20
-6.32 -6.31 -6.29 -6.35 -6.25 -6.24 -6.28 -6.30 -6.29 -6.28 -6.32 -6.31 -6.29 -6.30 -6.29 -6.27 -6.28 -6.33 -6.42 -6.45 -6.45 -6.44 -6.47 -6.48 -6.49 -6.41 -6.41 -6.54 -6.61 -6.60 -6.65 -6.71 -6.71 -6.80 -6.86 -6.89 -6.90 -6.96 -7.01 -6.97 -7.02 -7.07 -7.09 -7.10 -7.12 -7.14 -7.15 -7.17 -7.18 -7.15 -7.10 -7.12 -7.15 -7.13 -7.11 -7.18 -7.18 -7.19 -7.23 -7.28 -7.28 -7.30 -7.29 -7.30 -7.29 -7.31 -7.28 -7.25 -7.15 -7.18 -7.17 -7.13 -7.12
-6.22 -6.20 -6.16 -6.19 -6.22 -6.20 -6.17 -6.20 -6.17 -6.16 -6.16 -6.22 -6.20 -6.13 -6.13 -6.12 -6.06 -6.08 -6.16 -6.21 -6.29 -6.30 -6.30 -6.29 -6.33 -6.35 -6.40 -6.34 -6.43 -6.57 -6.58 -6.59 -6.63 -6.68 -6.72 -6.79 -6.87 -6.90 -6.86 -6.92 -6.97 -6.94 -6.99 -7.04 -7.07 -7.06 -7.09 -7.11 -7.11 -7.11 -7.14 -7.11 -7.06 -7.08 -7.11 -7.09 -7.08 -7.14 -7.17 -7.16 -7.19 -7.24 -7.24 -7.25 -7.26 -7.23 -7.21 -7.20 -7.17 -7.14 -7.06 -7.07 -7.06
-6.14 -6.12 -6.08 -6.07 -6.04 -6.05 -6.03 -6.05 -6.09 -6.07 -6.02 -6.04 -6.07 -6.03 -6.04 -5.99 -5.91 -5.93 -5.96 -5.95 -6.02 -6.10 -6.16 -6.16 -6.15 -6.22 -6.29 -6.30 -6.36 -6.37 -6.47 -6.56 -6.55 -6.59 -6.62 -6.65 -6.73 -6.76 -6.85 -6.85 -6.84 -6.91 -6.95 -6.93 -6.97 -7.01 -7.04 -7.03 -7.05 -7.06 -7.06 -7.05 -7.09 -7.08 -7.04 -7.05 -7.07 -7.06 -7.07 -7.10 -7.14 -7.13 -7.14 -7.20 -7.20 -7.19 -7.17 -7.12 -7.10 -7.08 -7.06 -7.03 -6.96
-6.04 -6.05 -6.04 -5.99 -5.97 -5.90 -5.93 -5.97 -5.95 -5.95 -5.87 -5.92 -5.92 -5.86 -5.90 -5.90 -5.87 -5.83 -5.77 -5.76 -5.84 -5.82 -5.87 -5.99 -6.06 -6.09 -6.14 -6.20 -6.26 -6.33 -6.31 -6.40 -6.52 -6.55 -6.55 -6.58 -6.61 -6.63 -6.71 -6.75 -6.82 -6.79 -6.83 -6.89 -6.92 -6.93 -6.94 -6.99 -7.00 -7.00 -7.02 -7.02 -7.02 -7.03 -7.03 -7.04 -7.01 -7.01 -7.03 -7.04 -7.05 -7.06 -7.10 -7.11 -7.10 -7.13 -7.10 -7.08 -7.04 -7.01 -6.99 -6.96 -6.94
