utils/5a01f6d0e4b0531197b72cfe/58518267e4b0f99207c4f0fb/58518e9ee4b0f99207c4f13e/ew13_mar_dem_5m.asc
ncols	796
nrows	427
xllcorner	295390.00
yllcorner	130085.00
cellsize	5.00
NODATA_value	-9999.00
[rows 116 to 144 of 427, columns 536 to 602 of 796]
-5.10 -5.21 -5.26 -5.38 -5.43 -5.50 -5.53 -5.56 -5.62 -5.67 -5.71 -5.76 -5.77 -5.79 -5.81 -5.86 -5.88 -5.90 -5.94 -5.96 -6.01 -6.04 -6.08 -6.09 -6.11 -6.08 -6.10 -6.11 -6.16 -6.12 -6.10 -6.03 -6.08 -6.09 -6.03 -6.01 -5.98 -5.95 -5.96 -5.96 -5.93 -5.95 -5.95 -5.97 -6.01 -5.99 -5.99 -6.06 -6.04 -6.06 -6.06 -6.02 -6.08 -6.12 -6.17 -6.21 -6.26 -6.30 -6.35 -6.43 -6.49 -6.52 -6.57 -6.64 -6.67 -6.74 -6.76
-5.06 -5.08 -5.14 -5.22 -5.28 -5.37 -5.40 -5.50 -5.53 -5.57 -5.62 -5.66 -5.68 -5.71 -5.73 -5.78 -5.78 -5.81 -5.85 -5.86 -5.89 -5.95 -5.98 -6.01 -6.02 -6.04 -6.03 -6.04 -6.05 -6.09 -6.07 -6.00 -5.99 -5.97 -6.01 -5.97 -5.95 -5.93 -5.88 -5.84 -5.89 -5.90 -5.91 -5.88 -5.91 -5.94 -5.96 -5.94 -6.01 -6.03 -6.00 -6.04 -6.04 -6.08 -6.13 -6.17 -6.22 -6.26 -6.31 -6.35 -6.40 -6.52 -6.53 -6.60 -6.65 -6.71 -6.76
-4.95 -4.98 -5.07 -5.10 -5.15 -5.21 -5.28 -5.35 -5.38 -5.48 -5.51 -5.55 -5.56 -5.60 -5.64 -5.67 -5.70 -5.75 -5.74 -5.79 -5.82 -5.79 -5.83 -5.88 -5.95 -5.98 -5.99 -5.98 -5.95 -6.01 -5.92 -5.92 -5.90 -5.92 -5.88 -5.91 -5.92 -5.88 -5.86 -5.85 -5.83 -5.88 -5.84 -5.91 -5.84 -5.92 -5.91 -5.94 -5.92 -5.93 -6.02 -6.01 -6.04 -6.08 -6.09 -6.13 -6.18 -6.22 -6.27 -6.31 -6.44 -6.40 -6.54 -6.54 -6.60 -6.67 -6.75
-4.91 -4.95 -4.99 -5.00 -5.03 -5.11 -5.15 -5.20 -5.28 -5.31 -5.33 -5.44 -5.48 -5.50 -5.53 -5.55 -5.53 -5.59 -5.64 -5.69 -5.70 -5.75 -5.80 -5.81 -5.77 -5.83 -5.87 -5.91 -5.95 -5.90 -5.83 -5.79 -5.72 -5.72 -5.77 -5.82 -5.79 -5.82 -5.80 -5.74 -5.75 -5.83 -5.80 -5.83 -5.88 -5.82 -5.87 -5.90 -5.90 -5.94 -5.90 -6.02 -6.05 -6.09 -6.14 -6.13 -6.14 -6.18 -6.23 -6.27 -6.32 -6.42 -6.40 -6.54 -6.61 -6.62 -6.71
-4.72 -4.80 -4.90 -4.94 -4.99 -5.03 -5.05 -5.09 -5.15 -5.20 -5.23 -5.23 -5.28 -5.40 -5.46 -5.43 -5.41 -5.37 -5.42 -5.48 -5.57 -5.65 -5.67 -5.69 -5.71 -5.70 -5.73 -5.80 -5.84 -5.80 -5.78 -5.69 -5.64 -5.56 -5.54 -5.60 -5.74 -5.68 -5.64 -5.66 -5.62 -5.70 -5.82 -5.71 -5.81 -5.84 -5.80 -5.77 -5.85 -5.86 -5.94 -5.95 -6.00 -6.10 -6.12 -6.19 -6.21 -6.17 -6.19 -6.22 -6.28 -6.43 -6.45 -6.45 -6.54 -6.59 -6.70
-4.57 -4.64 -4.70 -4.76 -4.84 -4.90 -4.95 -5.01 -5.06 -5.06 -5.06 -5.08 -5.11 -5.15 -5.21 -5.31 -5.30 -5.26 -5.20 -5.22 -5.32 -5.38 -5.49 -5.52 -5.52 -5.63 -5.60 -5.59 -5.67 -5.66 -5.63 -5.60 -5.56 -5.50 -5.45 -5.34 -5.38 -5.45 -5.47 -5.46 -5.51 -5.62 -5.68 -5.72 -5.71 -5.70 -5.78 -5.77 -5.71 -5.78 -5.89 -5.95 -6.03 -6.04 -6.13 -6.13 -6.20 -6.27 -6.28 -6.22 -6.25 -6.27 -6.43 -6.45 -6.54 -6.56 -6.68
-4.51 -4.53 -4.57 -4.64 -4.70 -4.74 -4.80 -4.86 -4.91 -4.92 -4.93 -4.91 -4.93 -4.95 -5.00 -5.07 -5.13 -5.18 -5.14 -5.11 -5.01 -5.08 -5.16 -5.23 -5.23 -5.31 -5.37 -5.54 -5.38 -5.47 -5.43 -5.44 -5.44 -5.42 -5.35 -5.31 -5.26 -5.13 -5.14 -5.19 -5.44 -5.69 -5.59 -5.54 -5.54 -5.60 -5.63 -5.69 -5.76 -5.72 -5.78 -5.86 -5.96 -6.03 -6.11 -6.13 -6.17 -6.21 -6.28 -6.37 -6.34 -6.26 -6.32 -6.40 -6.51 -6.53 -6.62
-4.46 -4.46 -4.48 -4.53 -4.57 -4.63 -4.68 -4.74 -4.79 -4.79 -4.79 -4.76 -4.77 -4.73 -4.74 -4.77 -4.88 -4.96 -5.03 -5.04 -4.98 -4.88 -4.83 -4.85 -4.93 -5.00 -5.04 -5.10 -5.19 -5.17 -5.27 -5.23 -5.21 -5.22 -5.27 -5.19 -5.13 -5.30 -5.17 -4.94 -5.48 -5.50 -5.54 -5.47 -5.39 -5.36 -5.41 -5.49 -5.61 -5.74 -5.81 -5.79 -5.88 -5.97 -6.04 -6.14 -6.18 -6.21 -6.22 -6.28 -6.37 -6.37 -6.31 -6.29 -6.39 -6.54 -6.55
-4.40 -4.40 -4.43 -4.44 -4.48 -4.53 -4.58 -4.63 -4.66 -4.70 -4.71 -4.67 -4.64 -4.58 -4.55 -4.51 -4.52 -4.59 -4.75 -4.86 -4.90 -4.84 -4.81 -4.71 -4.65 -4.61 -4.68 -4.74 -4.79 -4.84 -4.89 -5.03 -5.13 -4.96 -4.98 -4.96 -4.91 -4.83 -4.93 -5.22 -5.33 -5.39 -5.36 -5.37 -5.37 -5.25 -5.19 -5.28 -5.42 -5.54 -5.68 -5.80 -5.85 -5.88 -5.98 -6.06 -6.14 -6.24 -6.27 -6.24 -6.24 -6.30 -6.34 -6.35 -6.28 -6.32 -6.39
-4.26 -4.28 -4.33 -4.37 -4.41 -4.43 -4.47 -4.53 -4.55 -4.59 -4.59 -4.63 -4.53 -4.43 -4.38 -4.35 -4.32 -4.28 -4.31 -4.42 -4.64 -4.67 -4.67 -4.61 -4.64 -4.54 -4.50 -4.49 -4.50 -4.52 -4.53 -4.58 -4.60 -4.95 -4.85 -4.71 -4.68 -4.65 -4.52 -4.84 -4.84 -5.05 -5.23 -5.30 -5.23 -5.24 -5.16 -5.11 -5.18 -5.31 -5.45 -5.60 -5.76 -5.87 -5.91 -5.98 -6.07 -6.13 -6.25 -6.27 -6.22 -6.15 -6.29 -6.32 -6.37 -6.32 -6.20
-4.13 -4.17 -4.23 -4.27 -4.29 -4.33 -4.36 -4.39 -4.42 -4.46 -4.50 -4.49 -4.40 -4.33 -4.23 -4.18 -4.16 -4.15 -4.08 -4.07 -4.13 -4.25 -4.35 -4.40 -4.42 -4.43 -4.49 -4.45 -4.42 -4.42 -4.42 -4.37 -4.30 -4.30 -4.45 -4.65 -4.53 -4.42 -4.37 -4.71 -4.77 -4.82 -4.80 -5.00 -5.19 -5.18 -5.12 -5.16 -5.12 -5.11 -5.23 -5.39 -5.49 -5.66 -5.83 -5.92 -5.96 -6.07 -6.15 -6.12 -6.16 -6.13 -6.08 -6.08 -6.34 -6.34 -6.30
-4.04 -4.09 -4.11 -4.15 -4.19 -4.23 -4.24 -4.25 -4.28 -4.31 -4.35 -4.33 -4.27 -4.19 -4.10 -4.02 -3.94 -3.93 -3.94 -3.95 -3.96 -4.00 -4.07 -4.09 -4.12 -4.16 -4.26 -4.28 -4.36 -4.33 -4.33 -4.35 -4.33 -4.31 -4.24 -4.28 -4.34 -4.37 -4.31 -4.44 -4.63 -4.69 -4.76 -4.77 -4.75 -5.08 -5.13 -5.12 -5.08 -5.13 -5.08 -5.14 -5.29 -5.43 -5.54 -5.71 -5.90 -5.98 -5.97 -6.01 -6.03 -6.01 -6.00 -6.01 -5.98 -5.99 -6.10
-3.86 -3.95 -4.00 -4.05 -4.08 -4.13 -4.09 -4.10 -4.11 -4.14 -4.19 -4.15 -4.10 -4.06 -4.00 -3.88 -3.81 -3.72 -3.67 -3.77 -3.85 -3.90 -3.91 -3.98 -4.00 -4.02 -4.03 -4.08 -4.14 -4.17 -4.20 -4.22 -4.25 -4.28 -4.26 -4.23 -4.21 -4.25 -4.46 -4.43 -4.39 -4.50 -4.61 -4.68 -4.73 -4.73 -4.93 -5.07 -5.07 -5.08 -5.06 -5.08 -5.07 -5.18 -5.37 -5.47 -5.58 -5.82 -5.84 -5.80 -5.82 -5.92 -5.92 -5.90 -5.85 -5.88 -5.86
-3.72 -3.78 -3.84 -3.93 -3.96 -3.98 -3.93 -3.91 -3.89 -3.92 -3.96 -3.95 -3.93 -3.89 -3.83 -3.79 -3.73 -3.60 -3.53 -3.58 -3.70 -3.76 -3.80 -3.84 -3.87 -3.93 -3.94 -3.97 -3.98 -4.01 -4.04 -4.08 -4.10 -4.15 -4.19 -4.20 -4.19 -4.17 -4.20 -4.27 -4.40 -4.43 -4.46 -4.53 -4.62 -4.71 -4.74 -4.77 -5.02 -5.03 -5.05 -5.04 -5.04 -5.06 -5.10 -5.27 -5.42 -5.47 -5.56 -5.66 -5.62 -5.59 -5.74 -5.84 -5.80 -5.84 -5.76
-3.54 -3.62 -3.69 -3.75 -3.82 -3.83 -3.80 -3.77 -3.72 -3.70 -3.70 -3.72 -3.72 -3.70 -3.67 -3.64 -3.56 -3.52 -3.54 -3.52 -3.53 -3.62 -3.66 -3.72 -3.76 -3.79 -3.81 -3.86 -3.87 -3.89 -3.93 -3.95 -3.97 -4.02 -4.05 -4.09 -4.11 -4.13 -4.14 -4.15 -4.25 -4.29 -4.35 -4.44 -4.49 -4.55 -4.65 -4.74 -4.75 -4.96 -4.97 -4.99 -5.03 -5.00 -5.01 -5.03 -5.16 -5.35 -5.43 -5.46 -5.52 -5.50 -5.40 -5.60 -5.74 -5.76 -5.75
-3.45 -3.48 -3.52 -3.60 -3.62 -3.64 -3.65 -3.63 -3.59 -3.55 -3.53 -3.53 -3.53 -3.51 -3.49 -3.45 -3.41 -3.40 -3.40 -3.43 -3.46 -3.46 -3.54 -3.59 -3.62 -3.66 -3.70 -3.74 -3.75 -3.79 -3.80 -3.84 -3.87 -3.90 -3.92 -3.97 -4.00 -4.03 -4.08 -4.09 -4.12 -4.19 -4.26 -4.33 -4.40 -4.47 -4.51 -4.57 -4.68 -4.77 -4.86 -4.92 -4.93 -4.99 -5.00 -4.97 -5.05 -5.14 -5.29 -5.37 -5.41 -5.43 -5.46 -5.48 -5.55 -5.70 -5.66
-3.30 -3.35 -3.40 -3.42 -3.43 -3.45 -3.46 -3.50 -3.46 -3.42 -3.39 -3.37 -3.35 -3.36 -3.35 -3.33 -3.26 -3.29 -3.32 -3.35 -3.38 -3.39 -3.43 -3.46 -3.49 -3.54 -3.58 -3.59 -3.63 -3.68 -3.69 -3.73 -3.77 -3.80 -3.82 -3.84 -3.89 -3.96 -3.98 -4.01 -4.04 -4.06 -4.13 -4.23 -4.30 -4.37 -4.44 -4.49 -4.52 -4.59 -4.74 -4.78 -4.89 -4.87 -4.92 -5.01 -5.04 -5.10 -5.20 -5.28 -5.35 -5.37 -5.39 -5.42 -5.52 -5.55 -5.68
-3.17 -3.22 -3.24 -3.25 -3.27 -3.27 -3.29 -3.29 -3.33 -3.29 -3.28 -3.25 -3.21 -3.20 -3.18 -3.18 -3.21 -3.21 -3.21 -3.25 -3.28 -3.30 -3.33 -3.36 -3.39 -3.42 -3.45 -3.49 -3.54 -3.54 -3.59 -3.64 -3.66 -3.69 -3.73 -3.77 -3.80 -3.85 -3.88 -3.95 -3.97 -3.98 -4.04 -4.12 -4.20 -4.28 -4.33 -4.41 -4.47 -4.49 -4.52 -4.62 -4.78 -4.84 -4.83 -4.89 -4.98 -5.08 -5.16 -5.24 -5.35 -5.35 -5.34 -5.32 -5.34 -5.47 -5.59
-3.06 -3.11 -3.09 -3.12 -3.12 -3.12 -3.14 -3.14 -3.14 -3.16 -3.15 -3.13 -3.10 -3.08 -3.04 -3.03 -3.06 -3.08 -3.11 -3.13 -3.16 -3.17 -3.21 -3.25 -3.28 -3.31 -3.35 -3.37 -3.41 -3.43 -3.50 -3.53 -3.56 -3.60 -3.62 -3.67 -3.71 -3.76 -3.81 -3.85 -3.89 -3.95 -4.00 -4.05 -4.11 -4.19 -4.26 -4.33 -4.38 -4.44 -4.48 -4.49 -4.54 -4.67 -4.82 -4.88 -4.91 -4.97 -5.06 -5.15 -5.26 -5.33 -5.39 -5.40 -5.33 -5.27 -5.30
-2.93 -2.95 -2.98 -2.98 -2.97 -2.97 -2.99 -3.00 -2.98 -2.99 -2.98 -2.99 -2.97 -2.95 -2.93 -2.92 -2.93 -2.96 -2.99 -3.02 -3.04 -3.07 -3.10 -3.13 -3.16 -3.20 -3.23 -3.27 -3.29 -3.32 -3.38 -3.42 -3.46 -3.50 -3.53 -3.58 -3.62 -3.67 -3.72 -3.75 -3.82 -3.87 -3.95 -4.02 -4.07 -4.12 -4.18 -4.25 -4.32 -4.38 -4.43 -4.48 -4.49 -4.51 -4.60 -4.73 -4.89 -4.95 -4.99 -5.04 -5.14 -5.23 -5.32 -5.38 -5.43 -5.43 -5.33
-2.80 -2.83 -2.85 -2.86 -2.84 -2.84 -2.83 -2.84 -2.84 -2.84 -2.84 -2.83 -2.83 -2.82 -2.80 -2.83 -2.86 -2.88 -2.89 -2.91 -2.94 -2.97 -3.00 -3.04 -3.06 -3.10 -3.12 -3.15 -3.18 -3.23 -3.27 -3.31 -3.35 -3.39 -3.43 -3.50 -3.55 -3.59 -3.63 -3.68 -3.73 -3.81 -3.89 -3.94 -4.00 -4.08 -4.14 -4.19 -4.25 -4.31 -4.39 -4.43 -4.47 -4.53 -4.58 -4.66 -4.74 -4.82 -4.94 -5.02 -5.05 -5.14 -5.22 -5.31 -5.37 -5.41 -5.49
-2.67 -2.69 -2.72 -2.73 -2.74 -2.77 -2.72 -2.71 -2.69 -2.71 -2.70 -2.69 -2.69 -2.66 -2.69 -2.71 -2.73 -2.77 -2.80 -2.84 -2.84 -2.86 -2.90 -2.93 -2.96 -2.99 -3.02 -3.06 -3.07 -3.12 -3.17 -3.22 -3.26 -3.30 -3.34 -3.41 -3.46 -3.52 -3.57 -3.60 -3.68 -3.76 -3.81 -3.88 -3.94 -4.01 -4.07 -4.14 -4.21 -4.26 -4.32 -4.38 -4.46 -4.50 -4.57 -4.64 -4.70 -4.79 -4.87 -4.92 -4.99 -5.06 -5.12 -5.22 -5.30 -5.38 -5.42
-2.51 -2.57 -2.59 -2.62 -2.62 -2.63 -2.61 -2.62 -2.58 -2.57 -2.55 -2.54 -2.55 -2.55 -2.57 -2.59 -2.63 -2.65 -2.69 -2.72 -2.74 -2.79 -2.80 -2.83 -2.86 -2.89 -2.93 -2.95 -2.98 -3.04 -3.08 -3.13 -3.17 -3.22 -3.28 -3.33 -3.37 -3.44 -3.49 -3.56 -3.63 -3.70 -3.77 -3.84 -3.89 -3.95 -4.02 -4.08 -4.13 -4.19 -4.28 -4.33 -4.39 -4.46 -4.53 -4.60 -4.66 -4.74 -4.81 -4.89 -4.94 -4.98 -5.03 -5.09 -5.19 -5.31 -5.35
-2.36 -2.42 -2.45 -2.50 -2.55 -2.50 -2.51 -2.49 -2.47 -2.46 -2.44 -2.43 -2.41 -2.43 -2.47 -2.50 -2.52 -2.54 -2.57 -2.60 -2.65 -2.67 -2.70 -2.74 -2.76 -2.79 -2.82 -2.87 -2.89 -2.94 -2.99 -3.04 -3.08 -3.14 -3.20 -3.23 -3.30 -3.34 -3.38 -3.49 -3.56 -3.65 -3.73 -3.80 -3.87 -3.92 -3.98 -4.03 -4.10 -4.16 -4.20 -4.26 -4.37 -4.43 -4.49 -4.53 -4.60 -4.68 -4.77 -4.85 -4.91 -4.97 -5.01 -5.03 -5.07 -5.13 -5.23
-2.27 -2.28 -2.31 -2.35 -2.38 -2.38 -2.39 -2.37 -2.38 -2.36 -2.35 -2.32 -2.31 -2.35 -2.36 -2.39 -2.43 -2.46 -2.48 -2.51 -2.55 -2.58 -2.61 -2.64 -2.66 -2.69 -2.72 -2.77 -2.82 -2.85 -2.89 -2.95 -2.99 -3.06 -3.10 -3.18 -3.23 -3.27 -3.33 -3.40 -3.49 -3.58 -3.65 -3.73 -3.83 -3.91 -3.95 -4.01 -4.07 -4.11 -4.17 -4.25 -4.34 -4.43 -4.49 -4.53 -4.59 -4.60 -4.67 -4.77 -4.88 -4.95 -5.00 -5.04 -5.08 -5.09 -5.14
-2.20 -2.20 -2.23 -2.22 -2.25 -2.25 -2.27 -2.25 -2.26 -2.25 -2.23 -2.23 -2.22 -2.26 -2.28 -2.31 -2.33 -2.36 -2.39 -2.42 -2.44 -2.48 -2.52 -2.54 -2.56 -2.60 -2.64 -2.68 -2.73 -2.77 -2.81 -2.85 -2.91 -2.97 -3.02 -3.08 -3.14 -3.20 -3.28 -3.36 -3.43 -3.50 -3.59 -3.67 -3.75 -3.82 -3.93 -4.01 -4.04 -4.10 -4.17 -4.22 -4.30 -4.43 -4.51 -4.61 -4.60 -4.60 -4.62 -4.69 -4.77 -4.89 -5.00 -5.05 -5.08 -5.08 -5.10
-2.05 -2.12 -2.18 -2.16 -2.17 -2.15 -2.17 -2.16 -2.16 -2.15 -2.15 -2.15 -2.15 -2.18 -2.18 -2.22 -2.25 -2.28 -2.30 -2.32 -2.37 -2.39 -2.41 -2.45 -2.47 -2.51 -2.55 -2.60 -2.63 -2.69 -2.72 -2.78 -2.83 -2.88 -2.94 -2.99 -3.05 -3.11 -3.22 -3.29 -3.38 -3.46 -3.52 -3.60 -3.69 -3.76 -3.83 -3.91 -4.03 -4.10 -4.13 -4.17 -4.28 -4.35 -4.46 -4.61 -4.66 -4.63 -4.63 -4.66 -4.69 -4.75 -4.87 -5.01 -5.06 -5.09 -5.09
-1.94 -1.99 -2.02 -2.10 -2.12 -2.08 -2.08 -2.07 -2.08 -2.07 -2.08 -2.06 -2.07 -2.08 -2.11 -2.14 -2.15 -2.18 -2.22 -2.24 -2.27 -2.30 -2.33 -2.36 -2.39 -2.43 -2.47 -2.51 -2.56 -2.59 -2.63 -2.69 -2.75 -2.80 -2.85 -2.90 -2.96 -3.05 -3.13 -3.23 -3.33 -3.40 -3.49 -3.56 -3.62 -3.69 -3.78 -3.85 -3.92 -4.00 -4.13 -4.16 -4.20 -4.26 -4.38 -4.47 -4.57 -4.62 -4.66 -4.64 -4.66 -4.70 -4.77 -4.85 -4.93 -5.03 -5.09
-1.84 -1.90 -1.93 -1.96 -1.96 -1.99 -2.00 -2.00 -1.99 -2.00 -1.98 -2.00 -2.01 -2.01 -2.02 -2.04 -2.08 -2.12 -2.12 -2.15 -2.18 -2.22 -2.24 -2.27 -2.38 -2.38 -2.40 -2.43 -2.48 -2.52 -2.56 -2.62 -2.67 -2.71 -2.79 -2.85 -2.89 -2.97 -3.05 -3.15 -3.24 -3.33 -3.44 -3.52 -3.60 -3.66 -3.72 -3.80 -3.88 -3.94 -4.01 -4.07 -4.18 -4.22 -4.27 -4.34 -4.45 -4.53 -4.60 -4.64 -4.65 -4.68 -4.72 -4.79 -4.87 -4.94 -5.00
