utils/5a01f6d0e4b0531197b72cfe/58518267e4b0f99207c4f0fb/58518e9ee4b0f99207c4f13e/ew13_mar_dem_5m.asc
ncols	796
nrows	427
xllcorner	295390.00
yllcorner	130085.00
cellsize	5.00
NODATA_value	-9999.00
[rows 203 to 231 of 427, columns 670 to 736 of 796]
-3.30 -3.39 -3.49 -3.56 -3.68 -3.83 -3.80 -3.88 -3.95 -4.00 -4.02 -4.04 -4.45 -4.48 -4.53 -4.60 -4.59 -4.61 -4.63 -4.75 -4.80 -4.82 -4.91 -4.93 -4.96 -5.02 -5.06 -5.14 -5.19 -5.21 -5.25 -5.27 -5.33 -5.41 -5.42 -5.42 -5.47 -5.48 -5.58 -5.63 -5.69 -5.73 -5.78 -5.82 -5.85 -5.91 -5.98 -6.00 -6.00 -6.01 -6.03 -6.05 -6.07 -6.06 -6.07 -6.14 -6.17 -6.19 -6.20 -6.21 -6.25 -6.27 -6.30 -6.30 -6.32 -6.32 -6.34
-3.21 -3.28 -3.37 -3.47 -3.53 -3.64 -3.81 -3.76 -3.85 -3.89 -3.96 -4.00 -4.04 -4.36 -4.44 -4.47 -4.56 -4.56 -4.57 -4.59 -4.71 -4.75 -4.79 -4.86 -4.89 -4.93 -4.99 -5.02 -5.09 -5.16 -5.20 -5.23 -5.26 -5.30 -5.38 -5.41 -5.41 -5.45 -5.48 -5.56 -5.61 -5.68 -5.71 -5.76 -5.81 -5.83 -5.88 -5.97 -5.97 -6.00 -5.99 -6.02 -6.03 -6.04 -6.02 -6.10 -6.11 -6.12 -6.16 -6.19 -6.19 -6.23 -6.24 -6.27 -6.30 -6.28 -6.30
-3.07 -3.17 -3.20 -3.34 -3.45 -3.51 -3.61 -3.80 -3.76 -3.81 -3.83 -3.91 -3.97 -4.02 -4.25 -4.40 -4.44 -4.52 -4.52 -4.54 -4.56 -4.67 -4.72 -4.76 -4.82 -4.85 -4.90 -4.95 -4.97 -5.04 -5.13 -5.19 -5.22 -5.25 -5.33 -5.35 -5.40 -5.39 -5.43 -5.47 -5.54 -5.60 -5.67 -5.70 -5.74 -5.80 -5.83 -5.86 -5.93 -5.94 -5.97 -5.98 -5.99 -6.01 -6.02 -6.00 -6.06 -6.08 -6.11 -6.16 -6.17 -6.17 -6.20 -6.22 -6.24 -6.27 -6.28
-2.90 -3.00 -3.12 -3.18 -3.33 -3.43 -3.49 -3.59 -3.78 -3.68 -3.72 -3.77 -3.84 -3.93 -4.03 -4.14 -4.33 -4.38 -4.47 -4.48 -4.51 -4.59 -4.64 -4.69 -4.74 -4.80 -4.83 -4.87 -4.92 -4.96 -5.03 -5.12 -5.17 -5.21 -5.24 -5.32 -5.32 -5.38 -5.40 -5.41 -5.47 -5.52 -5.59 -5.65 -5.68 -5.72 -5.78 -5.84 -5.85 -5.90 -5.92 -5.94 -5.95 -5.97 -5.98 -5.98 -6.00 -6.04 -6.05 -6.09 -6.13 -6.14 -6.15 -6.18 -6.20 -6.22 -6.24
-2.76 -2.83 -2.93 -3.06 -3.13 -3.30 -3.42 -3.46 -3.66 -3.67 -3.58 -3.63 -3.70 -3.76 -3.90 -3.99 -4.10 -4.25 -4.34 -4.43 -4.46 -4.48 -4.48 -4.60 -4.69 -4.71 -4.76 -4.82 -4.83 -4.90 -4.94 -5.02 -5.08 -5.16 -5.19 -5.23 -5.27 -5.30 -5.36 -5.39 -5.40 -5.46 -5.51 -5.58 -5.63 -5.66 -5.69 -5.76 -5.81 -5.82 -5.87 -5.89 -5.91 -5.93 -5.94 -5.95 -5.95 -5.98 -6.02 -6.03 -6.06 -6.10 -6.12 -6.12 -6.16 -6.18 -6.20
-2.64 -2.69 -2.76 -2.85 -2.94 -3.10 -3.17 -3.41 -3.39 -3.53 -3.56 -3.49 -3.58 -3.66 -3.73 -3.86 -3.97 -4.07 -4.17 -4.27 -4.37 -4.40 -4.44 -4.49 -4.55 -4.69 -4.69 -4.75 -4.80 -4.82 -4.88 -4.91 -5.00 -5.06 -5.14 -5.18 -5.22 -5.27 -5.29 -5.33 -5.38 -5.39 -5.46 -5.50 -5.56 -5.61 -5.64 -5.67 -5.73 -5.78 -5.78 -5.85 -5.86 -5.88 -5.90 -5.91 -5.92 -5.91 -6.00 -5.99 -6.00 -6.04 -6.05 -6.11 -6.11 -6.14 -6.16
-2.47 -2.59 -2.64 -2.68 -2.79 -2.88 -3.07 -3.08 -3.31 -3.31 -3.41 -3.45 -3.41 -3.52 -3.61 -3.71 -3.82 -3.94 -4.04 -4.10 -4.22 -4.30 -4.36 -4.40 -4.45 -4.48 -4.65 -4.67 -4.74 -4.78 -4.81 -4.86 -4.89 -4.99 -5.04 -5.12 -5.16 -5.21 -5.26 -5.32 -5.30 -5.36 -5.38 -5.45 -5.47 -5.54 -5.59 -5.64 -5.66 -5.70 -5.76 -5.76 -5.82 -5.84 -5.85 -5.87 -5.89 -5.91 -5.90 -5.94 -5.97 -5.98 -6.01 -6.01 -6.09 -6.08 -6.12
-2.29 -2.43 -2.53 -2.59 -2.63 -2.73 -2.80 -2.93 -3.06 -3.22 -3.23 -3.29 -3.34 -3.37 -3.51 -3.59 -3.69 -3.80 -3.91 -4.00 -4.08 -4.16 -4.25 -4.32 -4.36 -4.40 -4.48 -4.62 -4.65 -4.72 -4.77 -4.80 -4.84 -4.88 -4.98 -5.02 -5.10 -5.15 -5.19 -5.25 -5.29 -5.27 -5.33 -5.37 -5.43 -5.47 -5.50 -5.58 -5.62 -5.63 -5.68 -5.73 -5.74 -5.80 -5.80 -5.83 -5.85 -5.86 -5.88 -5.90 -5.93 -5.94 -5.96 -5.99 -6.03 -6.08 -6.06
-2.20 -2.25 -2.38 -2.47 -2.54 -2.58 -2.64 -2.76 -2.88 -3.03 -3.13 -3.17 -3.22 -3.33 -3.38 -3.49 -3.58 -3.68 -3.78 -3.88 -3.98 -4.04 -4.09 -4.19 -4.29 -4.34 -4.39 -4.45 -4.59 -4.64 -4.71 -4.76 -4.79 -4.82 -4.87 -4.97 -5.00 -5.08 -5.13 -5.18 -5.24 -5.27 -5.25 -5.32 -5.37 -5.40 -5.46 -5.48 -5.55 -5.59 -5.61 -5.65 -5.70 -5.70 -5.76 -5.77 -5.80 -5.82 -5.83 -5.85 -5.90 -5.90 -5.92 -5.93 -5.97 -6.00 -6.02
-2.03 -2.17 -2.24 -2.24 -2.42 -2.47 -2.56 -2.61 -2.72 -2.84 -2.94 -3.07 -3.14 -3.19 -3.33 -3.40 -3.47 -3.58 -3.67 -3.77 -3.85 -3.95 -4.01 -4.10 -4.17 -4.27 -4.33 -4.38 -4.44 -4.57 -4.62 -4.69 -4.75 -4.79 -4.80 -4.86 -4.96 -4.98 -5.07 -5.12 -5.17 -5.23 -5.28 -5.26 -5.28 -5.34 -5.38 -5.44 -5.46 -5.52 -5.56 -5.60 -5.62 -5.68 -5.67 -5.72 -5.74 -5.77 -5.79 -5.81 -5.81 -5.88 -5.88 -5.89 -5.91 -5.98 -9999.00
-1.88 -1.93 -2.07 -2.18 -2.23 -2.34 -2.43 -2.49 -2.58 -2.67 -2.80 -2.89 -3.03 -3.11 -3.17 -3.30 -3.41 -3.45 -3.56 -3.65 -3.74 -3.84 -3.92 -3.96 -4.07 -4.15 -4.24 -4.29 -4.38 -4.44 -4.53 -4.61 -4.68 -4.74 -4.79 -4.79 -4.84 -4.94 -4.96 -5.05 -5.10 -5.16 -5.22 -5.29 -5.26 -5.22 -5.32 -5.35 -5.42 -5.44 -5.49 -5.54 -5.58 -5.60 -5.65 -5.66 -5.69 -5.72 -5.74 -5.77 -5.79 -5.80 -5.81 -5.85 -5.87 -9999.00 -9999.00
-1.71 -1.79 -1.87 -1.97 -2.12 -2.23 -2.28 -2.39 -2.46 -2.53 -2.62 -2.76 -2.84 -2.99 -3.08 -3.14 -3.27 -3.39 -3.45 -3.57 -3.65 -3.73 -3.82 -3.90 -3.94 -4.04 -4.13 -4.21 -4.28 -4.34 -4.42 -4.49 -4.58 -4.66 -4.73 -4.78 -4.77 -4.83 -4.93 -4.94 -5.03 -5.09 -5.13 -5.16 -5.24 -5.26 -5.23 -5.31 -5.32 -5.41 -5.42 -5.47 -5.51 -5.56 -5.58 -5.63 -5.64 -5.66 -5.69 -5.72 -5.74 -5.77 -5.81 -5.84 -9999.00 -9999.00 -9999.00
-1.56 -1.65 -1.73 -1.82 -1.89 -2.01 -2.11 -2.29 -2.38 -2.40 -2.48 -2.57 -2.71 -2.79 -2.95 -3.04 -3.12 -3.24 -3.38 -3.46 -3.54 -3.63 -3.71 -3.79 -3.87 -3.92 -4.02 -4.11 -4.19 -4.28 -4.34 -4.43 -4.48 -4.55 -4.65 -4.71 -4.77 -4.75 -4.82 -4.92 -4.92 -5.02 -5.08 -5.11 -5.12 -5.22 -5.25 -5.21 -5.26 -5.30 -5.39 -5.40 -5.44 -5.49 -5.54 -5.56 -5.60 -5.62 -5.63 -5.66 -5.69 -5.71 -5.72 -9999.00 -9999.00 -9999.00 -9999.00
-1.43 -1.49 -1.55 -1.57 -1.73 -1.81 -1.92 -2.01 -2.17 -2.32 -2.35 -2.43 -2.52 -2.67 -2.75 -2.91 -3.01 -3.09 -3.22 -3.35 -3.46 -3.51 -3.59 -3.68 -3.77 -3.85 -3.90 -3.99 -4.09 -4.17 -4.28 -4.33 -4.43 -4.46 -4.53 -4.63 -4.70 -4.75 -4.74 -4.80 -4.85 -4.92 -4.99 -5.05 -5.09 -5.10 -5.13 -5.23 -5.22 -5.25 -5.27 -5.36 -5.38 -5.41 -5.46 -5.51 -5.55 -5.57 -5.59 -5.57 -5.64 -5.63 -9999.00 -9999.00 -9999.00 -9999.00 -9999.00
-1.26 -1.38 -1.40 -1.49 -1.55 -1.66 -1.75 -1.86 -1.95 -2.09 -2.24 -2.31 -2.38 -2.48 -2.63 -2.70 -2.86 -2.98 -3.07 -3.20 -3.32 -3.42 -3.49 -3.58 -3.65 -3.74 -3.82 -3.88 -3.97 -4.07 -4.15 -4.26 -4.32 -4.42 -4.44 -4.53 -4.62 -4.69 -4.73 -4.77 -4.80 -4.83 -4.90 -4.97 -5.01 -5.07 -5.08 -5.15 -5.21 -5.21 -5.18 -5.25 -5.34 -5.36 -5.39 -5.44 -5.48 -5.54 -5.54 -5.57 -5.50 -9999.00 -9999.00 -9999.00 -9999.00 -9999.00 -9999.00
-1.10 -1.19 -1.25 -1.34 -1.41 -1.51 -1.62 -1.68 -1.80 -1.92 -2.01 -2.16 -2.26 -2.33 -2.43 -2.59 -2.66 -2.82 -2.95 -3.01 -3.16 -3.26 -3.36 -3.48 -3.53 -3.62 -3.71 -3.80 -3.86 -3.95 -4.05 -4.13 -4.24 -4.29 -4.41 -4.46 -4.53 -4.60 -4.67 -4.67 -4.70 -4.77 -4.81 -4.87 -4.94 -4.98 -5.05 -5.06 -5.11 -5.16 -5.18 -5.18 -5.22 -5.32 -5.34 -5.37 -5.41 -5.46 -5.50 -5.50 -9999.00 -9999.00 -9999.00 -9999.00 -9999.00 -9999.00 -9999.00
-0.92 -1.03 -1.11 -1.17 -1.27 -1.35 -1.45 -1.56 -1.62 -1.75 -1.85 -1.95 -2.08 -2.18 -2.27 -2.38 -2.54 -2.61 -2.79 -2.92 -2.98 -3.10 -3.24 -3.33 -3.43 -3.52 -3.61 -3.68 -3.76 -3.84 -3.93 -4.02 -4.11 -4.22 -4.28 -4.36 -4.46 -4.48 -4.60 -4.64 -4.65 -4.68 -4.74 -4.78 -4.85 -4.92 -4.96 -5.03 -5.03 -5.10 -5.13 -5.15 -5.19 -5.20 -5.30 -5.32 -5.35 -5.39 -5.39 -9999.00 -9999.00 -9999.00 -9999.00 -9999.00 -9999.00 -9999.00 -9999.00
-0.78 -0.87 -0.93 -1.02 -1.10 -1.22 -1.29 -1.39 -1.49 -1.57 -1.69 -1.81 -1.88 -2.00 -2.12 -2.23 -2.34 -2.49 -2.58 -2.76 -2.89 -2.95 -3.07 -3.19 -3.30 -3.39 -3.49 -3.56 -3.65 -3.74 -3.82 -3.91 -4.00 -4.09 -4.20 -4.28 -4.32 -4.44 -4.47 -4.58 -4.62 -4.64 -4.66 -4.72 -4.76 -4.83 -4.89 -4.94 -5.01 -5.01 -5.08 -5.09 -5.14 -5.16 -5.19 -5.28 -5.30 -5.31 -9999.00 -9999.00 -9999.00 -9999.00 -9999.00 -9999.00 -9999.00 -9999.00 -9999.00
-0.64 -0.71 -0.81 -0.89 -0.99 -1.07 -1.15 -1.25 -1.33 -1.43 -1.52 -1.64 -1.77 -1.83 -1.94 -2.05 -2.19 -2.31 -2.45 -2.53 -2.72 -2.86 -2.92 -3.03 -3.15 -3.25 -3.33 -3.44 -3.54 -3.62 -3.71 -3.80 -3.88 -3.98 -4.07 -4.19 -4.25 -4.30 -4.41 -4.46 -4.56 -4.59 -4.59 -4.64 -4.71 -4.74 -4.80 -4.87 -4.92 -4.98 -4.99 -5.06 -5.10 -5.12 -5.11 -5.18 -5.22 -9999.00 -9999.00 -9999.00 -9999.00 -9999.00 -9999.00 -9999.00 -9999.00 -9999.00 -9999.00
-0.74 -0.65 -0.70 -0.76 -0.86 -0.95 -1.04 -1.08 -1.19 -1.28 -1.37 -1.47 -1.58 -1.72 -1.79 -1.90 -2.03 -2.18 -2.28 -2.41 -2.52 -2.67 -2.82 -2.89 -3.00 -3.12 -3.23 -3.34 -3.40 -3.50 -3.59 -3.68 -3.78 -3.87 -3.96 -4.07 -4.17 -4.23 -4.29 -4.37 -4.45 -4.52 -4.53 -4.56 -4.63 -4.69 -4.72 -4.78 -4.86 -4.90 -4.96 -4.97 -5.04 -5.09 -5.08 -5.13 -9999.00 -9999.00 -9999.00 -9999.00 -9999.00 -9999.00 -9999.00 -9999.00 -9999.00 -9999.00 -9999.00
-0.76 -0.64 -0.59 -0.68 -0.73 -0.82 -0.92 -0.99 -1.01 -1.13 -1.24 -1.31 -1.42 -1.52 -1.66 -1.75 -1.85 -1.99 -2.12 -2.24 -2.37 -2.48 -2.61 -2.78 -2.86 -2.96 -3.09 -3.18 -3.30 -3.37 -3.47 -3.56 -3.64 -3.75 -3.84 -3.93 -4.05 -4.14 -4.20 -4.27 -4.34 -4.44 -4.50 -4.51 -4.54 -4.60 -4.67 -4.70 -4.77 -4.84 -4.88 -4.93 -4.95 -5.02 -5.04 -9999.00 -9999.00 -9999.00 -9999.00 -9999.00 -9999.00 -9999.00 -9999.00 -9999.00 -9999.00 -9999.00 -9999.00
-0.51 -0.53 -0.61 -0.60 -0.63 -0.72 -0.79 -0.88 -1.03 -0.94 -1.08 -1.18 -1.26 -1.36 -1.48 -1.62 -1.71 -1.82 -1.96 -2.08 -2.21 -2.32 -2.44 -2.57 -2.75 -2.83 -2.92 -3.05 -3.16 -3.26 -3.35 -3.41 -3.52 -3.62 -3.72 -3.82 -3.91 -4.02 -4.11 -4.18 -4.25 -4.31 -4.41 -4.47 -4.47 -4.52 -4.59 -4.66 -4.68 -4.75 -4.83 -4.85 -4.91 -4.93 -9999.00 -9999.00 -9999.00 -9999.00 -9999.00 -9999.00 -9999.00 -9999.00 -9999.00 -9999.00 -9999.00 -9999.00 -9999.00
-0.41 -0.43 -0.50 -0.58 -0.60 -0.62 -0.72 -0.75 -0.84 -1.01 -0.87 -1.02 -1.12 -1.23 -1.31 -1.44 -1.57 -1.67 -1.79 -1.92 -2.05 -2.17 -2.29 -2.40 -2.53 -2.72 -2.80 -2.87 -3.01 -3.14 -3.23 -3.33 -3.42 -3.50 -3.60 -3.70 -3.80 -3.88 -3.98 -4.08 -4.15 -4.22 -4.27 -4.38 -4.44 -4.44 -4.50 -4.57 -4.64 -4.66 -4.73 -4.81 -4.85 -9999.00 -9999.00 -9999.00 -9999.00 -9999.00 -9999.00 -9999.00 -9999.00 -9999.00 -9999.00 -9999.00 -9999.00 -9999.00 -9999.00
-0.29 -0.33 -0.40 -0.48 -0.56 -0.59 -0.57 -0.61 -0.81 -0.80 -0.96 -0.82 -0.96 -1.06 -1.21 -1.28 -1.41 -1.53 -1.64 -1.76 -1.90 -2.04 -2.14 -2.26 -2.36 -2.49 -2.69 -2.77 -2.83 -2.98 -3.10 -3.20 -3.30 -3.39 -3.47 -3.58 -3.68 -3.77 -3.86 -3.95 -4.05 -4.12 -4.20 -4.24 -4.35 -4.40 -4.42 -4.49 -4.55 -4.62 -4.64 -4.72 -9999.00 -9999.00 -9999.00 -9999.00 -9999.00 -9999.00 -9999.00 -9999.00 -9999.00 -9999.00 -9999.00 -9999.00 -9999.00 -9999.00 -9999.00
-0.18 -0.23 -0.30 -0.38 -0.46 -0.54 -0.61 -0.56 -0.66 -0.75 -0.80 -0.89 -0.88 -0.94 -1.03 -1.17 -1.24 -1.37 -1.49 -1.60 -1.73 -1.85 -1.99 -2.11 -2.22 -2.33 -2.45 -2.66 -2.74 -2.78 -2.91 -3.07 -3.16 -3.26 -3.37 -3.46 -3.56 -3.66 -3.75 -3.84 -3.94 -4.03 -4.09 -4.17 -4.21 -4.32 -4.34 -4.40 -4.49 -4.53 -4.60 -9999.00 -9999.00 -9999.00 -9999.00 -9999.00 -9999.00 -9999.00 -9999.00 -9999.00 -9999.00 -9999.00 -9999.00 -9999.00 -9999.00 -9999.00 -9999.00
-0.06 -0.13 -0.20 -0.28 -0.36 -0.43 -0.51 -0.57 -0.56 -0.64 -0.71 -0.79 -0.87 -0.86 -0.86 -0.99 -1.12 -1.21 -1.33 -1.45 -1.56 -1.69 -1.82 -1.93 -2.07 -2.18 -2.29 -2.43 -2.62 -2.71 -2.76 -2.87 -3.04 -3.16 -3.23 -3.34 -3.44 -3.53 -3.65 -3.73 -3.81 -3.89 -4.00 -4.06 -4.15 -4.17 -4.29 -4.32 -4.38 -4.47 -9999.00 -9999.00 -9999.00 -9999.00 -9999.00 -9999.00 -9999.00 -9999.00 -9999.00 -9999.00 -9999.00 -9999.00 -9999.00 -9999.00 -9999.00 -9999.00 -9999.00
0.09 -0.03 -0.10 -0.17 -0.25 -0.33 -0.41 -0.49 -0.47 -0.54 -0.63 -0.69 -0.77 -0.84 -0.84 -0.91 -0.96 -1.07 -1.18 -1.29 -1.41 -1.53 -1.66 -1.79 -1.89 -2.02 -2.14 -2.23 -2.39 -2.58 -2.68 -2.75 -2.85 -3.00 -3.14 -3.20 -3.30 -3.42 -3.50 -3.62 -3.70 -3.79 -3.86 -3.97 -4.03 -4.12 -4.17 -4.28 -9999.00 -9999.00 -9999.00 -9999.00 -9999.00 -9999.00 -9999.00 -9999.00 -9999.00 -9999.00 -9999.00 -9999.00 -9999.00 -9999.00 -9999.00 -9999.00 -9999.00 -9999.00 -9999.00
0.22 0.09 0.01 -0.07 -0.12 -0.16 -0.22 -0.26 -0.36 -0.43 -0.51 -0.58 -0.66 -0.74 -0.77 -0.82 -0.89 -0.91 -1.02 -1.15 -1.25 -1.38 -1.49 -1.61 -1.77 -1.86 -1.97 -2.09 -2.19 -2.36 -2.56 -2.62 -2.73 -2.84 -2.96 -3.12 -3.16 -3.27 -3.39 -3.49 -3.60 -3.68 -3.76 -3.85 -3.94 -4.00 -4.09 -9999.00 -9999.00 -9999.00 -9999.00 -9999.00 -9999.00 -9999.00 -9999.00 -9999.00 -9999.00 -9999.00 -9999.00 -9999.00 -9999.00 -9999.00 -9999.00 -9999.00 -9999.00 -9999.00 -9999.00
0.23 0.16 0.12 0.07 0.01 -0.03 -0.06 -0.19 -0.28 -0.32 -0.40 -0.48 -0.56 -0.64 -0.72 -0.74 -0.81 -0.87 -0.93 -0.99 -1.11 -1.21 -1.34 -1.46 -1.58 -1.76 -1.81 -1.97 -2.06 -2.16 -2.36 -2.49 -2.58 -2.67 -2.81 -2.92 -3.10 -3.15 -3.25 -3.35 -3.47 -3.56 -3.66 -3.74 -3.85 -3.91 -9999.00 -9999.00 -9999.00 -9999.00 -9999.00 -9999.00 -9999.00 -9999.00 -9999.00 -9999.00 -9999.00 -9999.00 -9999.00 -9999.00 -9999.00 -9999.00 -9999.00 -9999.00 -9999.00 -9999.00 -9999.00
