utils/5a01f6d0e4b0531197b72cfe/58518267e4b0f99207c4f0fb/58518e9ee4b0f99207c4f13e/ew13_mar_dem_5m.asc
ncols	796
nrows	427
xllcorner	295390.00
yllcorner	130085.00
cellsize	5.00
NODATA_value	-9999.00
[rows 29 to 57 of 427, columns 469 to 535 of 796]
-11.37 -11.35 -11.36 -11.35 -11.34 -11.28 -11.22 -11.17 -11.11 -11.04 -11.01 -10.90 -10.96 -10.91 -10.88 -10.82 -10.80 -10.74 -10.77 -10.76 -10.77 -10.78 -10.76 -10.77 -10.78 -10.82 -10.80 -10.86 -10.94 -10.99 -11.04 -11.07 -11.11 -11.06 -11.09 -11.11 -11.07 -11.06 -11.06 -11.05 -11.05 -11.05 -11.06 -11.06 -11.04 -11.01 -10.95 -10.98 -10.94 -10.94 -10.93 -10.95 -10.97 -10.97 -11.01 -11.07 -11.07 -11.10 -11.10 -11.10 -11.11 -11.08 -11.08 -11.10 -11.14 -11.18 -11.21
-11.29 -11.28 -11.28 -11.27 -11.25 -11.24 -11.21 -11.15 -11.11 -11.04 -10.96 -10.91 -10.89 -10.89 -10.88 -10.81 -10.80 -10.74 -10.69 -10.73 -10.68 -10.73 -10.75 -10.75 -10.76 -10.74 -10.76 -10.84 -10.90 -11.01 -11.07 -11.13 -11.12 -11.11 -11.08 -11.06 -11.07 -11.08 -11.11 -11.09 -11.09 -11.08 -11.08 -11.07 -11.09 -11.06 -11.02 -10.98 -10.96 -10.93 -10.93 -10.95 -10.92 -10.96 -10.98 -10.98 -11.03 -11.06 -11.05 -11.08 -11.09 -11.07 -11.08 -11.08 -11.06 -11.08 -11.12
-11.21 -11.21 -11.19 -11.18 -11.17 -11.17 -11.14 -11.11 -11.09 -11.04 -10.96 -10.93 -10.93 -10.89 -10.86 -10.83 -10.80 -10.77 -10.71 -10.71 -10.68 -10.68 -10.69 -10.68 -10.70 -10.74 -10.77 -10.83 -10.89 -10.97 -11.06 -11.09 -11.13 -11.16 -11.12 -11.08 -11.08 -11.05 -11.03 -11.06 -11.08 -11.10 -11.10 -11.11 -11.10 -11.09 -11.04 -11.03 -10.99 -10.97 -10.97 -10.93 -10.94 -10.95 -10.93 -10.96 -10.99 -10.99 -11.05 -11.05 -11.03 -11.05 -11.05 -11.05 -11.07 -11.08 -11.05
-11.11 -11.11 -11.10 -11.12 -11.09 -11.08 -11.07 -11.05 -11.04 -11.01 -10.97 -10.90 -10.91 -10.87 -10.86 -10.85 -10.84 -10.83 -10.79 -10.73 -10.71 -10.64 -10.65 -10.64 -10.66 -10.67 -10.71 -10.79 -10.85 -10.96 -11.06 -11.12 -11.11 -11.12 -11.09 -11.06 -11.07 -11.09 -11.04 -11.04 -11.01 -11.03 -11.05 -11.08 -11.07 -11.04 -10.99 -10.96 -10.98 -10.99 -10.99 -10.97 -10.96 -10.95 -10.94 -10.95 -10.94 -10.97 -11.00 -11.00 -11.01 -10.99 -10.99 -11.00 -11.02 -11.02 -11.03
-11.07 -11.06 -11.06 -11.04 -11.01 -11.01 -11.00 -10.98 -10.97 -10.92 -10.93 -10.92 -10.89 -10.87 -10.85 -10.83 -10.80 -10.79 -10.77 -10.75 -10.71 -10.69 -10.66 -10.63 -10.59 -10.56 -10.67 -10.75 -10.84 -10.90 -10.97 -11.06 -11.09 -11.07 -11.07 -11.07 -11.06 -11.04 -11.02 -11.02 -11.02 -11.02 -11.00 -10.99 -11.00 -11.00 -10.99 -10.97 -10.95 -10.96 -10.92 -10.94 -10.96 -10.97 -10.95 -10.95 -10.94 -10.96 -10.95 -10.99 -10.95 -10.94 -10.96 -10.95 -10.94 -10.96 -10.98
-11.06 -11.06 -11.06 -11.04 -11.01 -10.98 -10.97 -10.93 -10.90 -10.89 -10.86 -10.86 -10.86 -10.86 -10.85 -10.83 -10.80 -10.78 -10.77 -10.74 -10.71 -10.68 -10.65 -10.63 -10.59 -10.57 -10.63 -10.70 -10.77 -10.85 -10.91 -10.96 -10.98 -11.01 -11.04 -11.02 -11.02 -11.02 -11.01 -11.00 -10.99 -10.97 -10.96 -10.94 -10.96 -10.94 -10.94 -10.91 -10.95 -10.95 -10.93 -10.93 -10.93 -10.92 -10.90 -10.92 -10.95 -10.95 -10.93 -10.89 -10.89 -10.91 -10.89 -10.88 -10.92 -10.89 -10.89
-10.97 -10.99 -11.00 -10.98 -10.97 -10.95 -10.92 -10.87 -10.85 -10.84 -10.85 -10.84 -10.83 -10.82 -10.81 -10.79 -10.79 -10.78 -10.76 -10.74 -10.72 -10.70 -10.67 -10.64 -10.59 -10.59 -10.64 -10.68 -10.73 -10.78 -10.85 -10.88 -10.93 -10.92 -10.94 -10.96 -10.99 -10.96 -10.98 -10.96 -10.96 -10.95 -10.94 -10.93 -10.88 -10.90 -10.89 -10.91 -10.91 -10.87 -10.93 -10.93 -10.91 -10.90 -10.90 -10.90 -10.90 -10.89 -10.88 -10.89 -10.86 -10.85 -10.84 -10.81 -10.84 -10.85 -10.84
-10.93 -10.94 -10.94 -10.94 -10.91 -10.88 -10.87 -10.84 -10.78 -10.76 -10.78 -10.77 -10.78 -10.79 -10.80 -10.80 -10.78 -10.76 -10.74 -10.71 -10.69 -10.68 -10.68 -10.65 -10.63 -10.64 -10.68 -10.72 -10.74 -10.79 -10.80 -10.82 -10.82 -10.85 -10.87 -10.90 -10.91 -10.91 -10.94 -10.92 -10.93 -10.91 -10.91 -10.86 -10.87 -10.86 -10.84 -10.84 -10.83 -10.86 -10.87 -10.87 -10.89 -10.92 -10.89 -10.87 -10.87 -10.88 -10.86 -10.83 -10.82 -10.82 -10.79 -10.78 -10.77 -10.79 -10.81
-10.86 -10.84 -10.83 -10.82 -10.83 -10.82 -10.82 -10.79 -10.76 -10.75 -10.74 -10.73 -10.73 -10.74 -10.73 -10.74 -10.75 -10.74 -10.74 -10.72 -10.72 -10.68 -10.64 -10.60 -10.61 -10.64 -10.68 -10.71 -10.76 -10.78 -10.84 -10.82 -10.82 -10.80 -10.77 -10.81 -10.83 -10.86 -10.87 -10.86 -10.89 -10.87 -10.88 -10.85 -10.87 -10.85 -10.82 -10.82 -10.82 -10.82 -10.81 -10.80 -10.83 -10.84 -10.85 -10.90 -10.90 -10.84 -10.80 -10.76 -10.76 -10.75 -10.75 -10.72 -10.73 -10.74 -10.72
-10.76 -10.72 -10.70 -10.72 -10.70 -10.73 -10.71 -10.68 -10.70 -10.69 -10.72 -10.72 -10.70 -10.71 -10.70 -10.69 -10.71 -10.70 -10.69 -10.68 -10.68 -10.68 -10.66 -10.68 -10.67 -10.65 -10.65 -10.69 -10.73 -10.77 -10.78 -10.81 -10.80 -10.80 -10.81 -10.80 -10.82 -10.77 -10.74 -10.82 -10.85 -10.82 -10.85 -10.83 -10.83 -10.82 -10.81 -10.82 -10.81 -10.80 -10.79 -10.77 -10.76 -10.77 -10.79 -10.80 -10.80 -10.81 -10.81 -10.74 -10.72 -10.68 -10.66 -10.67 -10.65 -10.67 -10.68
-10.74 -10.69 -10.66 -10.65 -10.65 -10.65 -10.62 -10.63 -10.61 -10.62 -10.63 -10.67 -10.67 -10.67 -10.66 -10.66 -10.64 -10.65 -10.68 -10.67 -10.66 -10.65 -10.67 -10.62 -10.64 -10.67 -10.72 -10.75 -10.79 -10.79 -10.76 -10.75 -10.75 -10.77 -10.80 -10.82 -10.79 -10.77 -10.76 -10.79 -10.81 -10.72 -10.80 -10.77 -10.81 -10.79 -10.78 -10.77 -10.75 -10.74 -10.72 -10.73 -10.73 -10.71 -10.71 -10.71 -10.71 -10.72 -10.72 -10.70 -10.69 -10.66 -10.63 -10.63 -10.63 -10.61 -10.62
-10.65 -10.59 -10.55 -10.58 -10.58 -10.57 -10.54 -10.52 -10.48 -10.57 -10.61 -10.63 -10.65 -10.65 -10.65 -10.67 -10.66 -10.65 -10.65 -10.62 -10.60 -10.62 -10.61 -10.64 -10.67 -10.69 -10.69 -10.73 -10.79 -10.81 -10.80 -10.80 -10.74 -10.77 -10.75 -10.76 -10.78 -10.79 -10.82 -10.78 -10.76 -10.73 -10.75 -10.75 -10.73 -10.73 -10.74 -10.70 -10.69 -10.70 -10.69 -10.67 -10.66 -10.66 -10.65 -10.64 -10.66 -10.63 -10.65 -10.65 -10.63 -10.59 -10.63 -10.59 -10.58 -10.58 -10.58
-10.67 -10.61 -10.57 -10.57 -10.58 -10.57 -10.57 -10.58 -10.53 -10.52 -10.54 -10.58 -10.58 -10.63 -10.66 -10.67 -10.67 -10.65 -10.66 -10.65 -10.66 -10.64 -10.63 -10.60 -10.62 -10.62 -10.64 -10.67 -10.73 -10.75 -10.79 -10.80 -10.78 -10.75 -10.75 -10.75 -10.76 -10.76 -10.78 -10.79 -10.80 -10.77 -10.72 -10.71 -10.69 -10.69 -10.68 -10.67 -10.66 -10.63 -10.60 -10.60 -10.60 -10.62 -10.61 -10.59 -10.59 -10.59 -10.58 -10.61 -10.56 -10.58 -10.59 -10.56 -10.52 -10.55 -10.54
-10.65 -10.62 -10.58 -10.56 -10.54 -10.52 -10.52 -10.53 -10.55 -10.59 -10.62 -10.61 -10.62 -10.62 -10.65 -10.66 -10.62 -10.65 -10.65 -10.65 -10.64 -10.62 -10.63 -10.65 -10.63 -10.63 -10.65 -10.65 -10.67 -10.70 -10.67 -10.67 -10.72 -10.74 -10.77 -10.75 -10.74 -10.73 -10.75 -10.75 -10.77 -10.74 -10.72 -10.69 -10.66 -10.65 -10.66 -10.63 -10.62 -10.61 -10.57 -10.57 -10.51 -10.50 -10.51 -10.52 -10.54 -10.57 -10.54 -10.56 -10.53 -10.54 -10.52 -10.48 -10.48 -10.53 -10.50
-10.60 -10.55 -10.53 -10.53 -10.53 -10.54 -10.48 -10.46 -10.49 -10.52 -10.54 -10.55 -10.58 -10.63 -10.66 -10.63 -10.63 -10.61 -10.60 -10.58 -10.61 -10.61 -10.62 -10.62 -10.60 -10.59 -10.61 -10.56 -10.60 -10.66 -10.64 -10.69 -10.68 -10.67 -10.68 -10.66 -10.70 -10.74 -10.72 -10.69 -10.71 -10.70 -10.69 -10.70 -10.67 -10.64 -10.63 -10.61 -10.62 -10.58 -10.55 -10.54 -10.53 -10.51 -10.45 -10.42 -10.44 -10.47 -10.48 -10.46 -10.48 -10.50 -10.48 -10.48 -10.46 -10.43 -10.42
-10.56 -10.52 -10.49 -10.50 -10.51 -10.51 -10.52 -10.48 -10.51 -10.51 -10.53 -10.54 -10.56 -10.59 -10.60 -10.60 -10.60 -10.56 -10.57 -10.55 -10.55 -10.53 -10.53 -10.55 -10.54 -10.55 -10.55 -10.52 -10.59 -10.60 -10.59 -10.63 -10.63 -10.68 -10.67 -10.66 -10.65 -10.65 -10.64 -10.66 -10.67 -10.67 -10.64 -10.65 -10.61 -10.63 -10.64 -10.60 -10.58 -10.58 -10.57 -10.54 -10.52 -10.49 -10.47 -10.45 -10.46 -10.42 -10.45 -10.46 -10.46 -10.43 -10.45 -10.43 -10.43 -10.42 -10.41
-10.55 -10.50 -10.48 -10.45 -10.39 -10.35 -10.31 -10.33 -10.40 -10.48 -10.51 -10.52 -10.54 -10.55 -10.55 -10.55 -10.56 -10.55 -10.52 -10.50 -10.50 -10.48 -10.47 -10.48 -10.48 -10.45 -10.45 -10.44 -10.50 -10.53 -10.54 -10.60 -10.59 -10.60 -10.61 -10.67 -10.66 -10.65 -10.63 -10.59 -10.61 -10.60 -10.63 -10.64 -10.62 -10.57 -10.58 -10.56 -10.56 -10.57 -10.54 -10.53 -10.52 -10.50 -10.45 -10.47 -10.45 -10.42 -10.42 -10.44 -10.38 -10.44 -10.40 -10.37 -10.41 -10.36 -10.38
-10.53 -10.49 -10.45 -10.43 -10.39 -10.35 -10.32 -10.29 -10.33 -10.37 -10.40 -10.44 -10.49 -10.54 -10.55 -10.53 -10.51 -10.49 -10.48 -10.49 -10.48 -10.45 -10.42 -10.44 -10.41 -10.44 -10.46 -10.44 -10.43 -10.43 -10.47 -10.51 -10.54 -10.59 -10.59 -10.57 -10.59 -10.65 -10.62 -10.56 -10.59 -10.58 -10.58 -10.55 -10.56 -10.56 -10.57 -10.55 -10.49 -10.50 -10.48 -10.51 -10.50 -10.48 -10.46 -10.42 -10.42 -10.41 -10.45 -10.41 -10.37 -10.38 -10.32 -10.36 -10.35 -10.33 -10.33
-10.48 -10.45 -10.38 -10.38 -10.32 -10.31 -10.27 -10.23 -10.25 -10.29 -10.33 -10.38 -10.43 -10.48 -10.51 -10.48 -10.46 -10.45 -10.46 -10.45 -10.43 -10.41 -10.40 -10.40 -10.39 -10.35 -10.36 -10.39 -10.40 -10.46 -10.45 -10.44 -10.47 -10.51 -10.55 -10.55 -10.59 -10.56 -10.57 -10.56 -10.55 -10.50 -10.51 -10.54 -10.50 -10.48 -10.49 -10.47 -10.47 -10.49 -10.47 -10.42 -10.41 -10.41 -10.44 -10.42 -10.39 -10.37 -10.37 -10.38 -10.40 -10.37 -10.36 -10.33 -10.30 -10.29 -10.30
-10.31 -10.28 -10.27 -10.25 -10.22 -10.21 -10.19 -10.13 -10.16 -10.23 -10.28 -10.31 -10.37 -10.43 -10.38 -10.38 -10.36 -10.34 -10.34 -10.31 -10.33 -10.33 -10.37 -10.36 -10.35 -10.35 -10.30 -10.34 -10.35 -10.34 -10.37 -10.42 -10.44 -10.46 -10.47 -10.51 -10.55 -10.57 -10.53 -10.51 -10.51 -10.49 -10.48 -10.45 -10.39 -10.44 -10.42 -10.42 -10.42 -10.40 -10.40 -10.39 -10.40 -10.40 -10.36 -10.34 -10.36 -10.37 -10.26 -10.32 -10.32 -10.32 -10.34 -10.34 -10.30 -10.28 -10.26
-10.26 -10.23 -10.21 -10.18 -10.16 -10.13 -10.12 -10.10 -10.13 -10.19 -10.22 -10.26 -10.29 -10.38 -10.34 -10.30 -10.26 -10.27 -10.20 -10.20 -10.17 -10.22 -10.24 -10.27 -10.29 -10.30 -10.27 -10.27 -10.30 -10.32 -10.34 -10.35 -10.38 -10.40 -10.41 -10.45 -10.46 -10.46 -10.47 -10.49 -10.48 -10.46 -10.43 -10.38 -10.39 -10.38 -10.36 -10.31 -10.32 -10.31 -10.34 -10.33 -10.32 -10.32 -10.31 -10.30 -10.29 -10.27 -10.29 -10.29 -10.20 -10.26 -10.25 -10.27 -10.28 -10.27 -10.26
-10.22 -10.20 -10.17 -10.13 -10.12 -10.13 -10.11 -10.09 -10.10 -10.10 -10.14 -10.18 -10.22 -10.26 -10.25 -10.23 -10.21 -10.19 -10.14 -10.16 -10.06 -10.11 -10.16 -10.16 -10.20 -10.21 -10.23 -10.23 -10.24 -10.22 -10.26 -10.29 -10.31 -10.34 -10.36 -10.39 -10.37 -10.37 -10.37 -10.38 -10.39 -10.38 -10.41 -10.37 -10.32 -10.30 -10.28 -10.29 -10.28 -10.27 -10.22 -10.22 -10.26 -10.26 -10.26 -10.25 -10.25 -10.20 -10.21 -10.21 -10.21 -10.21 -10.16 -10.19 -10.19 -10.21 -10.22
-10.12 -10.11 -10.11 -10.08 -10.06 -10.04 -10.01 -10.02 -10.03 -10.06 -10.05 -10.10 -10.16 -10.20 -10.18 -10.17 -10.14 -10.14 -10.10 -10.05 -10.08 -10.09 -10.08 -10.07 -10.12 -10.13 -10.16 -10.17 -10.18 -10.17 -10.18 -10.17 -10.18 -10.24 -10.28 -10.30 -10.31 -10.29 -10.29 -10.29 -10.29 -10.29 -10.27 -10.25 -10.23 -10.25 -10.22 -10.18 -10.19 -10.18 -10.18 -10.18 -10.16 -10.17 -10.16 -10.21 -10.20 -10.16 -10.16 -10.14 -10.14 -10.13 -10.14 -10.10 -10.11 -10.13 -10.13
-10.00 -10.00 -9.99 -9.95 -9.95 -9.95 -9.91 -9.94 -9.94 -9.95 -9.97 -10.01 -10.02 -10.04 -10.03 -10.04 -10.03 -10.01 -10.00 -10.02 -10.02 -10.02 -10.03 -10.04 -10.05 -10.06 -10.07 -10.07 -10.09 -10.10 -10.10 -10.10 -10.11 -10.10 -10.10 -10.16 -10.18 -10.20 -10.19 -10.20 -10.20 -10.17 -10.17 -10.15 -10.14 -10.11 -10.11 -10.10 -10.08 -10.06 -10.06 -10.07 -10.09 -10.10 -10.10 -10.13 -10.13 -10.14 -10.14 -10.12 -10.08 -10.08 -10.06 -10.05 -10.07 -10.05 -10.06
-9.85 -9.85 -9.86 -9.86 -9.86 -9.84 -9.78 -9.78 -9.87 -9.85 -9.86 -9.87 -9.90 -9.88 -9.87 -9.89 -9.91 -9.91 -9.92 -9.93 -9.91 -9.92 -9.91 -9.91 -9.95 -9.96 -10.00 -9.98 -9.96 -10.00 -10.00 -10.01 -10.02 -10.04 -10.05 -10.05 -10.06 -10.04 -10.07 -10.07 -10.06 -10.06 -10.04 -10.02 -10.01 -10.00 -9.99 -9.98 -9.94 -9.96 -9.96 -9.93 -9.95 -10.00 -10.00 -10.03 -10.04 -10.06 -10.06 -10.04 -10.05 -10.05 -10.04 -10.01 -10.01 -9.98 -10.01
-9.72 -9.72 -9.69 -9.63 -9.66 -9.71 -9.72 -9.72 -9.69 -9.68 -9.72 -9.75 -9.74 -9.76 -9.77 -9.78 -9.79 -9.79 -9.80 -9.78 -9.79 -9.77 -9.82 -9.85 -9.83 -9.87 -9.87 -9.84 -9.88 -9.90 -9.91 -9.93 -9.93 -9.93 -9.96 -9.95 -9.95 -9.96 -9.97 -9.97 -9.97 -9.93 -9.88 -9.89 -9.86 -9.85 -9.84 -9.84 -9.83 -9.83 -9.80 -9.81 -9.86 -9.86 -9.90 -9.93 -9.93 -9.96 -9.96 -9.95 -9.97 -9.96 -9.96 -9.96 -9.95 -9.94 -9.93
-9.59 -9.57 -9.55 -9.53 -9.51 -9.52 -9.49 -9.44 -9.58 -9.61 -9.62 -9.60 -9.61 -9.66 -9.67 -9.67 -9.69 -9.68 -9.67 -9.65 -9.67 -9.72 -9.72 -9.72 -9.71 -9.72 -9.77 -9.76 -9.78 -9.81 -9.79 -9.81 -9.84 -9.82 -9.83 -9.80 -9.84 -9.86 -9.87 -9.87 -9.87 -9.83 -9.79 -9.74 -9.70 -9.71 -9.68 -9.68 -9.66 -9.67 -9.67 -9.68 -9.73 -9.75 -9.79 -9.80 -9.85 -9.85 -9.86 -9.87 -9.87 -9.87 -9.90 -9.89 -9.87 -9.87 -9.88
-9.48 -9.44 -9.40 -9.37 -9.33 -9.31 -9.30 -9.36 -9.38 -9.44 -9.44 -9.50 -9.51 -9.53 -9.54 -9.54 -9.56 -9.61 -9.61 -9.60 -9.60 -9.62 -9.64 -9.65 -9.64 -9.65 -9.66 -9.66 -9.70 -9.69 -9.71 -9.73 -9.75 -9.75 -9.76 -9.75 -9.72 -9.72 -9.66 -9.76 -9.68 -9.69 -9.67 -9.64 -9.60 -9.56 -9.51 -9.53 -9.50 -9.52 -9.52 -9.59 -9.61 -9.66 -9.68 -9.71 -9.73 -9.75 -9.76 -9.79 -9.80 -9.80 -9.81 -9.81 -9.77 -9.81 -9.78
-9.34 -9.33 -9.31 -9.24 -9.22 -9.16 -9.14 -9.18 -9.23 -9.28 -9.31 -9.37 -9.40 -9.42 -9.44 -9.46 -9.48 -9.48 -9.49 -9.49 -9.52 -9.53 -9.53 -9.53 -9.52 -9.55 -9.57 -9.59 -9.59 -9.60 -9.62 -9.62 -9.64 -9.66 -9.68 -9.67 -9.67 -9.67 -9.63 -9.64 -9.61 -9.54 -9.54 -9.53 -9.48 -9.45 -9.42 -9.37 -9.34 -9.35 -9.38 -9.46 -9.51 -9.56 -9.61 -9.62 -9.63 -9.65 -9.67 -9.69 -9.71 -9.70 -9.74 -9.75 -9.75 -9.74 -9.70
