utils/5a01f6d0e4b0531197b72cfe/58518267e4b0f99207c4f0fb/58518e9ee4b0f99207c4f13e/ew13_mar_dem_5m.asc
ncols	796
nrows	427
xllcorner	295390.00
yllcorner	130085.00
cellsize	5.00
NODATA_value	-9999.00
[rows 58 to 86 of 427, columns 402 to 468 of 796]
-9.65 -9.64 -9.64 -9.63 -9.62 -9.64 -9.66 -9.66 -9.64 -9.65 -9.63 -9.64 -9.62 -9.55 -9.52 -9.49 -9.45 -9.40 -9.40 -9.40 -9.41 -9.45 -9.45 -9.47 -9.48 -9.51 -9.53 -9.56 -9.57 -9.57 -9.57 -9.58 -9.60 -9.62 -9.64 -9.65 -9.65 -9.63 -9.60 -9.58 -9.56 -9.56 -9.53 -9.51 -9.52 -9.51 -9.48 -9.48 -9.47 -9.48 -9.47 -9.44 -9.42 -9.38 -9.35 -9.30 -9.28 -9.25 -9.27 -9.30 -9.27 -9.27 -9.27 -9.28 -9.28 -9.29 -9.26
-9.73 -9.68 -9.64 -9.60 -9.59 -9.57 -9.56 -9.54 -9.53 -9.51 -9.50 -9.48 -9.46 -9.42 -9.42 -9.41 -9.41 -9.44 -9.46 -9.47 -9.48 -9.48 -9.50 -9.51 -9.51 -9.51 -9.52 -9.53 -9.55 -9.55 -9.55 -9.54 -9.54 -9.54 -9.55 -9.55 -9.53 -9.51 -9.49 -9.46 -9.44 -9.41 -9.40 -9.39 -9.39 -9.40 -9.38 -9.36 -9.38 -9.37 -9.37 -9.36 -9.33 -9.31 -9.29 -9.27 -9.25 -9.23 -9.21 -9.19 -9.15 -9.14 -9.13 -9.12 -9.13 -9.12 -9.11
-9.67 -9.65 -9.63 -9.61 -9.58 -9.53 -9.50 -9.47 -9.44 -9.41 -9.38 -9.34 -9.32 -9.34 -9.35 -9.37 -9.39 -9.40 -9.41 -9.42 -9.42 -9.42 -9.41 -9.42 -9.43 -9.44 -9.45 -9.47 -9.46 -9.45 -9.45 -9.44 -9.43 -9.42 -9.41 -9.41 -9.41 -9.39 -9.36 -9.33 -9.30 -9.28 -9.27 -9.25 -9.24 -9.24 -9.24 -9.23 -9.25 -9.25 -9.22 -9.22 -9.21 -9.21 -9.19 -9.18 -9.17 -9.15 -9.12 -9.10 -9.06 -9.04 -9.00 -9.00 -8.98 -8.97 -8.95
-9.67 -9.63 -9.59 -9.57 -9.54 -9.51 -9.47 -9.43 -9.41 -9.37 -9.34 -9.34 -9.34 -9.35 -9.36 -9.38 -9.40 -9.41 -9.44 -9.45 -9.44 -9.43 -9.43 -9.42 -9.41 -9.40 -9.39 -9.38 -9.37 -9.35 -9.35 -9.34 -9.33 -9.32 -9.31 -9.31 -9.26 -9.20 -9.17 -9.12 -9.10 -9.05 -9.06 -9.06 -9.08 -9.08 -9.08 -9.08 -9.08 -9.06 -9.08 -9.09 -9.10 -9.08 -9.08 -9.09 -9.06 -9.03 -9.04 -9.03 -9.03 -9.01 -8.97 -8.93 -8.90 -8.83 -8.83
-9.53 -9.50 -9.46 -9.43 -9.39 -9.38 -9.34 -9.33 -9.32 -9.30 -9.28 -9.32 -9.30 -9.28 -9.30 -9.32 -9.35 -9.38 -9.42 -9.44 -9.45 -9.43 -9.42 -9.40 -9.38 -9.36 -9.31 -9.27 -9.24 -9.24 -9.24 -9.23 -9.21 -9.19 -9.18 -9.16 -9.11 -9.07 -9.03 -8.98 -8.94 -8.89 -8.86 -8.89 -8.91 -8.90 -8.90 -8.88 -8.88 -8.89 -8.89 -8.91 -8.94 -8.96 -8.97 -8.98 -8.99 -8.98 -9.00 -8.98 -9.00 -8.99 -8.98 -8.96 -8.93 -8.88 -8.84
-9.47 -9.45 -9.42 -9.43 -9.45 -9.43 -9.42 -9.38 -9.37 -9.40 -9.41 -9.40 -9.38 -9.38 -9.38 -9.38 -9.38 -9.37 -9.37 -9.37 -9.37 -9.36 -9.35 -9.34 -9.32 -9.31 -9.29 -9.28 -9.26 -9.22 -9.18 -9.12 -9.09 -9.06 -9.03 -8.97 -8.90 -8.82 -8.76 -8.71 -8.65 -8.60 -8.58 -8.63 -8.74 -8.79 -8.81 -8.83 -8.85 -8.84 -8.85 -8.86 -8.87 -8.87 -8.89 -8.91 -8.92 -8.95 -8.96 -8.98 -8.97 -8.98 -8.99 -8.99 -8.95 -8.90 -8.84
-9.42 -9.43 -9.44 -9.44 -9.43 -9.43 -9.44 -9.41 -9.43 -9.44 -9.42 -9.43 -9.42 -9.39 -9.38 -9.36 -9.35 -9.33 -9.32 -9.32 -9.28 -9.26 -9.24 -9.22 -9.20 -9.19 -9.17 -9.14 -9.11 -9.07 -9.04 -9.00 -8.96 -8.93 -8.89 -8.81 -8.72 -8.63 -8.55 -8.46 -8.38 -8.29 -8.27 -8.37 -8.47 -8.57 -8.66 -8.72 -8.75 -8.78 -8.81 -8.83 -8.84 -8.85 -8.87 -8.87 -8.89 -8.91 -8.93 -8.95 -8.96 -8.98 -9.00 -9.01 -8.97 -8.91 -8.86
-9.35 -9.35 -9.41 -9.42 -9.45 -9.44 -9.43 -9.39 -9.39 -9.37 -9.34 -9.32 -9.31 -9.30 -9.27 -9.25 -9.23 -9.21 -9.19 -9.17 -9.13 -9.12 -9.11 -9.10 -9.09 -9.08 -9.06 -9.05 -9.02 -8.95 -8.89 -8.83 -8.77 -8.71 -8.64 -8.56 -8.46 -8.36 -8.25 -8.14 -8.04 -7.93 -7.96 -8.09 -8.20 -8.32 -8.42 -8.52 -8.62 -8.70 -8.75 -8.76 -8.78 -8.78 -8.79 -8.81 -8.86 -8.87 -8.90 -8.92 -8.93 -8.96 -8.97 -8.99 -8.98 -8.93 -8.87
-9.37 -9.37 -9.37 -9.36 -9.35 -9.33 -9.31 -9.29 -9.26 -9.24 -9.21 -9.17 -9.15 -9.11 -9.10 -9.07 -9.05 -9.04 -9.03 -9.02 -9.01 -8.97 -8.93 -8.91 -8.88 -8.87 -8.84 -8.83 -8.80 -8.75 -8.69 -8.65 -8.58 -8.50 -8.44 -8.36 -8.26 -8.16 -8.05 -7.95 -7.85 -7.75 -7.71 -7.84 -7.96 -8.08 -8.21 -8.33 -8.46 -8.59 -8.64 -8.66 -8.68 -8.71 -8.73 -8.74 -8.74 -8.74 -8.79 -8.84 -8.88 -8.91 -8.94 -8.98 -8.97 -8.93 -8.88
-9.27 -9.25 -9.23 -9.21 -9.18 -9.15 -9.10 -9.08 -9.04 -9.00 -8.98 -8.95 -8.93 -8.91 -8.89 -8.87 -8.85 -8.84 -8.82 -8.80 -8.78 -8.75 -8.73 -8.71 -8.68 -8.65 -8.62 -8.63 -8.60 -8.56 -8.53 -8.49 -8.44 -8.40 -8.35 -8.27 -8.17 -8.09 -8.03 -7.95 -7.88 -7.85 -7.86 -7.93 -8.01 -8.09 -8.17 -8.24 -8.32 -8.39 -8.42 -8.50 -8.54 -8.58 -8.61 -8.65 -8.66 -8.69 -8.73 -8.76 -8.79 -8.82 -8.87 -8.88 -8.89 -8.87 -8.81
-9.21 -9.14 -9.07 -9.01 -8.95 -8.88 -8.80 -8.78 -8.75 -8.71 -8.69 -8.67 -8.64 -8.62 -8.62 -8.59 -8.58 -8.56 -8.55 -8.53 -8.51 -8.50 -8.48 -8.47 -8.44 -8.42 -8.38 -8.36 -8.34 -8.34 -8.34 -8.32 -8.31 -8.28 -8.25 -8.17 -8.14 -8.10 -8.07 -8.04 -8.00 -7.99 -7.97 -8.01 -8.06 -8.11 -8.16 -8.21 -8.26 -8.31 -8.34 -8.38 -8.42 -8.45 -8.47 -8.48 -8.54 -8.59 -8.63 -8.66 -8.70 -8.73 -8.78 -8.80 -8.79 -8.76 -8.72
-9.13 -9.05 -8.98 -8.90 -8.82 -8.72 -8.61 -8.59 -8.55 -8.52 -8.49 -8.45 -8.41 -8.36 -8.34 -8.32 -8.29 -8.27 -8.25 -8.21 -8.23 -8.22 -8.21 -8.21 -8.20 -8.19 -8.18 -8.15 -8.15 -8.15 -8.14 -8.15 -8.14 -8.14 -8.14 -8.10 -8.07 -8.05 -8.02 -8.01 -7.98 -7.96 -7.94 -7.98 -8.02 -8.06 -8.10 -8.13 -8.16 -8.19 -8.21 -8.24 -8.28 -8.31 -8.35 -8.39 -8.42 -8.49 -8.54 -8.58 -8.62 -8.66 -8.70 -8.73 -8.68 -8.63 -8.65
-9.11 -9.01 -8.90 -8.76 -8.61 -8.47 -8.33 -8.31 -8.29 -8.27 -8.26 -8.24 -8.22 -8.20 -8.17 -8.14 -8.10 -8.07 -8.03 -7.99 -7.97 -7.95 -7.92 -7.90 -7.88 -7.87 -7.85 -7.84 -7.85 -7.88 -7.92 -7.96 -7.98 -8.01 -8.04 -8.04 -8.04 -8.02 -7.98 -7.97 -7.96 -7.97 -7.96 -7.96 -7.98 -8.00 -8.02 -8.05 -8.08 -8.10 -8.11 -8.13 -8.14 -8.16 -8.18 -8.20 -8.22 -8.29 -8.38 -8.47 -8.53 -8.58 -8.64 -8.65 -8.62 -8.58 -8.55
-8.98 -8.84 -8.70 -8.56 -8.41 -8.27 -8.12 -8.10 -8.09 -8.07 -8.06 -8.05 -8.03 -8.00 -7.97 -7.94 -7.90 -7.87 -7.84 -7.83 -7.80 -7.77 -7.75 -7.72 -7.69 -7.67 -7.64 -7.60 -7.65 -7.70 -7.75 -7.78 -7.82 -7.86 -7.90 -7.97 -7.92 -7.89 -7.88 -7.87 -7.85 -7.84 -7.81 -7.82 -7.88 -7.95 -8.01 -8.05 -8.08 -8.06 -8.04 -8.06 -8.08 -8.10 -8.14 -8.15 -8.17 -8.18 -8.26 -8.33 -8.39 -8.46 -8.53 -8.56 -8.55 -8.52 -8.48
-8.91 -8.77 -8.64 -8.51 -8.37 -8.24 -8.11 -8.08 -8.05 -8.01 -7.98 -7.96 -7.93 -7.90 -7.87 -7.84 -7.81 -7.79 -7.76 -7.73 -7.70 -7.67 -7.65 -7.62 -7.60 -7.57 -7.55 -7.53 -7.54 -7.56 -7.59 -7.61 -7.65 -7.68 -7.74 -7.89 -7.89 -7.88 -7.81 -7.78 -7.75 -7.71 -7.67 -7.66 -7.75 -7.84 -7.93 -8.01 -8.08 -8.08 -8.11 -8.11 -8.11 -8.11 -8.10 -8.11 -8.13 -8.14 -8.19 -8.24 -8.29 -8.35 -8.42 -8.45 -8.47 -8.45 -8.49
-8.68 -8.57 -8.47 -8.37 -8.27 -8.16 -8.06 -8.04 -8.03 -8.01 -8.00 -7.98 -7.97 -7.97 -7.90 -7.84 -7.77 -7.71 -7.64 -7.58 -7.57 -7.57 -7.58 -7.57 -7.55 -7.54 -7.52 -7.49 -7.48 -7.48 -7.49 -7.49 -7.50 -7.52 -7.54 -7.75 -7.78 -7.76 -7.73 -7.70 -7.67 -7.63 -7.59 -7.60 -7.69 -7.79 -7.86 -7.96 -8.04 -8.05 -8.05 -8.06 -8.07 -8.05 -8.07 -8.10 -8.11 -8.13 -8.16 -8.17 -8.20 -8.23 -8.26 -8.28 -8.28 -8.31 -8.39
-8.60 -8.54 -8.44 -8.33 -8.23 -8.13 -8.03 -8.03 -8.03 -8.04 -8.06 -8.04 -8.00 -7.95 -7.87 -7.79 -7.70 -7.63 -7.54 -7.45 -7.43 -7.43 -7.44 -7.44 -7.45 -7.45 -7.45 -7.45 -7.46 -7.46 -7.47 -7.48 -7.48 -7.49 -7.50 -7.63 -7.66 -7.68 -7.68 -7.68 -7.69 -7.67 -7.67 -7.68 -7.74 -7.80 -7.86 -7.93 -7.97 -7.96 -7.99 -7.99 -8.02 -8.03 -8.01 -8.02 -8.05 -8.04 -8.06 -8.11 -8.14 -8.16 -8.16 -8.17 -8.15 -8.16 -8.14
-8.71 -8.61 -8.50 -8.45 -8.38 -8.33 -8.29 -8.26 -8.22 -8.17 -8.12 -8.05 -8.00 -7.94 -7.85 -7.74 -7.62 -7.51 -7.40 -7.28 -7.26 -7.28 -7.30 -7.32 -7.33 -7.35 -7.37 -7.38 -7.40 -7.41 -7.43 -7.44 -7.45 -7.46 -7.48 -7.51 -7.54 -7.57 -7.59 -7.61 -7.63 -7.64 -7.65 -7.68 -7.70 -7.72 -7.77 -7.80 -7.83 -7.84 -7.88 -7.91 -7.94 -7.94 -7.94 -7.96 -7.98 -7.97 -7.97 -7.99 -8.03 -8.03 -8.05 -8.06 -8.07 -8.08 -8.06
-8.73 -8.66 -8.60 -8.54 -8.47 -8.42 -8.38 -8.32 -8.26 -8.20 -8.13 -8.05 -7.98 -7.91 -7.79 -7.65 -7.51 -7.37 -7.23 -7.08 -7.10 -7.15 -7.20 -7.25 -7.28 -7.31 -7.35 -7.38 -7.40 -7.41 -7.42 -7.44 -7.45 -7.47 -7.47 -7.47 -7.49 -7.53 -7.54 -7.58 -7.58 -7.57 -7.56 -7.61 -7.66 -7.68 -7.72 -7.75 -7.77 -7.76 -7.78 -7.78 -7.75 -7.82 -7.83 -7.81 -7.88 -7.87 -7.87 -7.90 -7.91 -7.92 -7.95 -7.95 -7.96 -7.98 -7.98
-8.64 -8.59 -8.54 -8.49 -8.44 -8.39 -8.33 -8.28 -8.22 -8.15 -8.07 -7.99 -7.90 -7.81 -7.72 -7.62 -7.53 -7.46 -7.38 -7.30 -7.23 -7.23 -7.24 -7.24 -7.25 -7.29 -7.33 -7.37 -7.37 -7.38 -7.38 -7.38 -7.40 -7.42 -7.46 -7.45 -7.47 -7.47 -7.49 -7.55 -7.58 -7.58 -7.59 -7.58 -7.59 -7.61 -7.64 -7.71 -7.71 -7.69 -7.68 -7.68 -7.70 -7.71 -7.73 -7.74 -7.71 -7.76 -7.76 -7.78 -7.77 -7.78 -7.81 -7.84 -7.85 -7.86 -7.88
-8.50 -8.47 -8.42 -8.38 -8.33 -8.29 -8.26 -8.18 -8.11 -8.05 -8.00 -7.95 -7.89 -7.83 -7.76 -7.69 -7.61 -7.55 -7.49 -7.42 -7.39 -7.38 -7.36 -7.34 -7.33 -7.31 -7.29 -7.27 -7.28 -7.31 -7.33 -7.34 -7.35 -7.35 -7.34 -7.37 -7.40 -7.43 -7.46 -7.46 -7.48 -7.51 -7.53 -7.55 -7.52 -7.50 -7.57 -7.62 -7.62 -7.62 -7.59 -7.58 -7.59 -7.60 -7.60 -7.62 -7.62 -7.65 -7.66 -7.67 -7.67 -7.70 -7.73 -7.74 -7.75 -7.77 -7.78
-8.41 -8.37 -8.34 -8.30 -8.26 -8.21 -8.19 -8.14 -8.09 -8.04 -8.01 -7.98 -7.95 -7.92 -7.85 -7.76 -7.66 -7.57 -7.48 -7.39 -7.35 -7.32 -7.30 -7.28 -7.26 -7.24 -7.22 -7.22 -7.24 -7.26 -7.27 -7.29 -7.31 -7.33 -7.32 -7.35 -7.38 -7.42 -7.45 -7.47 -7.51 -7.54 -7.51 -7.50 -7.47 -7.46 -7.47 -7.46 -7.44 -7.44 -7.47 -7.48 -7.50 -7.50 -7.51 -7.50 -7.50 -7.52 -7.54 -7.55 -7.57 -7.58 -7.60 -7.60 -7.63 -7.65 -7.69
-8.31 -8.26 -8.23 -8.22 -8.20 -8.17 -8.14 -8.11 -8.07 -8.03 -8.01 -7.99 -7.97 -7.94 -7.88 -7.76 -7.64 -7.53 -7.45 -7.35 -7.31 -7.29 -7.27 -7.26 -7.23 -7.21 -7.19 -7.17 -7.18 -7.20 -7.21 -7.22 -7.23 -7.25 -7.24 -7.28 -7.32 -7.37 -7.40 -7.42 -7.45 -7.47 -7.46 -7.45 -7.43 -7.41 -7.38 -7.37 -7.38 -7.38 -7.39 -7.40 -7.42 -7.41 -7.42 -7.42 -7.42 -7.43 -7.43 -7.44 -7.45 -7.48 -7.48 -7.49 -7.52 -7.51 -7.53
-8.18 -8.14 -8.11 -8.09 -8.06 -8.04 -8.00 -7.97 -7.94 -7.92 -7.91 -7.89 -7.89 -7.89 -7.83 -7.74 -7.65 -7.57 -7.49 -7.39 -7.32 -7.28 -7.24 -7.20 -7.15 -7.10 -7.05 -7.00 -7.04 -7.08 -7.12 -7.16 -7.20 -7.23 -7.21 -7.24 -7.28 -7.29 -7.32 -7.36 -7.38 -7.40 -7.38 -7.38 -7.37 -7.36 -7.35 -7.34 -7.34 -7.34 -7.36 -7.37 -7.38 -7.39 -7.39 -7.39 -7.39 -7.40 -7.40 -7.40 -7.41 -7.41 -7.41 -7.42 -7.42 -7.43 -7.45
-7.94 -7.91 -7.91 -7.91 -7.88 -7.87 -7.85 -7.81 -7.82 -7.82 -7.82 -7.84 -7.85 -7.87 -7.84 -7.73 -7.65 -7.56 -7.48 -7.42 -7.34 -7.27 -7.20 -7.13 -7.06 -6.99 -6.91 -6.84 -6.90 -6.95 -7.01 -7.07 -7.12 -7.18 -7.20 -7.23 -7.27 -7.29 -7.32 -7.35 -7.37 -7.38 -7.36 -7.36 -7.36 -7.36 -7.36 -7.35 -7.33 -7.34 -7.34 -7.35 -7.35 -7.36 -7.36 -7.36 -7.37 -7.37 -7.38 -7.38 -7.37 -7.38 -7.38 -7.38 -7.38 -7.38 -7.40
-7.93 -7.89 -7.85 -7.80 -7.76 -7.71 -7.65 -7.60 -7.62 -7.62 -7.62 -7.63 -7.63 -7.65 -7.66 -7.61 -7.54 -7.47 -7.41 -7.34 -7.29 -7.24 -7.21 -7.15 -7.09 -7.05 -7.01 -6.95 -6.99 -7.02 -7.05 -7.07 -7.09 -7.13 -7.15 -7.18 -7.20 -7.22 -7.24 -7.26 -7.28 -7.31 -7.34 -7.36 -7.39 -7.41 -7.43 -7.45 -7.41 -7.37 -7.32 -7.35 -7.35 -7.37 -7.36 -7.36 -7.35 -7.36 -7.36 -7.37 -7.37 -7.36 -7.35 -7.34 -7.34 -7.34 -7.33
-7.78 -7.73 -7.67 -7.60 -7.54 -7.47 -7.41 -7.35 -7.36 -7.38 -7.40 -7.42 -7.43 -7.45 -7.46 -7.42 -7.38 -7.34 -7.30 -7.27 -7.23 -7.20 -7.16 -7.13 -7.10 -7.06 -7.03 -7.01 -7.02 -7.02 -7.02 -7.03 -7.05 -7.07 -7.09 -7.10 -7.13 -7.13 -7.14 -7.16 -7.18 -7.20 -7.24 -7.27 -7.29 -7.32 -7.35 -7.35 -7.36 -7.36 -7.35 -7.34 -7.35 -7.32 -7.32 -7.30 -7.30 -7.35 -7.35 -7.32 -7.35 -7.33 -7.31 -7.31 -7.31 -7.30 -7.28
-7.67 -7.60 -7.53 -7.46 -7.39 -7.32 -7.24 -7.16 -7.16 -7.18 -7.20 -7.23 -7.27 -7.32 -7.34 -7.31 -7.27 -7.24 -7.21 -7.16 -7.10 -7.08 -7.08 -7.10 -7.11 -7.12 -7.12 -7.13 -7.08 -7.03 -7.01 -6.97 -6.96 -6.96 -6.99 -7.00 -7.02 -7.03 -7.04 -7.06 -7.07 -7.10 -7.13 -7.16 -7.20 -7.23 -7.28 -7.30 -7.28 -7.27 -7.27 -7.26 -7.25 -7.25 -7.29 -7.28 -7.30 -7.29 -7.29 -7.31 -7.29 -7.27 -7.27 -7.24 -7.24 -7.22 -7.22
-7.53 -7.45 -7.36 -7.27 -7.17 -7.05 -6.96 -6.85 -6.87 -6.94 -7.00 -7.07 -7.15 -7.24 -7.29 -7.24 -7.20 -7.16 -7.12 -7.07 -7.02 -7.05 -7.09 -7.12 -7.15 -7.20 -7.24 -7.26 -7.19 -7.11 -7.03 -6.96 -6.90 -6.84 -6.86 -6.86 -6.87 -6.88 -6.90 -6.92 -6.93 -6.95 -6.98 -7.02 -7.07 -7.11 -7.15 -7.18 -7.20 -7.19 -7.22 -7.19 -7.16 -7.17 -7.20 -7.23 -7.26 -7.28 -7.28 -7.28 -7.28 -7.25 -7.23 -7.22 -7.18 -7.16 -7.17
