utils/5a01f6d0e4b0531197b72cfe/5807de9ee4b0841e59e3a532/5807e811e4b0841e59e3a543/ew15_july_dem_5m.asc
ncols	1027
nrows	505
xllcorner	294870.00
yllcorner	129890.00
cellsize	5.00
NODATA_value	-9999.00
[rows 372 to 402 of 505, columns 136 to 203 of 1027]
-10.96 -10.92 -10.89 -10.85 -10.83 -10.80 -10.77 -10.75 -10.71 -10.69 -10.65 -10.63 -10.59 -10.56 -10.54 -10.51 -10.48 -10.44 -10.38 -10.34 -10.27 -10.20 -10.16 -10.09 -10.02 -9.98 -9.93 -9.87 -9.85 -9.82 -9.72 -9.68 -9.64 -9.59 -9.48 -9.41 -9.31 -9.20 -9.12 -9.01 -8.95 -8.90 -8.82 -8.70 -8.63 -8.56 -8.48 -8.39 -8.27 -8.21 -8.11 -8.03 -7.93 -7.83 -7.74 -7.63 -7.56 -7.43 -7.34 -7.23 -7.13 -7.03 -6.92 -6.81 -6.73 -6.65 -6.54 -6.43
-10.88 -10.85 -10.81 -10.79 -10.75 -10.73 -10.70 -10.66 -10.65 -10.60 -10.58 -10.53 -10.52 -10.50 -10.46 -10.43 -10.39 -10.34 -10.31 -10.24 -10.19 -10.12 -10.04 -9.98 -9.92 -9.88 -9.82 -9.80 -9.74 -9.66 -9.64 -9.60 -9.49 -9.42 -9.36 -9.26 -9.15 -9.08 -8.99 -8.92 -8.87 -8.80 -8.67 -8.60 -8.53 -8.45 -8.35 -8.25 -8.19 -8.09 -8.00 -7.90 -7.79 -7.71 -7.61 -7.52 -7.41 -7.31 -7.20 -7.09 -6.98 -6.88 -6.79 -6.70 -6.61 -6.49 -6.39 -6.30
-10.80 -10.78 -10.75 -10.71 -10.69 -10.65 -10.63 -10.59 -10.56 -10.54 -10.49 -10.48 -10.45 -10.42 -10.39 -10.36 -10.32 -10.27 -10.22 -10.15 -10.09 -10.02 -9.96 -9.90 -9.83 -9.76 -9.75 -9.66 -9.59 -9.57 -9.54 -9.42 -9.36 -9.30 -9.19 -9.12 -9.05 -8.95 -8.89 -8.83 -8.75 -8.63 -8.57 -8.51 -8.41 -8.32 -8.22 -8.13 -8.07 -7.98 -7.87 -7.76 -7.67 -7.58 -7.48 -7.38 -7.27 -7.16 -7.07 -6.95 -6.85 -6.76 -6.67 -6.58 -6.46 -6.37 -6.28 -6.16
-10.76 -10.70 -10.68 -10.65 -10.62 -10.60 -10.56 -10.53 -10.50 -10.45 -10.41 -10.40 -10.37 -10.35 -10.32 -10.28 -10.23 -10.18 -10.12 -10.05 -9.99 -9.91 -9.87 -9.79 -9.74 -9.71 -9.59 -9.55 -9.51 -9.46 -9.37 -9.32 -9.25 -9.16 -9.10 -9.03 -8.92 -8.86 -8.78 -8.70 -8.58 -8.54 -8.47 -8.39 -8.28 -8.20 -8.10 -8.02 -7.92 -7.83 -7.73 -7.63 -7.55 -7.44 -7.34 -7.23 -7.13 -7.04 -6.92 -6.83 -6.73 -6.64 -6.55 -6.44 -6.34 -6.25 -6.13 -6.04
-10.67 -10.64 -10.61 -10.58 -10.53 -10.52 -10.50 -10.45 -10.41 -10.39 -10.36 -10.33 -10.32 -10.29 -10.24 -10.19 -10.13 -10.08 -10.03 -9.95 -9.90 -9.83 -9.75 -9.72 -9.64 -9.55 -9.51 -9.46 -9.40 -9.32 -9.27 -9.20 -9.13 -9.06 -9.01 -8.88 -8.83 -8.73 -8.65 -8.55 -8.49 -8.42 -8.34 -8.22 -8.16 -8.04 -7.97 -7.87 -7.78 -7.70 -7.60 -7.51 -7.40 -7.31 -7.20 -7.11 -6.99 -6.89 -6.79 -6.70 -6.60 -6.51 -6.42 -6.33 -6.23 -6.12 -6.01 -5.90
-10.60 -10.56 -10.52 -10.50 -10.47 -10.45 -10.40 -10.32 -10.34 -10.32 -10.29 -10.26 -10.24 -10.20 -10.15 -10.11 -10.04 -9.98 -9.91 -9.87 -9.78 -9.70 -9.67 -9.59 -9.52 -9.47 -9.41 -9.32 -9.29 -9.22 -9.15 -9.07 -9.02 -8.92 -8.85 -8.78 -8.69 -8.60 -8.51 -8.44 -8.36 -8.29 -8.17 -8.11 -8.01 -7.92 -7.84 -7.75 -7.65 -7.57 -7.46 -7.37 -7.27 -7.19 -7.09 -6.96 -6.85 -6.77 -6.68 -6.59 -6.48 -6.40 -6.30 -6.20 -6.08 -5.99 -5.89 -5.79
-10.51 -10.48 -10.44 -10.43 -10.39 -10.35 -10.33 -10.30 -10.28 -10.25 -10.22 -10.18 -10.14 -10.09 -10.07 -10.02 -9.95 -9.91 -9.82 -9.75 -9.69 -9.61 -9.57 -9.51 -9.44 -9.36 -9.27 -9.25 -9.17 -9.10 -9.00 -8.95 -8.85 -8.80 -8.73 -8.64 -8.55 -8.47 -8.39 -8.31 -8.22 -8.13 -8.05 -7.95 -7.88 -7.80 -7.71 -7.61 -7.52 -7.43 -7.34 -7.24 -7.16 -7.05 -6.94 -6.84 -6.74 -6.65 -6.55 -6.46 -6.37 -6.26 -6.22 -6.06 -5.98 -5.87 -5.76 -5.64
-10.42 -10.39 -10.39 -10.35 -10.32 -10.30 -10.26 -10.22 -10.19 -10.16 -10.12 -10.07 -10.04 -10.00 -9.96 -9.94 -9.87 -9.79 -9.72 -9.67 -9.58 -9.54 -9.47 -9.38 -9.31 -9.24 -9.20 -9.14 -9.04 -8.95 -8.87 -8.79 -8.73 -8.68 -8.58 -8.48 -8.42 -8.34 -8.26 -8.17 -8.08 -7.99 -7.90 -7.83 -7.75 -7.66 -7.57 -7.49 -7.39 -7.30 -7.21 -7.13 -7.02 -6.91 -6.81 -6.72 -6.61 -6.52 -6.44 -6.34 -6.24 -6.19 -6.04 -5.96 -5.85 -5.74 -5.61 -5.50
-10.37 -10.32 -10.32 -10.29 -10.26 -10.20 -10.16 -10.13 -10.10 -10.04 -10.00 -9.97 -9.93 -9.90 -9.87 -9.83 -9.79 -9.70 -9.64 -9.55 -9.51 -9.42 -9.32 -9.28 -9.20 -9.15 -9.10 -8.99 -8.91 -8.80 -8.73 -8.66 -8.59 -8.51 -8.43 -8.36 -8.28 -8.20 -8.11 -8.04 -7.93 -7.86 -7.78 -7.70 -7.61 -7.53 -7.45 -7.37 -7.28 -7.18 -7.11 -6.98 -6.86 -6.78 -6.69 -6.58 -6.49 -6.41 -6.30 -6.21 -6.13 -6.01 -5.92 -5.84 -5.72 -5.58 -5.47 -5.37
-10.25 -10.25 -10.23 -10.22 -10.13 -10.09 -10.06 -10.01 -9.98 -9.95 -9.90 -9.86 -9.82 -9.80 -9.76 -9.73 -9.67 -9.60 -9.51 -9.44 -9.39 -9.29 -9.23 -9.16 -9.11 -9.06 -8.94 -8.86 -8.76 -8.69 -8.60 -8.52 -8.44 -8.37 -8.30 -8.22 -8.14 -8.05 -7.97 -7.88 -7.81 -7.73 -7.65 -7.57 -7.49 -7.41 -7.33 -7.25 -7.15 -7.08 -6.96 -6.85 -6.76 -6.66 -6.55 -6.46 -6.38 -6.26 -6.19 -6.08 -5.98 -5.89 -5.80 -5.68 -5.55 -5.44 -5.34 -5.22
-10.18 -10.16 -10.11 -10.06 -10.03 -9.99 -9.94 -9.90 -9.87 -9.83 -9.80 -9.75 -9.73 -9.67 -9.66 -9.60 -9.54 -9.48 -9.39 -9.32 -9.25 -9.17 -9.11 -9.06 -8.99 -8.89 -8.81 -8.73 -8.62 -8.54 -8.46 -8.39 -8.30 -8.24 -8.16 -8.08 -7.99 -7.91 -7.83 -7.77 -7.69 -7.61 -7.53 -7.44 -7.37 -7.30 -7.19 -7.13 -7.06 -6.93 -6.84 -6.74 -6.64 -6.53 -6.45 -6.34 -6.24 -6.15 -6.04 -5.95 -5.84 -5.76 -5.64 -5.52 -5.41 -5.31 -5.19 -5.09
-10.08 -10.03 -10.00 -9.96 -9.90 -9.88 -9.84 -9.81 -9.77 -9.72 -9.69 -9.66 -9.60 -9.58 -9.52 -9.48 -9.40 -9.34 -9.25 -9.20 -9.13 -9.07 -9.01 -8.93 -8.86 -8.76 -8.69 -8.58 -8.49 -8.41 -8.33 -8.26 -8.20 -8.10 -8.02 -7.93 -7.85 -7.79 -7.71 -7.64 -7.56 -7.48 -7.41 -7.33 -7.26 -7.16 -7.09 -7.02 -6.92 -6.82 -6.72 -6.62 -6.51 -6.43 -6.30 -6.21 -6.10 -6.00 -5.91 -5.80 -5.73 -5.61 -5.48 -5.38 -5.28 -5.16 -5.06 -4.93
-9.97 -9.93 -9.89 -9.84 -9.80 -9.77 -9.74 -9.70 -9.65 -9.62 -9.57 -9.52 -9.51 -9.45 -9.40 -9.33 -9.27 -9.20 -9.14 -9.08 -9.02 -8.97 -8.86 -8.80 -8.73 -8.62 -8.51 -8.43 -8.33 -8.27 -8.20 -8.13 -8.05 -7.96 -7.87 -7.81 -7.73 -7.66 -7.59 -7.51 -7.44 -7.37 -7.29 -7.21 -7.12 -7.06 -6.99 -6.88 -6.79 -6.69 -6.60 -6.50 -6.40 -6.29 -6.17 -6.06 -5.96 -5.86 -5.76 -5.69 -5.58 -5.44 -5.34 -5.24 -5.13 -5.03 -4.89 -4.78
-9.87 -9.82 -9.78 -9.75 -9.72 -9.68 -9.63 -9.58 -9.54 -9.50 -9.46 -9.44 -9.38 -9.33 -9.26 -9.21 -9.14 -9.06 -9.01 -8.95 -8.89 -8.81 -8.75 -8.68 -8.55 -8.46 -8.36 -8.28 -8.21 -8.14 -8.07 -7.99 -7.90 -7.83 -7.75 -7.68 -7.61 -7.54 -7.46 -7.40 -7.31 -7.26 -7.16 -7.08 -7.03 -6.94 -6.85 -6.76 -6.67 -6.57 -6.48 -6.38 -6.27 -6.16 -6.04 -5.94 -5.83 -5.73 -5.65 -5.54 -5.41 -5.31 -5.21 -5.10 -4.99 -4.86 -4.74 -4.62
-9.76 -9.72 -9.69 -9.68 -9.64 -9.58 -9.51 -9.46 -9.43 -9.39 -9.37 -9.31 -9.27 -9.20 -9.13 -9.08 -9.00 -8.95 -8.89 -8.83 -8.74 -8.70 -8.62 -8.51 -8.41 -8.30 -8.24 -8.16 -8.08 -8.02 -7.94 -7.85 -7.78 -7.70 -7.62 -7.55 -7.48 -7.42 -7.34 -7.27 -7.21 -7.12 -7.05 -6.99 -6.91 -6.82 -6.74 -6.64 -6.55 -6.47 -6.36 -6.25 -6.14 -6.03 -5.92 -5.80 -5.70 -5.62 -5.49 -5.37 -5.28 -5.18 -5.06 -4.95 -4.83 -4.71 -4.59 -4.46
-9.67 -9.63 -9.63 -9.60 -9.53 -9.45 -9.41 -9.35 -9.33 -9.30 -9.25 -9.19 -9.15 -9.07 -9.00 -8.93 -8.88 -8.81 -8.75 -8.68 -8.64 -8.56 -8.47 -8.38 -8.27 -8.21 -8.13 -8.04 -7.98 -7.90 -7.81 -7.73 -7.65 -7.57 -7.49 -7.44 -7.36 -7.26 -7.22 -7.14 -7.06 -7.00 -6.96 -6.88 -6.79 -6.71 -6.62 -6.53 -6.45 -6.35 -6.22 -6.11 -6.00 -5.90 -5.78 -5.67 -5.58 -5.47 -5.34 -5.24 -5.15 -5.03 -4.93 -4.81 -4.67 -4.56 -4.42 -4.30
-9.60 -9.59 -9.56 -9.46 -9.38 -9.35 -9.30 -9.28 -9.22 -9.18 -9.11 -9.09 -9.01 -8.94 -8.87 -8.81 -8.73 -8.68 -8.62 -8.55 -8.48 -8.42 -8.34 -8.25 -8.16 -8.08 -8.00 -7.92 -7.86 -7.76 -7.69 -7.60 -7.53 -7.44 -7.38 -7.30 -7.21 -7.17 -7.08 -7.01 -6.95 -6.90 -6.82 -6.76 -6.68 -6.60 -6.51 -6.43 -6.34 -6.19 -6.08 -5.97 -5.87 -5.74 -5.64 -5.55 -5.43 -5.32 -5.22 -5.11 -5.00 -4.90 -4.79 -4.64 -4.53 -4.38 -4.27 -4.13
-9.55 -9.50 -9.39 -9.36 -9.29 -9.25 -9.20 -9.17 -9.12 -9.06 -9.04 -8.95 -8.88 -8.81 -8.73 -8.67 -8.60 -8.54 -8.48 -8.41 -8.34 -8.26 -8.20 -8.10 -8.04 -7.96 -7.86 -7.82 -7.72 -7.63 -7.54 -7.47 -7.39 -7.31 -7.25 -7.17 -7.12 -7.03 -6.96 -6.91 -6.83 -6.76 -6.69 -6.64 -6.56 -6.49 -6.41 -6.33 -6.16 -6.04 -5.94 -5.82 -5.71 -5.62 -5.52 -5.40 -5.29 -5.19 -5.09 -4.98 -4.86 -4.75 -4.61 -4.50 -4.35 -4.23 -4.09 -3.95
-9.44 -9.34 -9.28 -9.22 -9.19 -9.14 -9.11 -9.07 -8.99 -8.98 -8.90 -8.80 -8.72 -8.65 -8.60 -8.54 -8.49 -8.40 -8.33 -8.26 -8.19 -8.12 -8.05 -8.01 -7.89 -7.82 -7.76 -7.69 -7.60 -7.50 -7.41 -7.35 -7.26 -7.19 -7.12 -7.05 -6.97 -6.89 -6.87 -6.77 -6.70 -6.63 -6.57 -6.51 -6.44 -6.40 -6.31 -6.13 -6.02 -5.91 -5.79 -5.68 -5.59 -5.48 -5.36 -5.28 -5.17 -5.06 -4.95 -4.83 -4.71 -4.57 -4.46 -4.32 -4.20 -4.05 -3.92 -3.78
-9.33 -9.26 -9.19 -9.12 -9.09 -9.05 -9.01 -8.94 -8.91 -8.83 -8.74 -8.65 -8.59 -8.54 -8.48 -8.41 -8.34 -8.24 -8.19 -8.11 -8.04 -7.97 -7.90 -7.83 -7.75 -7.71 -7.65 -7.56 -7.46 -7.37 -7.31 -7.21 -7.14 -7.07 -7.01 -6.92 -6.87 -6.79 -6.70 -6.64 -6.57 -6.50 -6.44 -6.38 -6.32 -6.26 -6.10 -5.98 -5.87 -5.76 -5.66 -5.55 -5.45 -5.35 -5.23 -5.12 -5.03 -4.91 -4.80 -4.68 -4.56 -4.43 -4.30 -4.18 -4.02 -3.89 -3.76 -3.57
-9.23 -9.18 -9.10 -9.05 -9.00 -8.95 -8.89 -8.83 -8.75 -8.67 -8.59 -8.53 -8.48 -8.41 -8.33 -8.26 -8.18 -8.09 -8.01 -7.97 -7.88 -7.80 -7.75 -7.67 -7.64 -7.61 -7.51 -7.42 -7.34 -7.26 -7.18 -7.09 -7.02 -6.96 -6.88 -6.82 -6.73 -6.66 -6.59 -6.50 -6.43 -6.37 -6.30 -6.25 -6.17 -6.04 -5.94 -5.83 -5.72 -5.63 -5.52 -5.41 -5.31 -5.20 -5.09 -4.99 -4.87 -4.77 -4.65 -4.53 -4.39 -4.26 -4.14 -3.98 -3.85 -3.71 -3.55 -3.36
-9.16 -9.07 -9.01 -8.95 -8.89 -8.82 -8.77 -8.69 -8.61 -8.52 -8.48 -8.41 -8.32 -8.27 -8.22 -8.12 -8.01 -7.93 -7.86 -7.78 -7.76 -7.65 -7.59 -7.56 -7.51 -7.44 -7.38 -7.32 -7.21 -7.14 -7.04 -6.98 -6.91 -6.84 -6.77 -6.68 -6.63 -6.54 -6.46 -6.39 -6.31 -6.23 -6.17 -6.09 -5.98 -5.88 -5.80 -5.70 -5.60 -5.51 -5.39 -5.27 -5.17 -5.05 -4.96 -4.85 -4.74 -4.62 -4.50 -4.36 -4.23 -4.10 -3.96 -3.83 -3.67 -3.49 -3.32 -3.15
-9.01 -8.96 -8.89 -8.81 -8.77 -8.70 -8.64 -8.53 -8.46 -8.41 -8.34 -8.27 -8.22 -8.16 -8.07 -7.93 -7.85 -7.80 -7.73 -7.67 -7.56 -7.49 -7.47 -7.42 -7.36 -7.32 -7.29 -7.17 -7.09 -7.00 -6.94 -6.85 -6.79 -6.71 -6.64 -6.59 -6.49 -6.42 -6.33 -6.26 -6.17 -6.13 -6.01 -5.90 -5.83 -5.74 -5.65 -5.57 -5.47 -5.34 -5.24 -5.13 -5.01 -4.91 -4.81 -4.69 -4.57 -4.45 -4.34 -4.20 -4.06 -3.93 -3.79 -3.61 -3.45 -3.29 -3.10 -2.90
-8.91 -8.82 -8.76 -8.71 -8.65 -8.58 -8.46 -8.39 -8.34 -8.28 -8.22 -8.17 -8.09 -7.99 -7.87 -7.80 -7.73 -7.68 -7.56 -7.48 -7.41 -7.37 -7.33 -7.29 -7.23 -7.17 -7.10 -7.03 -6.95 -6.89 -6.81 -6.73 -6.66 -6.60 -6.53 -6.44 -6.37 -6.29 -6.21 -6.12 -6.08 -5.97 -5.87 -5.79 -5.70 -5.60 -5.51 -5.41 -5.30 -5.21 -5.09 -4.99 -4.88 -4.78 -4.66 -4.54 -4.41 -4.30 -4.16 -4.04 -3.88 -3.74 -3.57 -3.41 -3.23 -3.06 -2.85 -2.62
-8.75 -8.71 -8.65 -8.60 -8.53 -8.43 -8.34 -8.27 -8.22 -8.17 -8.10 -8.02 -7.93 -7.79 -7.74 -7.67 -7.58 -7.48 -7.39 -7.34 -7.29 -7.26 -7.20 -7.14 -7.09 -7.04 -6.98 -6.89 -6.83 -6.77 -6.69 -6.61 -6.58 -6.48 -6.41 -6.32 -6.24 -6.16 -6.08 -6.02 -5.92 -5.83 -5.74 -5.64 -5.55 -5.46 -5.36 -5.26 -5.17 -5.04 -4.96 -4.85 -4.72 -4.61 -4.50 -4.36 -4.25 -4.12 -3.99 -3.84 -3.69 -3.51 -3.36 -3.21 -3.01 -2.79 -2.56 -2.32
-8.66 -8.60 -8.56 -8.49 -8.39 -8.29 -8.22 -8.16 -8.11 -8.01 -7.95 -7.86 -7.75 -7.69 -7.59 -7.48 -7.40 -7.32 -7.26 -7.22 -7.19 -7.09 -7.07 -7.03 -6.96 -6.90 -6.84 -6.76 -6.71 -6.64 -6.57 -6.50 -6.43 -6.37 -6.27 -6.20 -6.11 -6.04 -5.97 -5.87 -5.78 -5.69 -5.60 -5.50 -5.40 -5.30 -5.22 -5.12 -5.01 -4.92 -4.81 -4.70 -4.58 -4.45 -4.33 -4.20 -4.07 -3.93 -3.79 -3.64 -3.48 -3.34 -3.13 -2.93 -2.72 -2.52 -2.27 -2.02
-8.54 -8.48 -8.44 -8.34 -8.23 -8.17 -8.09 -8.03 -7.96 -7.91 -7.81 -7.70 -7.63 -7.52 -7.42 -7.32 -7.24 -7.20 -7.16 -7.10 -7.05 -7.00 -6.96 -6.90 -6.83 -6.79 -6.71 -6.64 -6.59 -6.52 -6.46 -6.38 -6.32 -6.22 -6.15 -6.06 -5.99 -5.90 -5.82 -5.74 -5.65 -5.56 -5.46 -5.36 -5.25 -5.18 -5.08 -4.97 -4.88 -4.75 -4.65 -4.53 -4.42 -4.29 -4.16 -4.02 -3.88 -3.73 -3.58 -3.43 -3.28 -3.06 -2.86 -2.66 -2.44 -2.19 -1.93 -1.70
-8.42 -8.36 -8.25 -8.16 -8.12 -8.02 -7.94 -7.88 -7.80 -7.75 -7.65 -7.54 -7.44 -7.35 -7.26 -7.18 -7.13 -7.10 -7.04 -6.98 -6.94 -6.89 -6.83 -6.79 -6.71 -6.65 -6.59 -6.52 -6.47 -6.40 -6.33 -6.26 -6.17 -6.11 -6.03 -5.95 -5.86 -5.78 -5.70 -5.61 -5.52 -5.42 -5.33 -5.23 -5.13 -5.04 -4.92 -4.83 -4.71 -4.61 -4.49 -4.36 -4.22 -4.11 -3.97 -3.83 -3.69 -3.52 -3.37 -3.20 -3.00 -2.78 -2.58 -2.35 -2.10 -1.85 -1.63 -1.45
-8.27 -8.14 -8.08 -8.03 -7.93 -7.87 -7.79 -7.71 -7.63 -7.57 -7.47 -7.37 -7.31 -7.21 -7.13 -7.08 -7.04 -6.96 -6.91 -6.87 -6.82 -6.76 -6.72 -6.65 -6.59 -6.52 -6.46 -6.39 -6.35 -6.27 -6.20 -6.14 -6.07 -5.99 -5.90 -5.82 -5.74 -5.65 -5.59 -5.49 -5.38 -5.28 -5.20 -5.09 -4.99 -4.87 -4.78 -4.66 -4.54 -4.44 -4.32 -4.20 -4.06 -3.92 -3.78 -3.63 -3.48 -3.31 -3.13 -2.93 -2.72 -2.50 -2.29 -2.04 -1.77 -1.55 -1.39 -1.28
-8.06 -8.01 -7.95 -7.86 -7.79 -7.66 -7.59 -7.53 -7.46 -7.38 -7.33 -7.25 -7.16 -7.09 -7.04 -6.97 -6.91 -6.85 -6.79 -6.75 -6.69 -6.65 -6.59 -6.52 -6.46 -6.41 -6.34 -6.29 -6.22 -6.15 -6.09 -6.01 -5.95 -5.86 -5.78 -5.70 -5.61 -5.53 -5.44 -5.34 -5.25 -5.16 -5.05 -4.94 -4.85 -4.73 -4.62 -4.50 -4.39 -4.26 -4.15 -4.01 -3.86 -3.73 -3.57 -3.43 -3.25 -3.06 -2.85 -2.66 -2.43 -2.21 -1.97 -1.76 -1.54 -1.37 -1.25 -1.09
-7.95 -7.85 -7.79 -7.69 -7.58 -7.51 -7.45 -7.37 -7.29 -7.23 -7.16 -7.09 -7.04 -6.98 -6.91 -6.86 -6.79 -6.74 -6.69 -6.63 -6.58 -6.53 -6.47 -6.40 -6.35 -6.28 -6.21 -6.17 -6.10 -6.03 -5.95 -5.90 -5.82 -5.74 -5.66 -5.57 -5.48 -5.39 -5.30 -5.23 -5.12 -5.02 -4.90 -4.80 -4.69 -4.59 -4.47 -4.34 -4.21 -4.10 -3.97 -3.82 -3.68 -3.52 -3.37 -3.20 -3.00 -2.78 -2.59 -2.36 -2.14 -1.92 -1.70 -1.48 -1.33 -1.24 -1.08 -0.95
