utils/5a01f6d0e4b0531197b72cfe/5807de9ee4b0841e59e3a532/5807e811e4b0841e59e3a543/ew15_july_dem_5m.asc
ncols	1027
nrows	505
xllcorner	294870.00
yllcorner	129890.00
cellsize	5.00
NODATA_value	-9999.00
[rows 31 to 61 of 505, columns 476 to 543 of 1027]
-13.43 -13.28 -13.10 -13.03 -13.06 -13.08 -13.08 -13.11 -13.15 -13.18 -13.22 -13.25 -13.17 -13.02 -12.89 -12.76 -12.62 -12.51 -12.39 -12.28 -12.11 -11.98 -12.01 -12.03 -12.07 -12.11 -12.13 -12.15 -12.17 -12.17 -12.18 -12.17 -12.19 -12.22 -12.25 -12.28 -12.32 -12.35 -12.38 -12.38 -12.38 -12.37 -12.36 -12.35 -12.34 -12.33 -12.33 -12.32 -12.31 -12.26 -12.22 -12.19 -12.19 -12.17 -12.13 -12.08 -12.01 -11.94 -11.89 -11.85 -11.80 -11.77 -11.82 -11.88 -11.94 -11.97 -12.01 -12.05
-13.42 -13.25 -13.10 -13.01 -13.02 -13.07 -13.09 -13.10 -13.14 -13.15 -13.19 -13.21 -13.17 -13.09 -12.98 -12.86 -12.71 -12.56 -12.41 -12.33 -12.19 -12.05 -12.05 -12.06 -12.06 -12.06 -12.05 -12.05 -12.05 -12.06 -12.05 -12.05 -12.09 -12.14 -12.18 -12.22 -12.26 -12.30 -12.34 -12.34 -12.34 -12.34 -12.35 -12.34 -12.34 -12.34 -12.33 -12.32 -12.32 -12.29 -12.24 -12.19 -12.15 -12.10 -12.05 -12.00 -11.95 -11.90 -11.85 -11.81 -11.76 -11.73 -11.78 -11.83 -11.87 -11.91 -11.95 -11.99
-13.48 -13.29 -13.09 -12.97 -12.97 -12.97 -13.02 -13.02 -13.08 -13.16 -13.23 -13.27 -13.29 -13.14 -13.00 -12.87 -12.70 -12.54 -12.41 -12.26 -12.15 -12.05 -12.04 -12.04 -12.02 -12.01 -11.97 -11.96 -11.96 -11.95 -11.96 -11.97 -12.03 -12.08 -12.13 -12.17 -12.21 -12.22 -12.25 -12.25 -12.26 -12.24 -12.25 -12.25 -12.25 -12.25 -12.26 -12.28 -12.29 -12.25 -12.20 -12.15 -12.10 -12.05 -12.00 -11.95 -11.89 -11.85 -11.82 -11.79 -11.76 -11.76 -11.80 -11.84 -11.87 -11.91 -11.96 -12.00
-13.47 -13.29 -13.08 -12.87 -12.94 -13.02 -13.06 -13.10 -13.15 -13.17 -13.19 -13.19 -13.16 -13.02 -12.86 -12.73 -12.62 -12.50 -12.35 -12.20 -12.07 -11.92 -11.85 -11.86 -11.87 -11.88 -11.90 -11.92 -11.94 -11.97 -11.99 -12.02 -12.05 -12.07 -12.09 -12.10 -12.12 -12.14 -12.13 -12.10 -12.11 -12.13 -12.12 -12.11 -12.09 -12.09 -12.08 -12.09 -12.10 -12.07 -12.03 -11.99 -11.95 -11.91 -11.88 -11.84 -11.81 -11.78 -11.75 -11.73 -11.71 -11.73 -11.77 -11.82 -11.87 -11.91 -11.96 -12.00
-13.51 -13.34 -13.17 -12.99 -12.99 -13.01 -13.03 -13.04 -13.03 -13.00 -12.98 -12.97 -12.97 -12.90 -12.80 -12.66 -12.53 -12.39 -12.26 -12.12 -11.97 -11.84 -11.79 -11.82 -11.86 -11.89 -11.93 -11.95 -11.99 -12.04 -12.08 -12.11 -12.08 -12.05 -12.02 -11.99 -11.96 -11.93 -11.90 -11.90 -11.92 -11.93 -11.94 -11.94 -11.94 -11.94 -11.95 -11.95 -11.95 -11.90 -11.88 -11.86 -11.83 -11.81 -11.79 -11.78 -11.76 -11.75 -11.73 -11.72 -11.70 -11.70 -11.73 -11.76 -11.82 -11.88 -11.92 -11.97
-13.59 -13.40 -13.21 -12.99 -12.91 -12.88 -12.87 -12.87 -12.89 -12.90 -12.92 -12.92 -12.96 -12.94 -12.81 -12.68 -12.56 -12.43 -12.31 -12.16 -12.02 -11.91 -11.83 -11.85 -11.89 -11.91 -11.94 -11.97 -12.00 -12.04 -12.07 -12.10 -12.04 -11.99 -11.96 -11.91 -11.87 -11.82 -11.79 -11.79 -11.79 -11.79 -11.79 -11.78 -11.80 -11.82 -11.83 -11.82 -11.77 -11.75 -11.74 -11.72 -11.71 -11.70 -11.70 -11.69 -11.68 -11.67 -11.66 -11.65 -11.64 -11.63 -11.67 -11.73 -11.76 -11.80 -11.86 -11.86
-13.61 -13.37 -13.14 -12.91 -12.77 -12.80 -12.81 -12.83 -12.84 -12.87 -12.90 -12.94 -12.98 -13.02 -12.88 -12.73 -12.59 -12.45 -12.30 -12.17 -12.02 -11.88 -11.80 -11.82 -11.83 -11.86 -11.88 -11.90 -11.93 -11.96 -11.99 -11.99 -11.95 -11.91 -11.87 -11.82 -11.77 -11.72 -11.66 -11.71 -11.72 -11.70 -11.69 -11.67 -11.65 -11.65 -11.65 -11.64 -11.64 -11.64 -11.64 -11.64 -11.64 -11.64 -11.63 -11.63 -11.62 -11.62 -11.62 -11.61 -11.61 -11.60 -11.65 -11.70 -11.72 -11.74 -11.78 -11.81
-13.59 -13.36 -13.12 -12.89 -12.72 -12.73 -12.74 -12.77 -12.80 -12.84 -12.89 -12.91 -12.94 -12.95 -12.82 -12.68 -12.54 -12.43 -12.31 -12.15 -12.02 -11.88 -11.76 -11.79 -11.83 -11.86 -11.89 -11.92 -11.96 -11.99 -12.02 -12.00 -11.94 -11.87 -11.82 -11.76 -11.70 -11.65 -11.60 -11.59 -11.60 -11.62 -11.63 -11.66 -11.68 -11.71 -11.74 -11.75 -11.78 -11.78 -11.77 -11.76 -11.74 -11.73 -11.72 -11.70 -11.68 -11.64 -11.61 -11.61 -11.60 -11.63 -11.65 -11.70 -11.71 -11.71 -11.72 -11.75
-13.62 -13.39 -13.11 -12.84 -12.60 -12.67 -12.70 -12.74 -12.75 -12.79 -12.79 -12.79 -12.82 -12.86 -12.79 -12.65 -12.52 -12.39 -12.25 -12.11 -11.97 -11.84 -11.72 -11.75 -11.79 -11.82 -11.85 -11.88 -11.91 -11.94 -11.97 -11.95 -11.91 -11.87 -11.82 -11.78 -11.73 -11.71 -11.68 -11.70 -11.74 -11.78 -11.81 -11.82 -11.83 -11.84 -11.86 -11.85 -11.85 -11.85 -11.84 -11.82 -11.80 -11.79 -11.77 -11.76 -11.74 -11.72 -11.70 -11.68 -11.66 -11.68 -11.70 -11.73 -11.75 -11.78 -11.80 -11.83
-13.64 -13.41 -13.15 -12.89 -12.64 -12.62 -12.61 -12.61 -12.63 -12.65 -12.67 -12.71 -12.73 -12.77 -12.72 -12.59 -12.46 -12.31 -12.17 -12.04 -11.91 -11.77 -11.65 -11.66 -11.67 -11.69 -11.70 -11.71 -11.72 -11.73 -11.75 -11.76 -11.77 -11.78 -11.80 -11.82 -11.83 -11.85 -11.87 -11.89 -11.88 -11.86 -11.88 -11.89 -11.92 -11.93 -11.92 -11.91 -11.91 -11.91 -11.88 -11.86 -11.84 -11.80 -11.77 -11.74 -11.72 -11.69 -11.67 -11.65 -11.64 -11.66 -11.68 -11.70 -11.72 -11.74 -11.75 -11.77
-13.71 -13.45 -13.13 -12.82 -12.53 -12.42 -12.47 -12.49 -12.53 -12.55 -12.58 -12.59 -12.59 -12.60 -12.58 -12.44 -12.30 -12.18 -12.06 -11.94 -11.82 -11.70 -11.57 -11.60 -11.62 -11.65 -11.67 -11.69 -11.72 -11.74 -11.77 -11.78 -11.79 -11.82 -11.84 -11.87 -11.89 -11.92 -11.94 -11.96 -11.96 -11.95 -11.93 -11.92 -11.90 -11.89 -11.87 -11.86 -11.84 -11.82 -11.81 -11.80 -11.79 -11.78 -11.77 -11.76 -11.75 -11.74 -11.73 -11.72 -11.71 -11.71 -11.71 -11.70 -11.70 -11.69 -11.69 -11.68
-13.68 -13.36 -13.08 -12.78 -12.46 -12.36 -12.37 -12.37 -12.37 -12.38 -12.39 -12.40 -12.42 -12.43 -12.45 -12.34 -12.23 -12.12 -12.01 -11.89 -11.78 -11.67 -11.57 -11.60 -11.62 -11.65 -11.68 -11.70 -11.73 -11.75 -11.78 -11.81 -11.83 -11.86 -11.89 -11.91 -11.94 -11.97 -12.00 -12.00 -11.97 -11.94 -11.91 -11.88 -11.86 -11.83 -11.79 -11.76 -11.74 -11.72 -11.72 -11.72 -11.72 -11.71 -11.71 -11.70 -11.70 -11.69 -11.68 -11.67 -11.66 -11.66 -11.66 -11.66 -11.66 -11.67 -11.67 -11.67
-13.67 -13.36 -13.04 -12.66 -12.29 -12.04 -12.03 -12.02 -12.03 -12.06 -12.08 -12.11 -12.14 -12.16 -12.19 -12.12 -12.06 -12.00 -11.93 -11.87 -11.80 -11.74 -11.68 -11.69 -11.69 -11.70 -11.71 -11.71 -11.71 -11.72 -11.72 -11.74 -11.78 -11.82 -11.86 -11.90 -11.94 -11.97 -12.01 -12.01 -11.97 -11.92 -11.89 -11.84 -11.81 -11.79 -11.75 -11.72 -11.69 -11.66 -11.65 -11.64 -11.63 -11.63 -11.63 -11.63 -11.63 -11.63 -11.64 -11.64 -11.65 -11.64 -11.64 -11.63 -11.62 -11.62 -11.61 -11.61
-13.57 -13.15 -12.76 -12.31 -11.95 -11.62 -11.62 -11.67 -11.72 -11.77 -11.83 -11.86 -11.90 -11.93 -11.96 -11.91 -11.87 -11.83 -11.79 -11.77 -11.74 -11.72 -11.70 -11.70 -11.70 -11.68 -11.67 -11.67 -11.67 -11.67 -11.66 -11.68 -11.71 -11.74 -11.78 -11.81 -11.86 -11.91 -11.95 -11.95 -11.92 -11.88 -11.84 -11.80 -11.77 -11.74 -11.71 -11.68 -11.65 -11.62 -11.61 -11.60 -11.59 -11.58 -11.58 -11.57 -11.58 -11.58 -11.57 -11.57 -11.57 -11.58 -11.58 -11.59 -11.58 -11.59 -11.58 -11.59
-13.36 -12.94 -12.58 -12.22 -11.78 -11.37 -11.39 -11.44 -11.49 -11.53 -11.57 -11.60 -11.63 -11.65 -11.66 -11.65 -11.65 -11.64 -11.65 -11.62 -11.59 -11.57 -11.54 -11.54 -11.53 -11.53 -11.55 -11.54 -11.53 -11.52 -11.51 -11.53 -11.57 -11.61 -11.66 -11.71 -11.76 -11.80 -11.85 -11.86 -11.84 -11.82 -11.80 -11.78 -11.75 -11.72 -11.69 -11.66 -11.62 -11.61 -11.58 -11.56 -11.56 -11.55 -11.54 -11.53 -11.52 -11.52 -11.51 -11.50 -11.51 -11.52 -11.53 -11.54 -11.55 -11.56 -11.57 -11.58
-13.32 -12.92 -12.52 -12.12 -11.75 -11.39 -11.38 -11.42 -11.46 -11.49 -11.50 -11.50 -11.51 -11.50 -11.50 -11.49 -11.49 -11.50 -11.50 -11.49 -11.49 -11.49 -11.48 -11.47 -11.45 -11.46 -11.47 -11.48 -11.50 -11.52 -11.54 -11.56 -11.58 -11.62 -11.65 -11.69 -11.72 -11.75 -11.79 -11.81 -11.79 -11.78 -11.77 -11.76 -11.73 -11.70 -11.69 -11.67 -11.64 -11.63 -11.61 -11.59 -11.58 -11.56 -11.54 -11.52 -11.50 -11.49 -11.48 -11.47 -11.48 -11.50 -11.52 -11.54 -11.56 -11.58 -11.60 -11.62
-13.36 -12.99 -12.62 -12.25 -11.85 -11.47 -11.37 -11.40 -11.41 -11.42 -11.42 -11.41 -11.40 -11.39 -11.41 -11.42 -11.42 -11.41 -11.39 -11.38 -11.35 -11.33 -11.30 -11.31 -11.34 -11.37 -11.39 -11.42 -11.45 -11.50 -11.53 -11.56 -11.58 -11.60 -11.62 -11.64 -11.66 -11.68 -11.69 -11.70 -11.72 -11.73 -11.73 -11.74 -11.73 -11.74 -11.74 -11.73 -11.69 -11.66 -11.64 -11.62 -11.61 -11.60 -11.57 -11.56 -11.54 -11.52 -11.49 -11.46 -11.47 -11.50 -11.53 -11.56 -11.59 -11.62 -11.64 -11.67
-13.41 -13.03 -12.65 -12.30 -11.93 -11.55 -11.36 -11.34 -11.34 -11.34 -11.34 -11.37 -11.37 -11.35 -11.32 -11.30 -11.29 -11.28 -11.27 -11.25 -11.24 -11.24 -11.22 -11.26 -11.29 -11.34 -11.37 -11.41 -11.45 -11.49 -11.51 -11.52 -11.55 -11.57 -11.58 -11.59 -11.61 -11.62 -11.64 -11.64 -11.64 -11.64 -11.63 -11.63 -11.65 -11.65 -11.65 -11.66 -11.67 -11.67 -11.67 -11.66 -11.66 -11.65 -11.63 -11.62 -11.59 -11.58 -11.56 -11.55 -11.55 -11.57 -11.60 -11.62 -11.65 -11.67 -11.69 -11.72
-13.38 -12.99 -12.61 -12.22 -11.88 -11.55 -11.38 -11.38 -11.38 -11.40 -11.39 -11.34 -11.33 -11.32 -11.35 -11.34 -11.32 -11.31 -11.31 -11.30 -11.28 -11.25 -11.21 -11.26 -11.31 -11.32 -11.36 -11.39 -11.38 -11.36 -11.37 -11.38 -11.40 -11.45 -11.48 -11.48 -11.51 -11.55 -11.56 -11.57 -11.57 -11.56 -11.55 -11.54 -11.53 -11.52 -11.52 -11.51 -11.51 -11.55 -11.57 -11.61 -11.63 -11.64 -11.64 -11.64 -11.63 -11.62 -11.61 -11.60 -11.61 -11.63 -11.65 -11.67 -11.69 -11.70 -11.72 -11.75
-13.34 -12.98 -12.64 -12.32 -12.01 -11.67 -11.37 -11.32 -11.30 -11.31 -11.29 -11.29 -11.30 -11.34 -11.34 -11.35 -11.33 -11.28 -11.26 -11.26 -11.24 -11.24 -11.27 -11.30 -11.33 -11.34 -11.34 -11.32 -11.31 -11.35 -11.36 -11.38 -11.41 -11.43 -11.46 -11.50 -11.52 -11.53 -11.53 -11.53 -11.52 -11.50 -11.49 -11.48 -11.48 -11.47 -11.47 -11.46 -11.46 -11.47 -11.49 -11.52 -11.55 -11.55 -11.59 -11.61 -11.63 -11.65 -11.67 -11.69 -11.71 -11.72 -11.73 -11.74 -11.75 -11.75 -11.77 -11.78
-13.31 -12.96 -12.60 -12.24 -11.91 -11.55 -11.20 -11.21 -11.20 -11.18 -11.20 -11.22 -11.22 -11.25 -11.26 -11.25 -11.24 -11.23 -11.23 -11.26 -11.28 -11.30 -11.33 -11.32 -11.31 -11.31 -11.33 -11.35 -11.35 -11.39 -11.38 -11.37 -11.37 -11.38 -11.41 -11.41 -11.44 -11.45 -11.48 -11.51 -11.49 -11.48 -11.47 -11.45 -11.42 -11.40 -11.38 -11.36 -11.37 -11.41 -11.46 -11.51 -11.54 -11.58 -11.62 -11.64 -11.66 -11.68 -11.70 -11.71 -11.67 -11.68 -11.69 -11.70 -11.72 -11.73 -11.75 -11.75
-13.27 -12.93 -12.56 -12.21 -11.82 -11.43 -11.09 -11.07 -11.12 -11.15 -11.17 -11.19 -11.21 -11.19 -11.18 -11.18 -11.19 -11.20 -11.20 -11.22 -11.24 -11.23 -11.23 -11.23 -11.24 -11.26 -11.27 -11.28 -11.29 -11.32 -11.35 -11.39 -11.42 -11.43 -11.45 -11.48 -11.50 -11.50 -11.50 -11.51 -11.49 -11.47 -11.45 -11.43 -11.41 -11.38 -11.35 -11.33 -11.34 -11.39 -11.44 -11.48 -11.52 -11.55 -11.58 -11.62 -11.65 -11.68 -11.72 -11.75 -11.74 -11.71 -11.68 -11.64 -11.65 -11.66 -11.68 -11.69
-13.21 -12.84 -12.45 -12.08 -11.75 -11.48 -11.20 -11.15 -11.19 -11.16 -11.16 -11.16 -11.16 -11.14 -11.14 -11.10 -11.08 -11.08 -11.07 -11.07 -11.07 -11.07 -11.07 -11.08 -11.13 -11.17 -11.21 -11.26 -11.27 -11.32 -11.34 -11.34 -11.38 -11.42 -11.47 -11.50 -11.52 -11.54 -11.57 -11.58 -11.54 -11.50 -11.46 -11.43 -11.39 -11.36 -11.33 -11.30 -11.31 -11.35 -11.39 -11.44 -11.48 -11.52 -11.56 -11.60 -11.64 -11.68 -11.71 -11.76 -11.74 -11.72 -11.69 -11.67 -11.65 -11.62 -11.60 -11.61
-13.07 -12.71 -12.40 -12.11 -11.82 -11.55 -11.29 -11.15 -11.14 -11.11 -11.06 -11.08 -11.07 -11.05 -11.03 -11.02 -11.02 -11.01 -11.01 -11.02 -11.02 -11.06 -11.10 -11.15 -11.21 -11.25 -11.28 -11.32 -11.32 -11.30 -11.31 -11.31 -11.32 -11.36 -11.40 -11.44 -11.49 -11.54 -11.58 -11.62 -11.56 -11.54 -11.50 -11.48 -11.44 -11.40 -11.36 -11.34 -11.33 -11.37 -11.41 -11.45 -11.48 -11.52 -11.56 -11.59 -11.62 -11.66 -11.69 -11.73 -11.73 -11.71 -11.69 -11.65 -11.63 -11.60 -11.58 -11.57
-12.95 -12.63 -12.37 -12.10 -11.83 -11.52 -11.28 -11.05 -11.04 -11.03 -11.02 -10.98 -10.96 -10.97 -10.97 -10.98 -11.01 -11.04 -11.09 -11.14 -11.18 -11.22 -11.25 -11.32 -11.33 -11.32 -11.31 -11.30 -11.31 -11.30 -11.31 -11.31 -11.30 -11.33 -11.37 -11.41 -11.45 -11.49 -11.53 -11.56 -11.52 -11.49 -11.47 -11.45 -11.43 -11.40 -11.39 -11.37 -11.37 -11.40 -11.43 -11.45 -11.47 -11.50 -11.54 -11.57 -11.59 -11.61 -11.64 -11.67 -11.65 -11.64 -11.63 -11.61 -11.59 -11.57 -11.56 -11.54
-12.88 -12.62 -12.32 -12.02 -11.77 -11.50 -11.25 -10.93 -10.92 -10.93 -10.93 -10.86 -10.83 -10.83 -10.83 -10.78 -10.83 -10.90 -10.97 -11.04 -11.09 -11.16 -11.21 -11.27 -11.28 -11.29 -11.28 -11.27 -11.28 -11.29 -11.33 -11.34 -11.37 -11.38 -11.39 -11.41 -11.38 -11.36 -11.36 -11.37 -11.39 -11.41 -11.38 -11.37 -11.33 -11.35 -11.37 -11.39 -11.40 -11.43 -11.45 -11.49 -11.51 -11.52 -11.53 -11.54 -11.55 -11.57 -11.59 -11.62 -11.60 -11.58 -11.56 -11.54 -11.53 -11.51 -11.50 -11.48
-12.79 -12.52 -12.25 -12.02 -11.74 -11.48 -11.19 -10.92 -10.85 -10.84 -10.83 -10.79 -10.81 -10.78 -10.75 -10.72 -10.71 -10.76 -10.83 -10.93 -11.01 -11.10 -11.18 -11.25 -11.28 -11.30 -11.33 -11.35 -11.35 -11.35 -11.37 -11.37 -11.38 -11.40 -11.38 -11.36 -11.31 -11.28 -11.24 -11.20 -11.22 -11.23 -11.24 -11.27 -11.31 -11.33 -11.36 -11.38 -11.40 -11.41 -11.43 -11.44 -11.46 -11.47 -11.48 -11.49 -11.50 -11.51 -11.53 -11.55 -11.53 -11.52 -11.50 -11.49 -11.47 -11.45 -11.44 -11.42
-12.84 -12.60 -12.30 -12.02 -11.75 -11.45 -11.18 -10.92 -10.80 -10.78 -10.78 -10.74 -10.67 -10.66 -10.67 -10.68 -10.72 -10.81 -10.90 -11.01 -11.08 -11.17 -11.23 -11.29 -11.34 -11.35 -11.35 -11.36 -11.40 -11.40 -11.39 -11.40 -11.41 -11.39 -11.35 -11.33 -11.31 -11.27 -11.26 -11.22 -11.22 -11.25 -11.30 -11.35 -11.38 -11.41 -11.42 -11.44 -11.42 -11.43 -11.45 -11.46 -11.48 -11.49 -11.51 -11.52 -11.54 -11.55 -11.57 -11.58 -11.56 -11.53 -11.51 -11.48 -11.46 -11.45 -11.43 -11.41
-12.86 -12.58 -12.32 -12.02 -11.75 -11.50 -11.14 -10.85 -10.73 -10.75 -10.76 -10.77 -10.78 -10.80 -10.80 -10.81 -10.83 -10.90 -10.98 -11.04 -11.11 -11.18 -11.25 -11.31 -11.32 -11.33 -11.32 -11.32 -11.32 -11.31 -11.31 -11.32 -11.33 -11.32 -11.31 -11.29 -11.28 -11.26 -11.28 -11.30 -11.31 -11.35 -11.38 -11.39 -11.39 -11.39 -11.40 -11.39 -11.44 -11.45 -11.46 -11.47 -11.47 -11.48 -11.49 -11.49 -11.50 -11.51 -11.52 -11.52 -11.50 -11.48 -11.46 -11.45 -11.43 -11.41 -11.39 -11.37
-12.85 -12.55 -12.23 -11.95 -11.70 -11.44 -11.20 -10.98 -10.78 -10.74 -10.77 -10.80 -10.82 -10.83 -10.84 -10.84 -10.89 -11.01 -11.05 -11.09 -11.14 -11.18 -11.20 -11.22 -11.23 -11.24 -11.24 -11.24 -11.24 -11.24 -11.21 -11.20 -11.19 -11.19 -11.23 -11.24 -11.26 -11.30 -11.31 -11.31 -11.30 -11.32 -11.39 -11.38 -11.40 -11.41 -11.41 -11.39 -11.37 -11.38 -11.39 -11.39 -11.40 -11.41 -11.42 -11.43 -11.44 -11.46 -11.47 -11.48 -11.46 -11.43 -11.41 -11.39 -11.37 -11.35 -11.33 -11.31
-12.67 -12.37 -12.11 -11.85 -11.63 -11.42 -11.21 -10.98 -10.79 -10.81 -10.83 -10.87 -10.87 -10.90 -10.94 -10.99 -11.03 -11.07 -11.09 -11.11 -11.14 -11.17 -11.18 -11.18 -11.21 -11.22 -11.22 -11.22 -11.21 -11.20 -11.19 -11.18 -11.16 -11.16 -11.20 -11.23 -11.27 -11.30 -11.34 -11.36 -11.37 -11.37 -11.36 -11.34 -11.33 -11.31 -11.30 -11.30 -11.29 -11.31 -11.33 -11.35 -11.37 -11.38 -11.39 -11.40 -11.40 -11.41 -11.43 -11.44 -11.41 -11.39 -11.36 -11.34 -11.31 -11.29 -11.26 -11.23
