utils/5a01f6d0e4b0531197b72cfe/5807de9ee4b0841e59e3a532/5807e811e4b0841e59e3a543/ew15_july_dem_5m.asc
ncols	1027
nrows	505
xllcorner	294870.00
yllcorner	129890.00
cellsize	5.00
NODATA_value	-9999.00
[rows 310 to 340 of 505, columns 884 to 951 of 1027]
-5.66 -5.73 -5.74 -5.79 -5.80 -5.84 -5.87 -5.89 -5.89 -5.92 -5.94 -5.98 -6.06 -6.07 -6.08 -6.06 -6.12 -6.15 -6.19 -6.22 -6.24 -6.27 -6.25 -6.33 -6.36 -6.38 -6.40 -6.42 -6.44 -6.46 -6.50 -6.53 -6.55 -6.57 -6.60 -6.62 -6.63 -6.62 -6.63 -6.67 -6.68 -6.66 -6.67 -6.67 -6.70 -6.73 -6.76 -6.78 -6.82 -6.81 -6.82 -6.81 -6.82 -6.85 -6.86 -6.89 -6.95 -6.95 -6.96 -6.94 -6.98 -7.02 -7.06 -7.09 -7.10 -7.12 -7.16 -7.22
-5.63 -5.68 -5.72 -5.75 -5.78 -5.81 -5.84 -5.87 -5.90 -5.89 -5.91 -5.95 -5.99 -6.06 -6.06 -6.05 -6.07 -6.13 -6.15 -6.20 -6.22 -6.24 -6.27 -6.29 -6.34 -6.36 -6.38 -6.40 -6.43 -6.44 -6.48 -6.50 -6.52 -6.54 -6.56 -6.60 -6.60 -6.62 -6.60 -6.62 -6.67 -6.67 -6.65 -6.66 -6.68 -6.69 -6.73 -6.74 -6.78 -6.79 -6.78 -6.80 -6.79 -6.80 -6.83 -6.86 -6.90 -6.96 -6.96 -6.96 -6.95 -6.99 -7.03 -7.08 -7.09 -7.11 -7.15 -7.15
-5.58 -5.64 -5.69 -5.72 -5.76 -5.77 -5.82 -5.85 -5.87 -5.88 -5.89 -5.92 -5.97 -6.03 -6.06 -6.05 -6.04 -6.09 -6.13 -6.16 -6.20 -6.22 -6.24 -6.25 -6.32 -6.34 -6.36 -6.39 -6.42 -6.41 -6.46 -6.48 -6.50 -6.52 -6.54 -6.56 -6.58 -6.59 -6.60 -6.60 -6.61 -6.66 -6.65 -6.64 -6.64 -6.69 -6.70 -6.73 -6.74 -6.77 -6.78 -6.79 -6.79 -6.78 -6.81 -6.82 -6.86 -6.92 -6.94 -6.97 -6.94 -6.97 -7.01 -7.04 -7.07 -7.09 -7.12 -7.16
-5.56 -5.60 -5.64 -5.71 -5.73 -5.77 -5.78 -5.82 -5.85 -5.89 -5.88 -5.89 -5.93 -5.98 -6.06 -6.05 -6.04 -6.04 -6.10 -6.13 -6.17 -6.20 -6.22 -6.24 -6.24 -6.33 -6.35 -6.38 -6.37 -6.37 -6.41 -6.45 -6.47 -6.49 -6.51 -6.53 -6.56 -6.58 -6.57 -6.59 -6.59 -6.60 -6.64 -6.63 -6.64 -6.63 -6.67 -6.69 -6.72 -6.74 -6.78 -6.75 -6.77 -6.75 -6.77 -6.81 -6.82 -6.86 -6.93 -6.95 -6.97 -6.95 -6.97 -7.03 -7.04 -7.07 -7.11 -7.12
-5.50 -5.56 -5.62 -5.65 -5.69 -5.73 -5.75 -5.80 -5.83 -5.85 -5.88 -5.87 -5.90 -5.95 -5.99 -6.05 -6.04 -6.04 -6.07 -6.10 -6.13 -6.17 -6.20 -6.22 -6.24 -6.30 -6.30 -6.34 -6.36 -6.36 -6.41 -6.42 -6.44 -6.46 -6.48 -6.50 -6.52 -6.55 -6.57 -6.57 -6.57 -6.58 -6.60 -6.63 -6.62 -6.63 -6.63 -6.65 -6.68 -6.70 -6.74 -6.74 -6.73 -6.74 -6.74 -6.75 -6.79 -6.82 -6.87 -6.94 -6.96 -6.95 -6.93 -7.00 -7.02 -7.05 -7.08 -7.10
-5.47 -5.51 -5.57 -5.62 -5.67 -5.70 -5.75 -5.76 -5.80 -5.84 -5.88 -5.86 -5.88 -5.92 -5.96 -6.01 -6.04 -6.03 -6.01 -6.08 -6.10 -6.15 -6.17 -6.20 -6.25 -6.26 -6.28 -6.29 -6.35 -6.36 -6.35 -6.40 -6.44 -6.44 -6.46 -6.48 -6.50 -6.51 -6.54 -6.56 -6.57 -6.56 -6.57 -6.60 -6.62 -6.61 -6.61 -6.64 -6.64 -6.68 -6.70 -6.74 -6.72 -6.73 -6.74 -6.73 -6.76 -6.78 -6.84 -6.90 -6.94 -6.96 -6.93 -6.94 -7.02 -7.03 -7.05 -7.09
-5.43 -5.48 -5.53 -5.59 -5.63 -5.68 -5.71 -5.73 -5.78 -5.81 -5.83 -5.86 -5.85 -5.88 -5.93 -5.98 -6.04 -6.03 -6.02 -6.05 -6.08 -6.10 -6.19 -6.25 -6.22 -6.23 -6.25 -6.27 -6.30 -6.35 -6.35 -6.35 -6.40 -6.43 -6.43 -6.45 -6.47 -6.49 -6.52 -6.55 -6.55 -6.55 -6.55 -6.55 -6.60 -6.60 -6.60 -6.59 -6.65 -6.65 -6.67 -6.70 -6.73 -6.69 -6.71 -6.69 -6.72 -6.76 -6.80 -6.84 -6.93 -6.95 -6.95 -6.93 -6.98 -7.01 -7.04 -7.06
-5.39 -5.46 -5.49 -5.55 -5.60 -5.63 -5.67 -5.73 -5.74 -5.77 -5.82 -5.86 -5.85 -5.87 -5.90 -5.94 -5.99 -6.03 -6.02 -6.04 -6.06 -6.09 -6.15 -6.21 -6.20 -6.21 -6.23 -6.25 -6.26 -6.31 -6.34 -6.34 -6.39 -6.39 -6.43 -6.43 -6.44 -6.46 -6.48 -6.51 -6.54 -6.53 -6.54 -6.54 -6.53 -6.58 -6.58 -6.59 -6.58 -6.63 -6.64 -6.65 -6.70 -6.69 -6.68 -6.69 -6.71 -6.72 -6.77 -6.82 -6.88 -6.93 -6.95 -6.93 -6.93 -6.99 -7.02 -7.04
-5.36 -5.42 -5.48 -5.50 -5.56 -5.62 -5.65 -5.69 -5.71 -5.75 -5.79 -5.81 -5.86 -5.85 -5.86 -5.91 -5.96 -5.99 -6.01 -5.98 -6.02 -6.10 -6.11 -6.17 -6.20 -6.20 -6.21 -6.22 -6.24 -6.27 -6.32 -6.34 -6.33 -6.39 -6.37 -6.43 -6.42 -6.44 -6.46 -6.47 -6.50 -6.53 -6.53 -6.52 -6.52 -6.53 -6.56 -6.57 -6.57 -6.59 -6.61 -6.63 -6.66 -6.70 -6.67 -6.69 -6.71 -6.72 -6.75 -6.79 -6.84 -6.90 -6.94 -6.94 -6.92 -6.95 -7.01 -7.02
-5.33 -5.38 -5.44 -5.50 -5.51 -5.57 -5.61 -5.65 -5.71 -5.72 -5.74 -5.80 -5.84 -5.85 -5.84 -5.86 -5.94 -5.95 -5.99 -5.95 -5.99 -6.04 -6.07 -6.13 -6.19 -6.17 -6.19 -6.20 -6.22 -6.24 -6.26 -6.32 -6.33 -6.33 -6.39 -6.37 -6.42 -6.42 -6.43 -6.45 -6.47 -6.51 -6.52 -6.52 -6.52 -6.51 -6.53 -6.55 -6.57 -6.55 -6.60 -6.59 -6.63 -6.67 -6.70 -6.66 -6.68 -6.69 -6.71 -6.76 -6.81 -6.86 -6.92 -6.93 -6.93 -6.93 -6.98 -7.00
-5.30 -5.35 -5.39 -5.45 -5.51 -5.52 -5.58 -5.61 -5.66 -5.69 -5.72 -5.77 -5.79 -5.85 -5.83 -5.84 -5.91 -5.92 -5.96 -5.97 -5.96 -6.01 -6.07 -6.09 -6.15 -6.16 -6.17 -6.17 -6.19 -6.21 -6.23 -6.28 -6.32 -6.32 -6.37 -6.39 -6.37 -6.41 -6.41 -6.42 -6.44 -6.46 -6.50 -6.51 -6.51 -6.50 -6.49 -6.53 -6.54 -6.56 -6.53 -6.61 -6.61 -6.63 -6.68 -6.68 -6.68 -6.69 -6.70 -6.74 -6.78 -6.83 -6.88 -6.92 -6.94 -6.92 -6.94 -6.99
-5.26 -5.32 -5.36 -5.40 -5.46 -5.51 -5.53 -5.60 -5.63 -5.68 -5.69 -5.74 -5.78 -5.82 -5.83 -5.82 -5.84 -5.91 -5.92 -5.96 -5.93 -5.97 -6.02 -6.05 -6.11 -6.16 -6.14 -6.17 -6.17 -6.19 -6.21 -6.23 -6.29 -6.32 -6.32 -6.38 -6.39 -6.38 -6.41 -6.40 -6.42 -6.43 -6.46 -6.50 -6.49 -6.49 -6.48 -6.47 -6.52 -6.53 -6.55 -6.55 -6.61 -6.63 -6.67 -6.70 -6.67 -6.68 -6.68 -6.72 -6.75 -6.80 -6.84 -6.90 -6.92 -6.94 -6.93 -6.96
-5.23 -5.28 -5.34 -5.37 -5.41 -5.47 -5.52 -5.55 -5.60 -5.63 -5.69 -5.69 -5.74 -5.78 -5.83 -5.81 -5.82 -5.89 -5.89 -5.93 -5.94 -5.94 -5.99 -6.05 -6.07 -6.13 -6.13 -6.14 -6.17 -6.16 -6.18 -6.20 -6.24 -6.29 -6.31 -6.32 -6.38 -6.37 -6.39 -6.40 -6.40 -6.41 -6.43 -6.48 -6.49 -6.48 -6.48 -6.47 -6.47 -6.52 -6.54 -6.56 -6.57 -6.62 -6.64 -6.67 -6.68 -6.67 -6.68 -6.70 -6.72 -6.76 -6.83 -6.87 -6.91 -6.92 -6.92 -6.94
-5.20 -5.23 -5.29 -5.34 -5.39 -5.45 -5.50 -5.53 -5.56 -5.59 -5.65 -5.67 -5.71 -5.75 -5.80 -5.81 -5.80 -5.81 -5.89 -5.89 -5.93 -5.90 -5.96 -6.00 -6.02 -6.09 -6.14 -6.12 -6.14 -6.15 -6.15 -6.18 -6.20 -6.26 -6.30 -6.30 -6.35 -6.37 -6.35 -6.38 -6.39 -6.39 -6.40 -6.42 -6.47 -6.48 -6.47 -6.46 -6.48 -6.50 -6.53 -6.55 -6.56 -6.60 -6.63 -6.65 -6.68 -6.67 -6.67 -6.69 -6.71 -6.74 -6.79 -6.84 -6.88 -6.91 -6.93 -6.92
-5.16 -5.22 -5.25 -5.31 -5.36 -5.40 -5.47 -5.51 -5.53 -5.56 -5.60 -5.66 -5.67 -5.72 -5.75 -5.80 -5.80 -5.80 -5.86 -5.87 -5.90 -5.92 -5.92 -5.97 -6.02 -6.04 -6.11 -6.10 -6.10 -6.14 -6.14 -6.15 -6.17 -6.20 -6.26 -6.30 -6.30 -6.38 -6.37 -6.33 -6.37 -6.38 -6.39 -6.39 -6.41 -6.46 -6.48 -6.46 -6.45 -6.46 -6.52 -6.53 -6.56 -6.57 -6.63 -6.65 -6.67 -6.70 -6.66 -6.67 -6.69 -6.70 -6.75 -6.82 -6.85 -6.89 -6.91 -6.92
-5.12 -5.18 -5.25 -5.27 -5.34 -5.38 -5.40 -5.47 -5.51 -5.53 -5.56 -5.61 -5.66 -5.67 -5.72 -5.76 -5.80 -5.78 -5.79 -5.87 -5.86 -5.90 -5.88 -5.94 -5.98 -6.00 -6.06 -6.10 -6.09 -6.10 -6.13 -6.13 -6.15 -6.17 -6.22 -6.27 -6.29 -6.31 -6.36 -6.38 -6.34 -6.37 -6.37 -6.38 -6.38 -6.45 -6.45 -6.47 -6.46 -6.46 -6.48 -6.53 -6.54 -6.57 -6.59 -6.63 -6.66 -6.68 -6.68 -6.67 -6.67 -6.69 -6.73 -6.78 -6.83 -6.87 -6.90 -6.91
-5.07 -5.14 -5.21 -5.27 -5.29 -5.34 -5.37 -5.42 -5.46 -5.52 -5.53 -5.57 -5.61 -5.65 -5.69 -5.72 -5.76 -5.78 -5.78 -5.83 -5.86 -5.87 -5.89 -5.90 -5.95 -6.00 -6.02 -6.08 -6.06 -6.07 -6.11 -6.12 -6.12 -6.14 -6.16 -6.23 -6.28 -6.28 -6.33 -6.36 -6.36 -6.35 -6.38 -6.38 -6.37 -6.39 -6.46 -6.45 -6.47 -6.47 -6.47 -6.49 -6.53 -6.55 -6.58 -6.61 -6.65 -6.66 -6.68 -6.65 -6.67 -6.68 -6.70 -6.74 -6.82 -6.84 -6.88 -6.90
-5.03 -5.09 -5.16 -5.21 -5.27 -5.30 -5.35 -5.37 -5.44 -5.48 -5.51 -5.53 -5.57 -5.63 -5.64 -5.69 -5.72 -5.77 -5.77 -5.77 -5.84 -5.83 -5.87 -5.86 -5.92 -5.97 -5.98 -6.04 -6.07 -6.06 -6.07 -6.11 -6.11 -6.12 -6.14 -6.16 -6.24 -6.27 -6.28 -6.36 -6.35 -6.34 -6.36 -6.37 -6.37 -6.39 -6.42 -6.44 -6.46 -6.47 -6.46 -6.49 -6.52 -6.54 -6.56 -6.59 -6.62 -6.66 -6.68 -6.69 -6.66 -6.67 -6.68 -6.71 -6.76 -6.83 -6.86 -6.89
-4.98 -5.04 -5.12 -5.17 -5.21 -5.26 -5.30 -5.35 -5.38 -5.45 -5.48 -5.50 -5.53 -5.58 -5.63 -5.66 -5.70 -5.72 -5.77 -5.76 -5.80 -5.83 -5.84 -5.86 -5.88 -5.93 -5.97 -6.00 -6.04 -6.02 -6.05 -6.07 -6.10 -6.10 -6.11 -6.14 -6.19 -6.24 -6.27 -6.29 -6.35 -6.37 -6.35 -6.37 -6.37 -6.36 -6.39 -6.44 -6.44 -6.47 -6.47 -6.45 -6.49 -6.54 -6.55 -6.58 -6.61 -6.65 -6.67 -6.68 -6.67 -6.66 -6.67 -6.69 -6.73 -6.80 -6.84 -6.86
-4.95 -5.00 -5.05 -5.13 -5.17 -5.21 -5.26 -5.31 -5.34 -5.38 -5.44 -5.48 -5.50 -5.54 -5.59 -5.63 -5.67 -5.70 -5.74 -5.75 -5.76 -5.82 -5.81 -5.84 -5.84 -5.90 -5.95 -5.97 -6.02 -6.04 -6.03 -6.03 -6.07 -6.10 -6.09 -6.10 -6.12 -6.21 -6.25 -6.28 -6.32 -6.35 -6.36 -6.35 -6.36 -6.36 -6.37 -6.38 -6.43 -6.44 -6.47 -6.46 -6.46 -6.50 -6.54 -6.56 -6.59 -6.62 -6.65 -6.68 -6.68 -6.66 -6.66 -6.68 -6.70 -6.75 -6.82 -6.85
-4.91 -4.96 -5.00 -5.07 -5.12 -5.18 -5.23 -5.27 -5.31 -5.34 -5.41 -5.45 -5.49 -5.50 -5.55 -5.61 -5.62 -5.67 -5.71 -5.74 -5.74 -5.78 -5.80 -5.80 -5.84 -5.86 -5.92 -5.95 -5.98 -6.02 -5.99 -6.02 -6.03 -6.07 -6.09 -6.08 -6.10 -6.15 -6.23 -6.27 -6.28 -6.34 -6.34 -6.34 -6.36 -6.36 -6.35 -6.39 -6.41 -6.44 -6.44 -6.47 -6.46 -6.47 -6.51 -6.55 -6.57 -6.60 -6.63 -6.67 -6.69 -6.67 -6.64 -6.66 -6.68 -6.72 -6.79 -6.83
-4.86 -4.93 -4.96 -5.00 -5.09 -5.14 -5.18 -5.23 -5.27 -5.32 -5.36 -5.41 -5.43 -5.49 -5.50 -5.55 -5.60 -5.64 -5.68 -5.71 -5.74 -5.74 -5.79 -5.80 -5.81 -5.83 -5.88 -5.94 -5.94 -5.99 -6.00 -5.99 -6.00 -6.03 -6.07 -6.08 -6.09 -6.12 -6.18 -6.23 -6.27 -6.28 -6.34 -6.35 -6.34 -6.36 -6.36 -6.36 -6.39 -6.42 -6.43 -6.44 -6.47 -6.46 -6.49 -6.54 -6.56 -6.58 -6.61 -6.64 -6.69 -6.69 -6.66 -6.66 -6.67 -6.69 -6.74 -6.82
-4.81 -4.87 -4.94 -4.96 -5.00 -5.09 -5.14 -5.18 -5.23 -5.28 -5.31 -5.35 -5.43 -5.45 -5.48 -5.50 -5.56 -5.61 -5.64 -5.69 -5.71 -5.72 -5.75 -5.77 -5.77 -5.81 -5.83 -5.90 -5.93 -5.96 -5.99 -5.95 -5.99 -6.01 -6.04 -6.08 -6.08 -6.10 -6.12 -6.20 -6.24 -6.27 -6.31 -6.34 -6.35 -6.35 -6.35 -6.34 -6.38 -6.39 -6.41 -6.43 -6.45 -6.47 -6.46 -6.51 -6.56 -6.57 -6.59 -6.63 -6.66 -6.70 -6.68 -6.64 -6.66 -6.66 -6.71 -6.77
-4.74 -4.81 -4.88 -4.95 -4.97 -5.03 -5.10 -5.15 -5.18 -5.23 -5.28 -5.32 -5.38 -5.41 -5.45 -5.48 -5.51 -5.58 -5.60 -5.65 -5.67 -5.71 -5.72 -5.77 -5.78 -5.77 -5.81 -5.87 -5.91 -5.92 -5.96 -5.95 -5.96 -5.98 -6.01 -6.05 -6.09 -6.09 -6.10 -6.14 -6.21 -6.25 -6.28 -6.34 -6.32 -6.33 -6.35 -6.35 -6.35 -6.38 -6.40 -6.42 -6.43 -6.46 -6.46 -6.47 -6.52 -6.54 -6.58 -6.60 -6.65 -6.67 -6.70 -6.65 -6.64 -6.65 -6.69 -6.73
-4.65 -4.74 -4.83 -4.89 -4.94 -4.97 -5.05 -5.08 -5.14 -5.18 -5.24 -5.29 -5.34 -5.40 -5.42 -5.45 -5.48 -5.52 -5.58 -5.62 -5.65 -5.68 -5.71 -5.72 -5.74 -5.74 -5.78 -5.81 -5.88 -5.90 -5.94 -5.97 -5.93 -5.97 -5.99 -6.02 -6.07 -6.09 -6.09 -6.12 -6.17 -6.23 -6.26 -6.28 -6.32 -6.34 -6.34 -6.35 -6.33 -6.36 -6.38 -6.40 -6.42 -6.43 -6.46 -6.46 -6.47 -6.54 -6.57 -6.59 -6.61 -6.67 -6.70 -6.69 -6.66 -6.65 -6.67 -6.69
-4.60 -4.68 -4.76 -4.84 -4.89 -4.94 -4.97 -5.06 -5.11 -5.15 -5.20 -5.24 -5.28 -5.32 -5.39 -5.40 -5.46 -5.48 -5.53 -5.58 -5.62 -5.63 -5.69 -5.70 -5.74 -5.75 -5.73 -5.79 -5.84 -5.89 -5.91 -5.94 -5.96 -5.94 -5.98 -6.01 -6.04 -6.07 -6.09 -6.10 -6.13 -6.18 -6.23 -6.26 -6.30 -6.32 -6.34 -6.34 -6.35 -6.34 -6.39 -6.39 -6.40 -6.42 -6.43 -6.47 -6.46 -6.49 -6.56 -6.58 -6.60 -6.63 -6.68 -6.70 -6.67 -6.64 -6.65 -6.66
-4.54 -4.59 -4.69 -4.77 -4.85 -4.91 -4.94 -4.99 -5.07 -5.11 -5.15 -5.21 -5.25 -5.29 -5.35 -5.40 -5.41 -5.46 -5.47 -5.55 -5.58 -5.63 -5.66 -5.69 -5.69 -5.72 -5.74 -5.75 -5.78 -5.85 -5.89 -5.91 -5.93 -5.94 -5.96 -5.98 -6.02 -6.05 -6.07 -6.10 -6.12 -6.14 -6.20 -6.24 -6.27 -6.32 -6.31 -6.33 -6.34 -6.32 -6.35 -6.38 -6.39 -6.40 -6.42 -6.44 -6.48 -6.47 -6.52 -6.56 -6.60 -6.60 -6.65 -6.69 -6.69 -6.66 -6.65 -6.66
-4.47 -4.57 -4.62 -4.70 -4.80 -4.86 -4.92 -4.94 -5.01 -5.07 -5.11 -5.15 -5.21 -5.26 -5.32 -5.37 -5.39 -5.43 -5.45 -5.48 -5.55 -5.59 -5.62 -5.65 -5.68 -5.71 -5.73 -5.72 -5.77 -5.80 -5.86 -5.88 -5.91 -5.95 -5.93 -5.96 -6.00 -6.03 -6.06 -6.09 -6.11 -6.12 -6.16 -6.22 -6.25 -6.27 -6.31 -6.32 -6.34 -6.34 -6.33 -6.36 -6.38 -6.37 -6.41 -6.42 -6.44 -6.46 -6.47 -6.53 -6.57 -6.58 -6.60 -6.67 -6.70 -6.68 -6.64 -6.65
-4.42 -4.47 -4.56 -4.64 -4.72 -4.81 -4.87 -4.93 -4.94 -5.03 -5.06 -5.12 -5.15 -5.21 -5.25 -5.30 -5.38 -5.38 -5.43 -5.45 -5.50 -5.56 -5.61 -5.62 -5.66 -5.69 -5.70 -5.73 -5.74 -5.77 -5.82 -5.87 -5.89 -5.92 -5.95 -5.93 -5.97 -6.02 -6.03 -6.06 -6.10 -6.11 -6.14 -6.17 -6.22 -6.26 -6.29 -6.31 -6.32 -6.33 -6.31 -6.34 -6.39 -6.37 -6.39 -6.41 -6.42 -6.44 -6.46 -6.48 -6.54 -6.57 -6.60 -6.62 -6.67 -6.69 -6.66 -6.64
-4.38 -4.44 -4.51 -4.56 -4.66 -4.74 -4.82 -4.87 -4.92 -4.94 -5.04 -5.08 -5.11 -5.15 -5.22 -5.27 -5.33 -5.38 -5.36 -5.43 -5.45 -5.52 -5.57 -5.61 -5.63 -5.66 -5.70 -5.71 -5.71 -5.76 -5.77 -5.83 -5.87 -5.90 -5.93 -5.93 -5.95 -5.99 -6.03 -6.04 -6.07 -6.10 -6.11 -6.15 -6.19 -6.22 -6.27 -6.30 -6.30 -6.33 -6.33 -6.32 -6.35 -6.38 -6.36 -6.38 -6.43 -6.43 -6.45 -6.46 -6.51 -6.54 -6.57 -6.60 -6.64 -6.68 -6.68 -6.65
-4.34 -4.40 -4.44 -4.52 -4.58 -4.66 -4.77 -4.83 -4.87 -4.92 -4.97 -5.05 -5.08 -5.11 -5.16 -5.23 -5.29 -5.34 -5.37 -5.38 -5.43 -5.45 -5.55 -5.58 -5.59 -5.65 -5.67 -5.69 -5.72 -5.73 -5.76 -5.78 -5.82 -5.86 -5.90 -5.93 -5.92 -5.96 -6.00 -6.03 -6.06 -6.08 -6.11 -6.13 -6.15 -6.21 -6.24 -6.27 -6.29 -6.30 -6.33 -6.31 -6.33 -6.37 -6.37 -6.36 -6.41 -6.43 -6.43 -6.45 -6.47 -6.52 -6.56 -6.58 -6.60 -6.66 -6.69 -6.67
