utils/5a01f6d0e4b0531197b72cfe/5807de9ee4b0841e59e3a532/5807e811e4b0841e59e3a543/ew15_july_dem_5m.asc
ncols	1027
nrows	505
xllcorner	294870.00
yllcorner	129890.00
cellsize	5.00
NODATA_value	-9999.00
[rows 93 to 123 of 505, columns 544 to 611 of 1027]
-9.82 -9.81 -9.81 -9.81 -9.81 -9.81 -9.83 -9.83 -9.85 -9.83 -9.83 -9.83 -9.81 -9.81 -9.78 -9.77 -9.76 -9.76 -9.75 -9.74 -9.74 -9.74 -9.74 -9.72 -9.71 -9.71 -9.70 -9.71 -9.73 -9.71 -9.69 -9.70 -9.69 -9.67 -9.67 -9.68 -9.68 -9.68 -9.68 -9.72 -9.71 -9.74 -9.73 -9.72 -9.73 -9.73 -9.73 -9.73 -9.73 -9.75 -9.77 -9.78 -9.80 -9.82 -9.83 -9.82 -9.83 -9.87 -9.89 -9.88 -9.91 -9.91 -9.94 -9.93 -9.87 -9.92 -9.93 -9.95
-9.77 -9.76 -9.75 -9.75 -9.74 -9.73 -9.70 -9.68 -9.65 -9.66 -9.70 -9.70 -9.70 -9.68 -9.68 -9.68 -9.68 -9.64 -9.62 -9.60 -9.60 -9.61 -9.62 -9.63 -9.62 -9.61 -9.61 -9.60 -9.58 -9.57 -9.56 -9.52 -9.48 -9.49 -9.48 -9.50 -9.54 -9.56 -9.54 -9.54 -9.56 -9.58 -9.62 -9.64 -9.65 -9.67 -9.68 -9.70 -9.72 -9.73 -9.69 -9.68 -9.68 -9.71 -9.75 -9.75 -9.76 -9.78 -9.77 -9.79 -9.82 -9.84 -9.84 -9.86 -9.84 -9.83 -9.81 -9.82
-9.72 -9.71 -9.69 -9.69 -9.68 -9.67 -9.67 -9.65 -9.62 -9.59 -9.57 -9.57 -9.54 -9.51 -9.50 -9.52 -9.52 -9.52 -9.52 -9.52 -9.50 -9.50 -9.49 -9.50 -9.51 -9.50 -9.48 -9.49 -9.46 -9.45 -9.41 -9.39 -9.36 -9.35 -9.34 -9.37 -9.38 -9.37 -9.38 -9.42 -9.46 -9.47 -9.49 -9.51 -9.53 -9.54 -9.56 -9.57 -9.59 -9.59 -9.60 -9.62 -9.58 -9.54 -9.61 -9.65 -9.67 -9.69 -9.70 -9.71 -9.73 -9.72 -9.75 -9.77 -9.75 -9.72 -9.75 -9.72
-9.67 -9.65 -9.62 -9.62 -9.60 -9.58 -9.58 -9.59 -9.58 -9.57 -9.57 -9.55 -9.53 -9.51 -9.49 -9.47 -9.45 -9.43 -9.40 -9.38 -9.36 -9.35 -9.35 -9.35 -9.35 -9.34 -9.34 -9.34 -9.34 -9.31 -9.27 -9.23 -9.20 -9.16 -9.17 -9.18 -9.23 -9.26 -9.28 -9.30 -9.33 -9.35 -9.36 -9.39 -9.41 -9.42 -9.46 -9.50 -9.48 -9.46 -9.48 -9.48 -9.48 -9.51 -9.56 -9.57 -9.53 -9.58 -9.61 -9.63 -9.63 -9.64 -9.66 -9.65 -9.63 -9.64 -9.63 -9.61
-9.55 -9.55 -9.55 -9.53 -9.51 -9.49 -9.49 -9.50 -9.48 -9.48 -9.48 -9.48 -9.48 -9.44 -9.43 -9.42 -9.39 -9.33 -9.31 -9.29 -9.27 -9.27 -9.23 -9.22 -9.23 -9.22 -9.22 -9.21 -9.18 -9.14 -9.12 -9.09 -9.05 -9.01 -9.02 -9.06 -9.10 -9.13 -9.15 -9.17 -9.19 -9.24 -9.24 -9.28 -9.31 -9.32 -9.33 -9.36 -9.38 -9.39 -9.39 -9.38 -9.37 -9.39 -9.42 -9.46 -9.48 -9.51 -9.54 -9.55 -9.55 -9.57 -9.57 -9.56 -9.55 -9.55 -9.52 -9.51
-9.47 -9.45 -9.46 -9.44 -9.42 -9.39 -9.39 -9.37 -9.37 -9.36 -9.36 -9.37 -9.36 -9.34 -9.33 -9.31 -9.28 -9.26 -9.24 -9.22 -9.21 -9.19 -9.13 -9.11 -9.10 -9.09 -9.08 -9.08 -9.05 -9.02 -8.99 -8.95 -8.90 -8.87 -8.90 -8.96 -8.99 -9.04 -9.06 -9.08 -9.09 -9.12 -9.15 -9.15 -9.17 -9.21 -9.20 -9.26 -9.27 -9.27 -9.27 -9.28 -9.28 -9.30 -9.35 -9.36 -9.37 -9.40 -9.44 -9.46 -9.49 -9.52 -9.50 -9.46 -9.43 -9.43 -9.45 -9.43
-9.35 -9.32 -9.30 -9.29 -9.27 -9.26 -9.26 -9.25 -9.26 -9.25 -9.23 -9.25 -9.20 -9.19 -9.17 -9.17 -9.16 -9.14 -9.12 -9.11 -9.08 -9.03 -9.00 -8.97 -8.96 -8.93 -8.92 -8.90 -8.91 -8.87 -8.83 -8.81 -8.77 -8.75 -8.80 -8.85 -8.89 -8.93 -8.93 -9.00 -9.03 -9.03 -9.04 -9.05 -9.05 -9.08 -9.11 -9.13 -9.13 -9.11 -9.15 -9.14 -9.17 -9.22 -9.26 -9.28 -9.31 -9.35 -9.35 -9.36 -9.38 -9.40 -9.41 -9.38 -9.35 -9.30 -9.27 -9.28
-9.18 -9.17 -9.15 -9.13 -9.11 -9.10 -9.08 -9.05 -9.04 -9.03 -9.02 -9.01 -9.01 -9.03 -9.03 -9.04 -9.04 -9.05 -9.05 -9.04 -9.03 -8.99 -8.95 -8.91 -8.88 -8.84 -8.77 -8.73 -8.71 -8.72 -8.71 -8.70 -8.65 -8.65 -8.70 -8.75 -8.81 -8.85 -8.88 -8.92 -8.93 -8.94 -8.92 -8.96 -8.96 -8.97 -8.98 -9.01 -8.99 -9.00 -9.00 -8.97 -9.03 -9.10 -9.16 -9.17 -9.23 -9.27 -9.29 -9.31 -9.35 -9.33 -9.31 -9.28 -9.26 -9.19 -9.19 -9.14
-9.01 -8.98 -8.96 -8.94 -8.91 -8.90 -8.88 -8.89 -8.90 -8.88 -8.85 -8.83 -8.81 -8.84 -8.86 -8.88 -8.92 -8.93 -8.94 -8.96 -8.98 -8.99 -8.96 -8.93 -8.89 -8.86 -8.82 -8.75 -8.70 -8.66 -8.64 -8.63 -8.62 -8.62 -8.64 -8.66 -8.69 -8.73 -8.79 -8.84 -8.86 -8.85 -8.86 -8.87 -8.87 -8.90 -8.89 -8.91 -8.89 -8.86 -8.87 -8.88 -8.94 -9.02 -9.05 -9.07 -9.13 -9.18 -9.21 -9.23 -9.29 -9.29 -9.27 -9.22 -9.21 -9.16 -9.11 -9.06
-8.77 -8.71 -8.66 -8.60 -8.56 -8.62 -8.67 -8.72 -8.74 -8.76 -8.77 -8.78 -8.78 -8.79 -8.83 -8.84 -8.87 -8.90 -8.90 -8.90 -8.90 -8.91 -8.93 -8.93 -8.93 -8.92 -8.90 -8.83 -8.77 -8.70 -8.66 -8.60 -8.57 -8.59 -8.60 -8.65 -8.65 -8.68 -8.68 -8.72 -8.72 -8.75 -8.76 -8.77 -8.74 -8.75 -8.79 -8.82 -8.81 -8.79 -8.80 -8.82 -8.84 -8.92 -8.99 -9.03 -9.09 -9.13 -9.15 -9.18 -9.20 -9.21 -9.19 -9.20 -9.18 -9.11 -9.10 -9.10
-8.54 -8.47 -8.39 -8.31 -8.23 -8.32 -8.42 -8.49 -8.58 -8.64 -8.71 -8.74 -8.76 -8.79 -8.80 -8.81 -8.82 -8.83 -8.87 -8.88 -8.91 -8.94 -8.94 -8.92 -8.93 -8.92 -8.91 -8.86 -8.81 -8.76 -8.67 -8.59 -8.58 -8.60 -8.60 -8.60 -8.63 -8.65 -8.68 -8.67 -8.66 -8.65 -8.66 -8.68 -8.67 -8.71 -8.70 -8.69 -8.68 -8.72 -8.73 -8.76 -8.79 -8.85 -8.90 -8.95 -9.00 -9.08 -9.15 -9.18 -9.21 -9.19 -9.15 -9.12 -9.10 -9.11 -9.08 -9.04
-8.24 -8.14 -8.05 -7.97 -7.89 -8.03 -8.17 -8.28 -8.40 -8.51 -8.60 -8.69 -8.70 -8.73 -8.74 -8.77 -8.78 -8.81 -8.82 -8.85 -8.87 -8.88 -8.91 -8.93 -8.95 -8.95 -8.92 -8.88 -8.83 -8.78 -8.69 -8.63 -8.62 -8.64 -8.63 -8.63 -8.64 -8.61 -8.63 -8.63 -8.60 -8.61 -8.59 -8.58 -8.58 -8.58 -8.65 -8.65 -8.65 -8.67 -8.71 -8.69 -8.74 -8.79 -8.83 -8.86 -8.92 -9.00 -9.07 -9.09 -9.18 -9.17 -9.14 -9.12 -9.09 -9.04 -8.97 -9.00
-8.04 -7.93 -7.84 -7.73 -7.63 -7.76 -7.90 -8.02 -8.14 -8.28 -8.44 -8.58 -8.59 -8.63 -8.66 -8.69 -8.72 -8.73 -8.75 -8.79 -8.80 -8.83 -8.85 -8.88 -8.92 -8.95 -8.92 -8.88 -8.82 -8.78 -8.73 -8.70 -8.70 -8.70 -8.68 -8.69 -8.69 -8.71 -8.68 -8.61 -8.56 -8.55 -8.52 -8.51 -8.52 -8.51 -8.51 -8.53 -8.56 -8.63 -8.64 -8.66 -8.68 -8.77 -8.76 -8.81 -8.86 -8.90 -8.94 -8.98 -9.07 -9.11 -9.07 -9.08 -9.05 -9.03 -9.03 -8.97
-8.14 -8.09 -8.01 -7.92 -7.81 -7.83 -7.90 -7.97 -8.07 -8.18 -8.29 -8.37 -8.43 -8.46 -8.49 -8.53 -8.59 -8.63 -8.66 -8.71 -8.74 -8.77 -8.80 -8.83 -8.85 -8.87 -8.83 -8.79 -8.79 -8.75 -8.70 -8.65 -8.70 -8.70 -8.71 -8.73 -8.75 -8.76 -8.72 -8.64 -8.59 -8.55 -8.49 -8.46 -8.48 -8.41 -8.44 -8.50 -8.49 -8.48 -8.55 -8.59 -8.66 -8.69 -8.72 -8.74 -8.82 -8.83 -8.87 -8.93 -8.95 -8.96 -9.00 -9.00 -8.98 -8.97 -8.94 -8.96
-8.09 -8.04 -7.98 -7.95 -7.91 -7.94 -7.98 -7.99 -8.04 -8.11 -8.19 -8.26 -8.30 -8.35 -8.37 -8.43 -8.45 -8.45 -8.46 -8.56 -8.63 -8.68 -8.72 -8.75 -8.77 -8.81 -8.78 -8.75 -8.72 -8.67 -8.62 -8.59 -8.63 -8.68 -8.70 -8.72 -8.74 -8.77 -8.72 -8.67 -8.61 -8.55 -8.50 -8.46 -8.41 -8.41 -8.42 -8.45 -8.44 -8.45 -8.52 -8.53 -8.53 -8.62 -8.65 -8.70 -8.73 -8.77 -8.80 -8.88 -8.89 -8.91 -8.93 -8.94 -8.95 -8.91 -8.89 -8.87
-8.02 -8.01 -7.99 -7.97 -7.93 -7.94 -7.94 -7.97 -7.98 -8.02 -8.08 -8.10 -8.14 -8.16 -8.19 -8.24 -8.30 -8.37 -8.42 -8.48 -8.49 -8.54 -8.60 -8.67 -8.70 -8.69 -8.68 -8.64 -8.62 -8.60 -8.59 -8.56 -8.60 -8.62 -8.62 -8.66 -8.71 -8.72 -8.70 -8.66 -8.61 -8.57 -8.52 -8.44 -8.38 -8.36 -8.36 -8.36 -8.39 -8.42 -8.45 -8.47 -8.51 -8.54 -8.57 -8.62 -8.66 -8.71 -8.74 -8.76 -8.81 -8.86 -8.89 -8.89 -8.89 -8.87 -8.85 -8.80
-7.84 -7.84 -7.82 -7.81 -7.88 -7.97 -8.00 -8.00 -8.02 -8.03 -8.03 -8.03 -8.04 -8.07 -8.09 -8.12 -8.14 -8.13 -8.18 -8.27 -8.38 -8.44 -8.51 -8.55 -8.61 -8.60 -8.58 -8.57 -8.52 -8.50 -8.48 -8.52 -8.54 -8.54 -8.61 -8.64 -8.66 -8.67 -8.61 -8.59 -8.57 -8.54 -8.48 -8.45 -8.41 -8.38 -8.33 -8.31 -8.27 -8.32 -8.36 -8.40 -8.45 -8.48 -8.50 -8.55 -8.57 -8.64 -8.69 -8.70 -8.74 -8.78 -8.79 -8.83 -8.83 -8.79 -8.79 -8.76
-7.69 -7.64 -7.59 -7.56 -7.64 -7.74 -7.89 -7.98 -8.05 -8.08 -8.10 -8.06 -8.07 -8.05 -8.04 -8.06 -8.07 -8.09 -8.13 -8.18 -8.22 -8.27 -8.34 -8.42 -8.46 -8.50 -8.50 -8.48 -8.45 -8.41 -8.40 -8.43 -8.47 -8.52 -8.57 -8.60 -8.63 -8.64 -8.60 -8.55 -8.52 -8.48 -8.45 -8.42 -8.40 -8.37 -8.33 -8.30 -8.27 -8.26 -8.28 -8.31 -8.34 -8.38 -8.42 -8.47 -8.51 -8.53 -8.58 -8.61 -8.65 -8.70 -8.73 -8.73 -8.75 -8.73 -8.71 -8.71
-7.60 -7.57 -7.53 -7.50 -7.59 -7.67 -7.74 -7.84 -7.94 -8.02 -8.07 -8.09 -8.09 -8.07 -8.08 -8.06 -8.08 -8.07 -8.06 -8.11 -8.15 -8.20 -8.26 -8.32 -8.36 -8.39 -8.41 -8.43 -8.45 -8.44 -8.40 -8.40 -8.43 -8.47 -8.51 -8.57 -8.63 -8.63 -8.59 -8.56 -8.51 -8.46 -8.42 -8.38 -8.35 -8.33 -8.31 -8.28 -8.25 -8.28 -8.27 -8.25 -8.28 -8.28 -8.30 -8.35 -8.39 -8.44 -8.50 -8.54 -8.56 -8.61 -8.66 -8.65 -8.65 -8.64 -8.65 -8.65
-7.46 -7.49 -7.50 -7.52 -7.60 -7.66 -7.73 -7.84 -7.91 -8.00 -8.01 -8.02 -8.03 -8.05 -8.06 -8.06 -8.05 -8.06 -8.07 -8.08 -8.09 -8.12 -8.16 -8.22 -8.23 -8.25 -8.28 -8.32 -8.37 -8.41 -8.42 -8.43 -8.45 -8.48 -8.50 -8.53 -8.55 -8.56 -8.58 -8.57 -8.54 -8.50 -8.44 -8.38 -8.35 -8.31 -8.27 -8.25 -8.23 -8.24 -8.24 -8.26 -8.25 -8.26 -8.27 -8.25 -8.29 -8.30 -8.36 -8.42 -8.48 -8.52 -8.57 -8.58 -8.58 -8.56 -8.56 -8.55
-7.44 -7.44 -7.44 -7.43 -7.46 -7.51 -7.60 -7.70 -7.80 -7.90 -7.94 -7.96 -7.96 -7.97 -7.98 -8.01 -8.03 -8.04 -8.03 -8.01 -8.04 -8.07 -8.08 -8.11 -8.12 -8.12 -8.13 -8.13 -8.13 -8.15 -8.22 -8.31 -8.38 -8.41 -8.45 -8.48 -8.50 -8.51 -8.54 -8.57 -8.58 -8.58 -8.55 -8.51 -8.42 -8.34 -8.27 -8.23 -8.20 -8.20 -8.21 -8.20 -8.21 -8.21 -8.21 -8.24 -8.25 -8.24 -8.24 -8.31 -8.36 -8.38 -8.45 -8.46 -8.48 -8.48 -8.48 -8.49
-7.41 -7.40 -7.40 -7.42 -7.49 -7.55 -7.61 -7.67 -7.72 -7.76 -7.77 -7.77 -7.82 -7.85 -7.89 -7.90 -7.92 -7.93 -7.92 -7.94 -7.94 -7.96 -7.96 -7.99 -8.01 -8.02 -8.03 -8.04 -8.02 -8.03 -8.04 -8.13 -8.19 -8.26 -8.31 -8.36 -8.37 -8.39 -8.43 -8.47 -8.49 -8.52 -8.56 -8.60 -8.54 -8.47 -8.38 -8.29 -8.24 -8.19 -8.16 -8.14 -8.14 -8.13 -8.14 -8.16 -8.18 -8.18 -8.21 -8.24 -8.25 -8.28 -8.34 -8.39 -8.38 -8.39 -8.39 -8.41
-7.48 -7.48 -7.48 -7.51 -7.55 -7.59 -7.64 -7.68 -7.73 -7.75 -7.76 -7.74 -7.73 -7.73 -7.75 -7.78 -7.81 -7.80 -7.82 -7.84 -7.81 -7.79 -7.80 -7.85 -7.87 -7.89 -7.92 -7.91 -7.93 -7.94 -7.99 -8.01 -8.07 -8.14 -8.22 -8.32 -8.33 -8.33 -8.34 -8.34 -8.35 -8.37 -8.40 -8.42 -8.44 -8.47 -8.51 -8.48 -8.36 -8.30 -8.22 -8.19 -8.15 -8.13 -8.10 -8.08 -8.06 -8.08 -8.12 -8.13 -8.16 -8.17 -8.21 -8.25 -8.28 -8.33 -8.30 -8.31
-7.44 -7.45 -7.47 -7.48 -7.50 -7.53 -7.56 -7.59 -7.62 -7.63 -7.61 -7.62 -7.64 -7.65 -7.65 -7.65 -7.65 -7.68 -7.70 -7.70 -7.73 -7.73 -7.72 -7.73 -7.75 -7.78 -7.80 -7.83 -7.83 -7.86 -7.87 -7.92 -7.98 -8.04 -8.10 -8.14 -8.19 -8.21 -8.24 -8.25 -8.27 -8.28 -8.28 -8.30 -8.31 -8.33 -8.32 -8.23 -8.30 -8.33 -8.32 -8.26 -8.18 -8.14 -8.10 -8.08 -8.06 -8.06 -8.06 -8.06 -8.07 -8.14 -8.11 -8.13 -8.14 -8.19 -8.23 -8.27
-7.46 -7.48 -7.51 -7.50 -7.49 -7.48 -7.49 -7.49 -7.49 -7.50 -7.52 -7.52 -7.53 -7.54 -7.55 -7.56 -7.56 -7.56 -7.58 -7.59 -7.61 -7.62 -7.65 -7.66 -7.68 -7.71 -7.74 -7.76 -7.78 -7.79 -7.80 -7.83 -7.88 -7.93 -7.95 -8.01 -8.03 -8.06 -8.08 -8.12 -8.15 -8.16 -8.16 -8.18 -8.21 -8.23 -8.23 -8.21 -8.19 -8.19 -8.11 -8.11 -8.14 -8.13 -8.08 -8.03 -8.03 -8.04 -8.03 -8.03 -8.02 -8.02 -8.02 -8.05 -8.06 -8.09 -8.08 -8.14
-7.47 -7.50 -7.54 -7.53 -7.50 -7.46 -7.44 -7.41 -7.39 -7.38 -7.40 -7.42 -7.43 -7.45 -7.46 -7.48 -7.49 -7.47 -7.47 -7.47 -7.51 -7.52 -7.53 -7.55 -7.57 -7.58 -7.60 -7.63 -7.67 -7.71 -7.75 -7.76 -7.80 -7.82 -7.85 -7.89 -7.93 -7.95 -7.98 -7.97 -7.99 -8.02 -8.02 -8.04 -8.05 -8.06 -8.13 -8.13 -8.10 -8.06 -8.02 -8.01 -7.99 -7.96 -7.93 -7.93 -7.96 -7.99 -8.02 -8.02 -8.00 -7.96 -7.94 -7.94 -7.93 -7.97 -8.02 -8.03
-7.43 -7.47 -7.51 -7.49 -7.49 -7.46 -7.43 -7.41 -7.39 -7.40 -7.40 -7.38 -7.39 -7.40 -7.40 -7.40 -7.40 -7.40 -7.39 -7.36 -7.32 -7.31 -7.35 -7.41 -7.43 -7.46 -7.49 -7.51 -7.52 -7.56 -7.59 -7.63 -7.66 -7.69 -7.71 -7.74 -7.82 -7.83 -7.88 -7.93 -7.93 -7.96 -7.89 -7.86 -7.87 -7.86 -7.87 -7.95 -7.98 -7.98 -7.95 -7.90 -7.87 -7.84 -7.81 -7.79 -7.81 -7.82 -7.87 -7.97 -8.03 -7.97 -7.86 -7.86 -7.87 -7.87 -7.85 -7.88
-7.43 -7.47 -7.41 -7.42 -7.43 -7.44 -7.42 -7.39 -7.36 -7.34 -7.35 -7.37 -7.40 -7.43 -7.45 -7.46 -7.45 -7.43 -7.36 -7.36 -7.37 -7.36 -7.34 -7.33 -7.32 -7.34 -7.37 -7.41 -7.42 -7.45 -7.49 -7.55 -7.55 -7.58 -7.62 -7.66 -7.67 -7.72 -7.75 -7.80 -7.83 -7.84 -7.88 -7.82 -7.79 -7.75 -7.72 -7.73 -7.76 -7.80 -7.82 -7.84 -7.79 -7.74 -7.71 -7.69 -7.69 -7.71 -7.72 -7.74 -7.79 -7.84 -7.84 -7.86 -7.82 -7.80 -7.77 -7.78
-7.31 -7.33 -7.31 -7.32 -7.34 -7.35 -7.36 -7.37 -7.36 -7.37 -7.36 -7.36 -7.35 -7.35 -7.34 -7.35 -7.38 -7.42 -7.47 -7.44 -7.42 -7.39 -7.34 -7.32 -7.35 -7.36 -7.36 -7.36 -7.39 -7.40 -7.44 -7.49 -7.52 -7.55 -7.59 -7.61 -7.63 -7.67 -7.69 -7.70 -7.72 -7.74 -7.78 -7.78 -7.75 -7.71 -7.69 -7.65 -7.65 -7.64 -7.66 -7.66 -7.68 -7.70 -7.64 -7.61 -7.60 -7.60 -7.62 -7.64 -7.68 -7.70 -7.70 -7.68 -7.70 -7.68 -7.68 -7.67
-7.16 -7.16 -7.18 -7.22 -7.25 -7.28 -7.32 -7.35 -7.38 -7.37 -7.36 -7.35 -7.34 -7.33 -7.32 -7.32 -7.32 -7.32 -7.32 -7.37 -7.42 -7.45 -7.42 -7.36 -7.32 -7.28 -7.29 -7.30 -7.33 -7.38 -7.38 -7.41 -7.44 -7.49 -7.54 -7.60 -7.61 -7.64 -7.67 -7.70 -7.72 -7.71 -7.70 -7.71 -7.69 -7.69 -7.68 -7.64 -7.62 -7.59 -7.58 -7.57 -7.56 -7.53 -7.56 -7.54 -7.57 -7.55 -7.54 -7.52 -7.53 -7.55 -7.56 -7.57 -7.58 -7.59 -7.59 -7.56
-7.06 -7.05 -7.06 -7.10 -7.15 -7.19 -7.23 -7.27 -7.32 -7.31 -7.32 -7.30 -7.30 -7.30 -7.29 -7.27 -7.27 -7.30 -7.32 -7.31 -7.31 -7.28 -7.29 -7.32 -7.33 -7.32 -7.29 -7.25 -7.25 -7.24 -7.26 -7.30 -7.34 -7.37 -7.43 -7.49 -7.54 -7.61 -7.65 -7.67 -7.68 -7.68 -7.70 -7.69 -7.68 -7.65 -7.63 -7.61 -7.59 -7.57 -7.55 -7.53 -7.51 -7.51 -7.48 -7.49 -7.49 -7.48 -7.47 -7.46 -7.46 -7.45 -7.45 -7.46 -7.47 -7.48 -7.49 -7.49
