utils/5a01f6d0e4b0531197b72cfe/5852d2ece4b0e2663625edcc/5852da21e4b0e2663625edfa/ew12_aug_dem_5m.asc
ncols	840
nrows	423
xllcorner	295230.00
yllcorner	130095.00
cellsize	5.00
NODATA_value	-9999.00
[rows 120 to 149 of 423, columns 536 to 602 of 840]
-3.17 -3.16 -3.17 -3.20 -3.24 -3.29 -3.32 -3.29 -3.26 -3.20 -3.17 -3.09 -3.10 -3.01 -3.21 -3.27 -3.39 -3.46 -3.56 -3.61 -3.67 -3.75 -3.77 -3.85 -3.90 -3.95 -4.01 -4.04 -4.11 -4.13 -4.21 -4.29 -4.30 -4.36 -4.41 -4.45 -4.54 -4.59 -4.65 -4.71 -4.77 -4.83 -4.86 -4.90 -4.92 -4.98 -5.01 -5.06 -5.10 -5.15 -5.17 -5.21 -5.21 -5.23 -5.29 -5.32 -5.36 -5.41 -5.47 -5.53 -5.57 -5.58 -5.60 -5.65 -5.69 -5.75 -5.69
-2.88 -2.93 -2.99 -2.99 -3.01 -3.05 -3.06 -3.08 -3.08 -3.01 -2.93 -2.83 -2.83 -2.81 -2.98 -3.11 -3.28 -3.37 -3.48 -3.48 -3.53 -3.61 -3.65 -3.71 -3.75 -3.77 -3.85 -3.91 -3.98 -3.98 -4.07 -4.08 -4.17 -4.25 -4.28 -4.34 -4.40 -4.45 -4.50 -4.57 -4.61 -4.66 -4.71 -4.76 -4.78 -4.83 -4.90 -4.97 -5.00 -5.01 -5.08 -5.11 -5.13 -5.16 -5.16 -5.20 -5.22 -5.25 -5.30 -5.39 -5.49 -5.53 -5.56 -5.53 -5.57 -5.60 -5.67
-2.65 -2.69 -2.73 -2.78 -2.82 -2.84 -2.85 -2.86 -2.81 -2.82 -2.79 -2.73 -2.60 -2.71 -2.84 -2.92 -3.08 -3.25 -3.35 -3.43 -3.44 -3.46 -3.52 -3.58 -3.64 -3.68 -3.71 -3.75 -3.82 -3.89 -3.95 -3.94 -4.02 -4.07 -4.14 -4.21 -4.26 -4.32 -4.38 -4.42 -4.46 -4.52 -4.55 -4.59 -4.70 -4.75 -4.80 -4.82 -4.89 -4.93 -4.97 -4.98 -5.04 -5.07 -5.09 -5.13 -5.14 -5.16 -5.18 -5.26 -5.33 -5.41 -5.49 -5.52 -5.54 -5.49 -5.55
-2.49 -2.50 -2.53 -2.55 -2.59 -2.63 -2.66 -2.66 -2.63 -2.66 -2.56 -2.56 -2.54 -2.65 -2.74 -2.86 -2.96 -3.09 -3.19 -3.27 -3.34 -3.39 -3.42 -3.44 -3.50 -3.57 -3.62 -3.66 -3.69 -3.75 -3.80 -3.87 -3.93 -3.97 -4.01 -4.07 -4.13 -4.17 -4.24 -4.30 -4.34 -4.38 -4.41 -4.47 -4.54 -4.60 -4.67 -4.73 -4.77 -4.82 -4.87 -4.92 -4.94 -4.95 -5.00 -5.02 -5.05 -5.10 -5.15 -5.18 -5.23 -5.30 -5.37 -5.42 -5.49 -5.50 -5.52
-2.32 -2.35 -2.36 -2.38 -2.41 -2.43 -2.49 -2.52 -2.48 -2.49 -2.40 -2.46 -2.42 -2.53 -2.61 -2.74 -2.89 -2.99 -3.03 -3.10 -3.19 -3.25 -3.31 -3.36 -3.40 -3.41 -3.50 -3.56 -3.59 -3.64 -3.67 -3.75 -3.81 -3.87 -3.92 -3.98 -4.01 -4.09 -4.12 -4.17 -4.24 -4.26 -4.31 -4.38 -4.42 -4.48 -4.55 -4.61 -4.67 -4.72 -4.75 -4.79 -4.86 -4.89 -4.91 -4.94 -4.96 -5.02 -5.08 -5.15 -5.19 -5.23 -5.27 -5.33 -5.41 -5.47 -5.52
-2.19 -2.22 -2.22 -2.20 -2.22 -2.27 -2.32 -2.34 -2.39 -2.40 -2.32 -2.31 -2.34 -2.47 -2.50 -2.60 -2.67 -2.82 -2.90 -2.96 -3.02 -3.11 -3.18 -3.23 -3.31 -3.36 -3.39 -3.43 -3.49 -3.53 -3.58 -3.63 -3.70 -3.77 -3.85 -3.86 -3.91 -3.97 -4.03 -4.07 -4.12 -4.17 -4.23 -4.26 -4.32 -4.37 -4.42 -4.50 -4.55 -4.61 -4.66 -4.72 -4.74 -4.78 -4.84 -4.86 -4.89 -4.95 -5.02 -5.08 -5.16 -5.22 -5.23 -5.29 -5.33 -5.40 -5.46
-2.04 -2.04 -2.03 -2.06 -2.11 -2.12 -2.14 -2.20 -2.24 -2.24 -2.28 -2.33 -2.26 -2.35 -2.42 -2.51 -2.57 -2.65 -2.75 -2.83 -2.92 -2.96 -3.02 -3.09 -3.18 -3.22 -3.30 -3.35 -3.40 -3.44 -3.52 -3.55 -3.62 -3.67 -3.72 -3.80 -3.87 -3.85 -3.91 -3.97 -4.01 -4.04 -4.11 -4.18 -4.23 -4.26 -4.34 -4.37 -4.43 -4.51 -4.57 -4.61 -4.65 -4.70 -4.73 -4.78 -4.84 -4.89 -4.97 -5.03 -5.09 -5.16 -5.24 -5.30 -5.28 -5.34 -5.40
-1.85 -1.87 -1.85 -1.89 -1.94 -1.97 -2.03 -2.04 -2.07 -2.12 -2.15 -2.17 -2.23 -2.27 -2.27 -2.38 -2.44 -2.55 -2.60 -2.70 -2.78 -2.85 -2.93 -2.99 -3.02 -3.10 -3.18 -3.24 -3.29 -3.36 -3.40 -3.46 -3.52 -3.59 -3.64 -3.68 -3.73 -3.82 -3.86 -3.86 -3.90 -3.99 -4.04 -4.06 -4.13 -4.19 -4.24 -4.27 -4.34 -4.38 -4.46 -4.53 -4.58 -4.62 -4.65 -4.68 -4.75 -4.83 -4.90 -4.96 -5.06 -5.10 -5.19 -5.23 -5.27 -5.31 -5.33
-1.68 -1.68 -1.68 -1.70 -1.74 -1.82 -1.86 -1.90 -1.95 -1.98 -2.02 -2.06 -2.10 -2.13 -2.18 -2.22 -2.29 -2.36 -2.50 -2.55 -2.62 -2.75 -2.80 -2.87 -2.94 -3.00 -3.03 -3.11 -3.17 -3.24 -3.31 -3.36 -3.43 -3.50 -3.56 -3.59 -3.66 -3.71 -3.76 -3.81 -3.84 -3.87 -3.95 -4.00 -4.05 -4.09 -4.15 -4.20 -4.26 -4.32 -4.37 -4.42 -4.49 -4.55 -4.59 -4.64 -4.69 -4.76 -4.82 -4.89 -4.97 -5.03 -5.14 -5.17 -5.20 -5.23 -5.27
-1.47 -1.52 -1.53 -1.56 -1.61 -1.62 -1.66 -1.76 -1.78 -1.84 -1.88 -1.95 -1.99 -2.04 -2.05 -2.11 -2.21 -2.25 -2.37 -2.43 -2.54 -2.59 -2.67 -2.79 -2.83 -2.89 -2.97 -3.00 -3.05 -3.12 -3.21 -3.27 -3.31 -3.38 -3.48 -3.51 -3.58 -3.62 -3.68 -3.74 -3.78 -3.81 -3.85 -3.89 -3.97 -4.02 -4.10 -4.11 -4.18 -4.22 -4.30 -4.35 -4.40 -4.46 -4.53 -4.57 -4.63 -4.71 -4.75 -4.82 -4.89 -4.96 -5.03 -5.06 -5.13 -5.16 -5.20
-1.37 -1.37 -1.38 -1.42 -1.45 -1.48 -1.50 -1.54 -1.58 -1.70 -1.71 -1.74 -1.81 -1.93 -1.93 -2.02 -2.08 -2.16 -2.24 -2.31 -2.40 -2.49 -2.55 -2.62 -2.71 -2.79 -2.84 -2.92 -2.99 -3.03 -3.09 -3.16 -3.22 -3.27 -3.32 -3.41 -3.49 -3.54 -3.57 -3.65 -3.70 -3.75 -3.76 -3.85 -3.87 -3.93 -3.99 -4.05 -4.12 -4.15 -4.23 -4.27 -4.33 -4.41 -4.46 -4.51 -4.58 -4.63 -4.68 -4.77 -4.82 -4.89 -4.94 -4.98 -5.02 -5.07 -5.10
-1.12 -1.13 -1.25 -1.24 -1.28 -1.32 -1.32 -1.38 -1.42 -1.43 -1.47 -1.47 -1.58 -1.68 -1.87 -1.86 -1.95 -2.05 -2.13 -2.21 -2.25 -2.40 -2.43 -2.55 -2.61 -2.67 -2.75 -2.81 -2.88 -2.94 -3.01 -3.05 -3.12 -3.19 -3.26 -3.30 -3.37 -3.46 -3.51 -3.54 -3.59 -3.61 -3.70 -3.74 -3.80 -3.85 -3.91 -3.95 -4.01 -4.08 -4.15 -4.19 -4.27 -4.31 -4.38 -4.46 -4.51 -4.56 -4.64 -4.70 -4.74 -4.83 -4.85 -4.89 -4.95 -4.99 -5.01
-0.98 -0.99 -1.04 -1.04 -1.11 -1.14 -1.18 -1.23 -1.24 -1.27 -1.25 -1.26 -1.25 -1.58 -1.69 -1.79 -1.89 -1.90 -1.98 -2.08 -2.16 -2.28 -2.35 -2.46 -2.52 -2.60 -2.65 -2.70 -2.78 -2.84 -2.90 -2.97 -3.02 -3.07 -3.15 -3.21 -3.27 -3.32 -3.39 -3.47 -3.51 -3.57 -3.59 -3.65 -3.71 -3.76 -3.82 -3.88 -3.94 -3.99 -4.05 -4.11 -4.17 -4.24 -4.31 -4.39 -4.45 -4.50 -4.57 -4.62 -4.70 -4.72 -4.77 -4.82 -4.85 -4.89 -4.95
-0.93 -0.90 -0.88 -0.89 -0.94 -0.95 -1.00 -1.04 -1.06 -1.06 -1.10 -1.10 -1.19 -1.31 -1.49 -1.61 -1.71 -1.80 -1.88 -1.94 -2.01 -2.15 -2.24 -2.36 -2.46 -2.51 -2.57 -2.63 -2.68 -2.72 -2.79 -2.88 -2.91 -2.98 -3.05 -3.11 -3.17 -3.23 -3.27 -3.36 -3.40 -3.48 -3.51 -3.56 -3.62 -3.68 -3.74 -3.80 -3.84 -3.90 -3.97 -4.02 -4.08 -4.13 -4.21 -4.30 -4.36 -4.46 -4.52 -4.56 -4.61 -4.64 -4.71 -4.72 -4.78 -4.81 -4.85
-0.66 -0.70 -0.80 -0.79 -0.78 -0.80 -0.84 -0.87 -0.91 -0.96 -0.94 -0.88 -1.02 -1.18 -1.27 -1.37 -1.52 -1.63 -1.73 -1.80 -1.91 -2.02 -2.11 -2.23 -2.30 -2.43 -2.49 -2.54 -2.61 -2.66 -2.72 -2.76 -2.83 -2.92 -2.94 -3.01 -3.08 -3.14 -3.19 -3.24 -3.29 -3.37 -3.42 -3.48 -3.52 -3.58 -3.64 -3.69 -3.76 -3.84 -3.87 -3.95 -3.99 -4.05 -4.12 -4.18 -4.26 -4.36 -4.43 -4.52 -4.55 -4.57 -4.59 -4.65 -4.69 -4.74 -4.80
-0.56 -0.60 -0.65 -0.61 -0.66 -0.68 -0.71 -0.74 -0.78 -0.81 -0.85 -0.91 -0.94 -1.00 -1.15 -1.24 -1.35 -1.46 -1.56 -1.66 -1.78 -1.91 -1.98 -2.10 -2.23 -2.29 -2.38 -2.47 -2.53 -2.58 -2.62 -2.69 -2.75 -2.80 -2.87 -2.95 -2.97 -3.03 -3.10 -3.17 -3.20 -3.26 -3.32 -3.38 -3.42 -3.47 -3.54 -3.59 -3.66 -3.71 -3.78 -3.84 -3.90 -3.98 -4.03 -4.08 -4.16 -4.22 -4.31 -4.40 -4.44 -4.50 -4.54 -4.54 -4.59 -4.66 -4.72
-0.49 -0.50 -0.51 -0.51 -0.52 -0.55 -0.60 -0.58 -0.64 -0.67 -0.71 -0.70 -0.81 -0.89 -0.97 -1.10 -1.18 -1.30 -1.44 -1.53 -1.62 -1.76 -1.88 -2.01 -2.09 -2.20 -2.32 -2.41 -2.48 -2.55 -2.62 -2.59 -2.66 -2.75 -2.78 -2.84 -2.93 -2.97 -3.02 -3.04 -3.12 -3.19 -3.21 -3.28 -3.34 -3.39 -3.44 -3.50 -3.56 -3.62 -3.68 -3.75 -3.81 -3.89 -3.96 -4.01 -4.07 -4.11 -4.19 -4.25 -4.31 -4.37 -4.42 -4.47 -4.53 -4.55 -4.62
-0.46 -0.43 -0.43 -0.42 -0.40 -0.43 -0.55 -0.51 -0.47 -0.54 -0.57 -0.63 -0.68 -0.74 -0.85 -0.94 -1.05 -1.15 -1.25 -1.40 -1.51 -1.62 -1.73 -1.85 -1.98 -2.08 -2.19 -2.32 -2.41 -2.52 -2.56 -2.61 -2.64 -2.67 -2.71 -2.75 -2.82 -2.84 -2.92 -3.02 -3.00 -3.06 -3.13 -3.20 -3.24 -3.29 -3.36 -3.42 -3.48 -3.52 -3.58 -3.63 -3.71 -3.80 -3.84 -3.93 -3.98 -4.03 -4.11 -4.14 -4.21 -4.27 -4.32 -4.36 -4.41 -4.47 -4.54
-0.20 -0.30 -0.33 -0.36 -0.29 -0.40 -0.48 -0.47 -0.43 -0.39 -0.41 -0.51 -0.52 -0.64 -0.73 -0.80 -0.87 -0.99 -1.12 -1.25 -1.37 -1.53 -1.60 -1.73 -1.84 -1.92 -2.06 -2.16 -2.29 -2.43 -2.48 -2.56 -2.56 -2.60 -2.64 -2.75 -2.75 -2.73 -2.82 -2.87 -2.93 -3.00 -3.03 -3.09 -3.15 -3.22 -3.25 -3.31 -3.37 -3.44 -3.52 -3.55 -3.63 -3.69 -3.76 -3.84 -3.88 -4.00 -4.01 -4.08 -4.14 -4.19 -4.23 -4.29 -4.33 -4.37 -4.43
-0.04 -0.14 -0.13 -0.15 -0.22 -0.28 -0.36 -0.43 -0.38 -0.25 -0.41 -0.44 -0.46 -0.48 -0.56 -0.66 -0.74 -0.84 -0.95 -1.10 -1.22 -1.34 -1.47 -1.62 -1.71 -1.83 -1.93 -2.02 -2.16 -2.25 -2.36 -2.44 -2.44 -2.55 -2.56 -2.58 -2.75 -2.78 -2.76 -2.81 -2.81 -2.89 -2.94 -3.01 -3.05 -3.11 -3.16 -3.22 -3.28 -3.32 -3.36 -3.48 -3.55 -3.60 -3.69 -3.76 -3.79 -3.88 -3.92 -4.01 -4.05 -4.13 -4.17 -4.23 -4.25 -4.30 -4.34
0.16 0.10 0.03 0.05 -0.06 -0.18 -0.19 -0.27 -0.29 -0.21 -0.32 -0.38 -0.39 -0.41 -0.44 -0.50 -0.59 -0.67 -0.80 -0.97 -1.11 -1.24 -1.34 -1.44 -1.56 -1.71 -1.81 -1.92 -2.01 -2.10 -2.19 -2.25 -2.36 -2.32 -2.41 -2.53 -2.58 -2.61 -2.73 -2.78 -2.78 -2.83 -2.85 -2.91 -2.97 -3.02 -3.07 -3.12 -3.17 -3.23 -3.30 -3.35 -3.43 -3.51 -3.57 -3.64 -3.73 -3.81 -3.83 -3.90 -3.95 -4.02 -4.08 -4.15 -4.18 -4.23 -4.27
0.33 0.27 0.22 0.21 0.11 0.01 -0.04 -0.08 0.01 -0.15 -0.14 -0.23 -0.29 -0.35 -0.36 -0.40 -0.46 -0.56 -0.66 -0.80 -0.94 -1.10 -1.23 -1.34 -1.45 -1.55 -1.65 -1.78 -1.89 -1.99 -2.05 -2.12 -2.19 -2.25 -2.40 -2.45 -2.46 -2.55 -2.60 -2.63 -2.70 -2.77 -2.81 -2.81 -2.87 -2.92 -2.98 -3.03 -3.09 -3.15 -3.20 -3.27 -3.33 -3.41 -3.48 -3.55 -3.61 -3.67 -3.75 -3.83 -3.88 -3.92 -3.99 -4.04 -4.10 -4.14 -4.19
0.50 0.48 0.45 0.41 0.33 0.22 0.12 0.08 0.18 -0.02 0.02 -0.07 -0.13 -0.19 -0.25 -0.31 -0.35 -0.44 -0.56 -0.68 -0.81 -0.94 -1.07 -1.20 -1.32 -1.43 -1.55 -1.65 -1.74 -1.83 -1.93 -1.99 -2.05 -2.14 -2.17 -2.25 -2.37 -2.43 -2.50 -2.57 -2.61 -2.66 -2.69 -2.76 -2.80 -2.82 -2.89 -2.93 -3.00 -3.07 -3.12 -3.18 -3.24 -3.31 -3.37 -3.47 -3.52 -3.57 -3.63 -3.70 -3.77 -3.85 -3.90 -3.95 -4.01 -4.08 -4.12
0.71 0.69 0.62 0.62 0.56 0.41 0.30 0.23 0.20 0.21 0.15 0.08 0.02 -0.05 -0.12 -0.21 -0.25 -0.36 -0.46 -0.57 -0.68 -0.81 -0.93 -1.05 -1.18 -1.29 -1.43 -1.52 -1.62 -1.70 -1.77 -1.85 -1.96 -2.00 -2.07 -2.16 -2.24 -2.28 -2.39 -2.45 -2.52 -2.58 -2.62 -2.66 -2.70 -2.78 -2.80 -2.83 -2.91 -2.97 -3.04 -3.11 -3.15 -3.22 -3.28 -3.33 -3.40 -3.47 -3.53 -3.59 -3.66 -3.74 -3.79 -3.85 -3.92 -3.97 -4.04
0.92 0.92 0.85 0.84 0.77 0.62 0.50 0.39 0.38 0.34 0.30 0.25 0.12 0.02 -0.03 -0.01 -0.16 -0.27 -0.38 -0.48 -0.58 -0.68 -0.79 -0.92 -1.06 -1.17 -1.28 -1.39 -1.52 -1.58 -1.68 -1.73 -1.81 -1.94 -1.99 -2.03 -2.12 -2.18 -2.27 -2.30 -2.39 -2.47 -2.53 -2.58 -2.62 -2.66 -2.70 -2.79 -2.81 -2.90 -2.94 -3.02 -3.09 -3.15 -3.18 -3.25 -3.30 -3.35 -3.43 -3.49 -3.55 -3.63 -3.68 -3.76 -3.81 -3.87 -3.92
1.43 1.33 1.25 1.09 0.97 0.83 0.71 0.49 0.55 0.51 0.46 0.34 0.26 0.16 0.11 0.10 -0.08 -0.19 -0.28 -0.37 -0.46 -0.56 -0.68 -0.80 -0.90 -1.02 -1.15 -1.28 -1.36 -1.41 -1.55 -1.63 -1.66 -1.76 -1.83 -1.94 -1.99 -2.07 -2.15 -2.20 -2.31 -2.32 -2.41 -2.47 -2.54 -2.58 -2.61 -2.68 -2.74 -2.82 -2.86 -2.94 -2.98 -3.06 -3.12 -3.14 -3.21 -3.26 -3.32 -3.36 -3.46 -3.50 -3.58 -3.64 -3.72 -3.79 -3.84
2.24 2.06 1.80 1.60 1.34 1.11 0.90 0.76 0.72 0.68 0.57 0.47 0.40 0.31 0.21 0.10 0.04 -0.16 -0.23 -0.32 -0.42 -0.48 -0.54 -0.64 -0.75 -0.88 -1.01 -1.08 -1.19 -1.30 -1.40 -1.51 -1.59 -1.68 -1.69 -1.81 -1.86 -1.94 -2.01 -2.09 -2.19 -2.22 -2.33 -2.36 -2.42 -2.49 -2.55 -2.60 -2.65 -2.71 -2.78 -2.85 -2.92 -2.97 -3.01 -3.06 -3.11 -3.16 -3.22 -3.27 -3.33 -3.38 -3.47 -3.51 -3.60 -3.66 -3.75
3.16 3.06 2.65 2.41 2.12 1.74 1.46 1.07 0.89 0.81 0.70 0.59 0.54 0.46 0.43 0.21 0.11 -0.04 -0.25 -0.40 -0.36 -0.44 -0.51 -0.57 -0.64 -0.72 -0.83 -0.96 -1.03 -1.09 -1.17 -1.32 -1.43 -1.50 -1.60 -1.68 -1.76 -1.82 -1.90 -1.95 -2.04 -2.12 -2.21 -2.25 -2.34 -2.38 -2.44 -2.51 -2.59 -2.64 -2.69 -2.75 -2.82 -2.87 -2.92 -2.96 -3.03 -3.05 -3.09 -3.17 -3.23 -3.28 -3.35 -3.41 -3.48 -3.52 -3.63
3.34 3.13 3.59 3.37 2.99 2.54 2.11 1.57 1.16 0.97 0.82 0.72 0.67 0.61 0.47 0.29 0.17 0.04 -0.04 -0.28 -0.36 -0.41 -0.47 -0.53 -0.57 -0.61 -0.68 -0.76 -0.88 -1.08 -1.13 -1.14 -1.20 -1.35 -1.44 -1.54 -1.62 -1.68 -1.80 -1.84 -1.92 -1.99 -2.07 -2.16 -2.24 -2.28 -2.35 -2.42 -2.50 -2.53 -2.62 -2.67 -2.72 -2.75 -2.80 -2.85 -2.90 -2.97 -3.02 -3.04 -3.10 -3.16 -3.22 -3.28 -3.35 -3.41 -3.49
-9999.00 -9999.00 3.08 3.27 3.54 3.74 2.74 2.19 1.62 1.18 0.93 0.83 0.83 0.76 0.59 0.40 0.21 0.09 -0.02 -0.12 -0.26 -0.32 -0.40 -0.44 -0.46 -0.49 -0.56 -0.63 -0.69 -0.78 -0.92 -1.21 -1.21 -1.23 -1.29 -1.40 -1.45 -1.55 -1.61 -1.71 -1.82 -1.86 -1.94 -2.00 -2.10 -2.19 -2.26 -2.31 -2.37 -2.46 -2.53 -2.56 -2.63 -2.65 -2.69 -2.72 -2.78 -2.83 -2.90 -2.97 -3.01 -3.05 -3.11 -3.17 -3.23 -3.30 -3.36
