utils/5a01f6d0e4b0531197b72cfe/5852d2ece4b0e2663625edcc/5852da21e4b0e2663625edfa/ew12_aug_dem_5m.asc
ncols	840
nrows	423
xllcorner	295230.00
yllcorner	130095.00
cellsize	5.00
NODATA_value	-9999.00
[rows 120 to 149 of 423, columns 402 to 468 of 840]
-5.11 -4.98 -4.98 -5.03 -5.07 -5.05 -5.11 -5.05 -4.98 -4.86 -4.74 -4.63 -4.48 -4.60 -4.68 -4.74 -4.84 -4.99 -5.04 -5.03 -5.00 -4.95 -4.96 -4.90 -4.82 -4.72 -4.64 -4.50 -4.41 -4.47 -4.46 -4.52 -4.55 -4.45 -4.41 -4.39 -4.37 -4.28 -4.22 -4.17 -4.11 -4.10 -4.03 -3.99 -3.95 -3.93 -3.90 -3.88 -3.87 -3.87 -3.88 -3.89 -3.87 -3.80 -3.73 -3.64 -3.54 -3.46 -3.33 -3.31 -3.30 -3.28 -3.26 -3.20 -3.09 -2.97 -2.85
-5.07 -4.97 -5.04 -5.03 -5.06 -5.04 -4.97 -4.94 -4.83 -4.68 -4.53 -4.36 -4.22 -4.40 -4.53 -4.65 -4.74 -4.84 -4.95 -4.93 -4.90 -4.84 -4.80 -4.70 -4.62 -4.51 -4.45 -4.42 -4.35 -4.35 -4.34 -4.32 -4.31 -4.35 -4.35 -4.36 -4.36 -4.30 -4.25 -4.20 -4.16 -4.12 -4.04 -3.94 -3.84 -3.74 -3.63 -3.51 -3.43 -3.55 -3.66 -3.75 -3.80 -3.69 -3.61 -3.52 -3.43 -3.35 -3.25 -3.20 -3.17 -3.15 -3.12 -3.07 -2.95 -2.83 -2.70
-5.06 -5.02 -4.93 -4.93 -4.91 -4.87 -4.86 -4.83 -4.72 -4.63 -4.52 -4.43 -4.34 -4.32 -4.44 -4.52 -4.65 -4.72 -4.83 -4.79 -4.77 -4.70 -4.67 -4.64 -4.54 -4.43 -4.28 -4.16 -4.15 -4.13 -4.19 -4.21 -4.24 -4.21 -4.23 -4.23 -4.22 -4.16 -4.09 -4.07 -4.02 -3.93 -3.82 -3.72 -3.63 -3.55 -3.46 -3.35 -3.25 -3.28 -3.32 -3.35 -3.39 -3.41 -3.34 -3.28 -3.22 -3.16 -3.08 -3.04 -2.99 -2.94 -2.90 -2.85 -2.75 -2.65 -2.55
-4.94 -4.85 -4.84 -4.82 -4.77 -4.78 -4.78 -4.78 -4.68 -4.54 -4.43 -4.29 -4.23 -4.23 -4.33 -4.43 -4.53 -4.60 -4.60 -4.65 -4.66 -4.58 -4.50 -4.41 -4.32 -4.23 -4.13 -3.96 -3.86 -3.86 -3.96 -4.02 -4.07 -4.04 -4.03 -4.03 -4.02 -3.98 -3.94 -3.89 -3.80 -3.72 -3.67 -3.63 -3.59 -3.55 -3.51 -3.47 -3.42 -3.38 -3.34 -3.30 -3.26 -3.20 -3.15 -3.09 -3.03 -2.96 -2.90 -2.83 -2.78 -2.73 -2.68 -2.63 -2.56 -2.49 -2.39
-4.74 -4.73 -4.71 -4.70 -4.68 -4.68 -4.67 -4.61 -4.57 -4.47 -4.33 -4.29 -4.18 -4.16 -4.30 -4.35 -4.39 -4.49 -4.54 -4.56 -4.52 -4.39 -4.33 -4.23 -4.14 -4.07 -4.00 -3.87 -3.76 -3.59 -3.57 -3.55 -3.52 -3.56 -3.63 -3.70 -3.76 -3.77 -3.72 -3.68 -3.63 -3.57 -3.49 -3.41 -3.34 -3.28 -3.22 -3.16 -3.08 -3.08 -3.08 -3.08 -3.09 -3.06 -3.02 -2.95 -2.87 -2.79 -2.73 -2.63 -2.52 -2.43 -2.33 -2.25 -2.19 -2.10 -1.98
-4.59 -4.51 -4.59 -4.59 -4.53 -4.56 -4.53 -4.48 -4.44 -4.33 -4.30 -4.22 -4.12 -4.03 -4.32 -4.34 -4.39 -4.43 -4.41 -4.41 -4.32 -4.27 -4.22 -4.18 -4.12 -3.97 -3.70 -3.51 -3.27 -3.07 -3.09 -3.16 -3.27 -3.39 -3.48 -3.57 -3.63 -3.68 -3.60 -3.53 -3.47 -3.39 -3.32 -3.22 -3.14 -3.04 -2.95 -2.86 -2.80 -2.85 -2.90 -2.95 -2.99 -2.94 -2.86 -2.76 -2.67 -2.63 -2.61 -2.47 -2.34 -2.27 -2.18 -2.07 -2.00 -1.92 -1.85
-4.32 -4.32 -4.43 -4.50 -4.46 -4.36 -4.36 -4.34 -4.25 -4.11 -4.11 -4.16 -4.19 -4.22 -4.22 -4.22 -4.26 -4.23 -4.24 -4.16 -4.12 -4.05 -4.03 -3.95 -3.85 -3.71 -3.56 -3.41 -3.31 -3.16 -3.16 -3.15 -3.04 -3.08 -3.17 -3.30 -3.40 -3.48 -3.39 -3.31 -3.20 -3.06 -2.90 -2.86 -2.80 -2.72 -2.64 -2.57 -2.52 -2.53 -2.50 -2.48 -2.45 -2.43 -2.43 -2.45 -2.46 -2.45 -2.44 -2.31 -2.17 -2.08 -1.99 -1.93 -1.85 -1.82 -1.78
-4.17 -4.25 -4.28 -4.26 -4.25 -4.20 -4.19 -4.05 -4.02 -4.08 -3.99 -4.00 -4.01 -4.06 -4.08 -4.08 -4.02 -3.98 -3.93 -3.99 -4.03 -3.91 -3.79 -3.78 -3.62 -3.57 -3.43 -3.23 -3.23 -3.03 -2.97 -2.96 -3.00 -3.09 -3.18 -3.19 -3.19 -3.20 -3.08 -2.96 -2.84 -2.69 -2.53 -2.49 -2.46 -2.42 -2.38 -2.34 -2.31 -2.26 -2.23 -2.20 -2.16 -2.16 -2.17 -2.18 -2.18 -2.20 -2.20 -2.11 -2.03 -1.93 -1.80 -1.76 -1.79 -1.72 -1.67
-3.98 -4.02 -4.06 -4.01 -4.13 -4.01 -3.97 -3.83 -3.76 -3.83 -3.84 -3.79 -3.85 -3.84 -3.86 -3.83 -3.78 -3.78 -3.76 -3.63 -3.64 -3.52 -3.49 -3.39 -3.46 -3.37 -3.28 -3.13 -3.00 -2.88 -2.93 -2.89 -2.79 -2.76 -2.74 -2.73 -2.72 -2.72 -2.59 -2.51 -2.46 -2.45 -2.42 -2.38 -2.36 -2.35 -2.29 -2.25 -2.20 -2.17 -2.14 -2.12 -2.09 -2.07 -2.04 -2.01 -1.98 -1.96 -1.92 -1.85 -1.77 -1.69 -1.61 -1.59 -1.56 -1.53 -1.51
-3.79 -3.86 -3.82 -3.86 -3.76 -3.64 -3.66 -3.64 -3.60 -3.62 -3.66 -3.70 -3.71 -3.60 -3.54 -3.51 -3.38 -3.38 -3.34 -3.30 -3.31 -3.32 -3.34 -3.30 -3.34 -3.25 -3.04 -2.97 -2.95 -2.87 -2.87 -2.81 -2.69 -2.58 -2.54 -2.48 -2.50 -2.48 -2.44 -2.44 -2.43 -2.38 -2.24 -2.20 -2.14 -2.16 -2.14 -2.09 -2.04 -2.01 -1.96 -1.90 -1.84 -1.77 -1.73 -1.71 -1.70 -1.68 -1.62 -1.58 -1.52 -1.43 -1.35 -1.31 -1.30 -1.34 -1.33
-3.63 -3.56 -3.48 -3.59 -3.67 -3.68 -3.62 -3.51 -3.57 -3.50 -3.42 -3.42 -3.37 -3.20 -3.16 -3.12 -3.14 -3.20 -3.23 -3.17 -3.16 -3.06 -2.90 -2.87 -2.95 -3.00 -2.87 -2.84 -2.88 -2.89 -2.90 -2.73 -2.57 -2.53 -2.52 -2.53 -2.54 -2.53 -2.49 -2.35 -2.31 -2.20 -2.16 -2.11 -2.08 -2.06 -2.02 -1.98 -2.01 -2.00 -1.91 -1.79 -1.75 -1.70 -1.64 -1.55 -1.51 -1.43 -1.33 -1.32 -1.29 -1.28 -1.25 -1.20 -1.16 -1.12 -1.15
-3.40 -3.41 -3.44 -3.43 -3.30 -3.31 -3.18 -3.20 -3.26 -3.22 -3.08 -3.05 -3.05 -3.03 -3.10 -3.08 -3.04 -3.00 -2.89 -2.72 -2.66 -2.59 -2.75 -2.79 -2.65 -2.60 -2.55 -2.54 -2.61 -2.73 -2.70 -2.58 -2.54 -2.53 -2.47 -2.42 -2.38 -2.34 -2.26 -2.26 -2.18 -2.07 -1.99 -1.94 -1.91 -1.90 -1.87 -1.84 -1.82 -1.74 -1.68 -1.65 -1.58 -1.63 -1.55 -1.48 -1.39 -1.34 -1.25 -1.22 -1.19 -1.16 -1.14 -1.06 -1.01 -0.97 -0.95
-3.22 -3.17 -3.19 -3.05 -3.00 -3.04 -3.05 -3.00 -3.00 -2.99 -2.99 -2.96 -2.98 -2.94 -2.87 -2.91 -2.83 -2.72 -2.72 -2.68 -2.71 -2.69 -2.68 -2.61 -2.48 -2.37 -2.37 -2.34 -2.46 -2.52 -2.62 -2.61 -2.56 -2.47 -2.38 -2.30 -2.25 -2.18 -2.11 -2.03 -1.96 -1.88 -1.79 -1.74 -1.76 -1.74 -1.70 -1.68 -1.68 -1.63 -1.54 -1.48 -1.41 -1.52 -1.42 -1.34 -1.25 -1.16 -1.07 -1.01 -0.90 -0.83 -0.79 -0.77 -0.76 -0.72 -0.70
-2.97 -3.07 -3.05 -2.99 -2.91 -2.91 -2.91 -2.97 -2.89 -2.86 -2.85 -2.73 -2.71 -2.72 -2.64 -2.62 -2.59 -2.64 -2.76 -2.85 -2.85 -2.95 -2.72 -2.57 -2.53 -2.34 -2.28 -2.26 -2.31 -2.33 -2.23 -2.30 -2.31 -2.24 -2.18 -2.11 -2.07 -1.95 -1.83 -1.78 -1.76 -1.73 -1.69 -1.63 -1.59 -1.57 -1.55 -1.53 -1.43 -1.38 -1.42 -1.34 -1.26 -1.11 -1.08 -1.06 -1.03 -0.98 -0.88 -0.82 -0.77 -0.70 -0.64 -0.60 -0.56 -0.52 -0.49
-2.89 -2.89 -2.90 -2.85 -2.86 -2.84 -2.60 -2.53 -2.53 -2.53 -2.56 -2.58 -2.54 -2.50 -2.48 -2.51 -2.43 -2.44 -2.49 -2.57 -2.66 -2.63 -2.54 -2.37 -2.27 -2.15 -2.10 -2.10 -2.13 -2.16 -2.18 -2.11 -2.24 -2.13 -1.98 -1.91 -1.86 -1.76 -1.67 -1.60 -1.57 -1.56 -1.51 -1.46 -1.47 -1.38 -1.33 -1.27 -1.27 -1.28 -1.28 -1.23 -1.18 -1.02 -0.93 -0.84 -0.77 -0.76 -0.68 -0.70 -0.65 -0.60 -0.52 -0.48 -0.48 -0.47 -0.42
-2.83 -2.78 -2.81 -2.59 -2.45 -2.36 -2.42 -2.46 -2.38 -2.37 -2.35 -2.26 -2.34 -2.27 -2.25 -2.23 -2.16 -2.23 -2.26 -2.38 -2.36 -2.42 -2.37 -2.28 -2.21 -2.17 -2.12 -2.07 -1.94 -1.84 -1.78 -1.74 -1.88 -1.89 -1.87 -1.80 -1.75 -1.73 -1.58 -1.51 -1.47 -1.44 -1.30 -1.31 -1.26 -1.15 -1.14 -1.06 -1.03 -1.04 -1.04 -1.04 -1.03 -1.02 -0.83 -0.74 -0.65 -0.57 -0.48 -0.52 -0.53 -0.53 -0.35 -0.39 -0.34 -0.36 -0.35
-2.58 -2.49 -2.43 -2.40 -2.40 -2.38 -2.16 -2.15 -2.16 -2.04 -2.16 -2.11 -2.06 -1.97 -2.01 -2.01 -2.00 -2.05 -2.10 -2.07 -2.12 -2.11 -2.05 -2.04 -1.96 -1.92 -1.87 -1.79 -1.77 -1.67 -1.65 -1.61 -1.72 -1.70 -1.54 -1.48 -1.53 -1.51 -1.50 -1.40 -1.32 -1.24 -1.16 -1.15 -1.07 -0.99 -0.96 -0.91 -0.90 -0.86 -0.83 -0.81 -0.79 -0.79 -0.77 -0.64 -0.55 -0.48 -0.29 -0.43 -0.43 -0.36 -0.35 -0.30 -0.23 -0.24 -0.12
-2.38 -2.35 -2.36 -2.19 -2.14 -2.05 -1.91 -1.81 -1.98 -1.97 -1.84 -1.87 -1.80 -1.86 -1.83 -1.80 -1.82 -1.83 -1.81 -1.86 -1.89 -1.82 -1.77 -1.74 -1.74 -1.68 -1.64 -1.57 -1.57 -1.57 -1.52 -1.50 -1.44 -1.43 -1.39 -1.40 -1.34 -1.29 -1.12 -1.11 -1.10 -1.10 -1.05 -0.99 -0.88 -0.82 -0.84 -0.81 -0.77 -0.71 -0.64 -0.61 -0.60 -0.59 -0.61 -0.54 -0.46 -0.42 -0.28 -0.26 -0.28 -0.23 -0.11 -0.13 -0.08 -0.11 0.00
-2.15 -2.09 -1.97 -1.93 -1.85 -1.94 -1.88 -1.85 -1.79 -1.69 -1.76 -1.70 -1.55 -1.57 -1.61 -1.59 -1.58 -1.62 -1.59 -1.62 -1.62 -1.63 -1.56 -1.54 -1.49 -1.44 -1.45 -1.42 -1.39 -1.34 -1.32 -1.25 -1.24 -1.27 -1.19 -1.19 -1.18 -1.18 -1.13 -1.10 -1.04 -0.93 -0.83 -0.78 -0.76 -0.74 -0.71 -0.68 -0.65 -0.51 -0.47 -0.47 -0.47 -0.41 -0.40 -0.38 -0.28 -0.29 -0.12 -0.15 -0.16 -0.14 0.03 0.04 0.04 0.07 0.19
-1.91 -1.90 -1.87 -1.85 -1.79 -1.72 -1.67 -1.69 -1.71 -1.52 -1.49 -1.51 -1.58 -1.52 -1.53 -1.48 -1.44 -1.44 -1.49 -1.47 -1.40 -1.41 -1.29 -1.32 -1.30 -1.32 -1.32 -1.30 -1.25 -1.25 -1.19 -1.16 -1.05 -1.06 -1.09 -1.02 -0.96 -0.90 -0.83 -0.83 -0.82 -0.78 -0.75 -0.71 -0.57 -0.54 -0.59 -0.55 -0.46 -0.47 -0.43 -0.38 -0.34 -0.28 -0.26 -0.27 -0.13 -0.08 0.04 0.05 0.05 0.06 0.18 0.17 0.18 0.20 0.35
-1.84 -1.70 -1.62 -1.63 -1.62 -1.61 -1.51 -1.44 -1.44 -1.42 -1.36 -1.28 -1.33 -1.29 -1.26 -1.28 -1.28 -1.27 -1.33 -1.18 -1.19 -1.20 -1.21 -1.26 -1.23 -1.15 -1.08 -1.03 -1.03 -1.00 -1.04 -0.99 -0.92 -0.90 -0.81 -0.82 -0.81 -0.80 -0.79 -0.75 -0.72 -0.68 -0.65 -0.61 -0.46 -0.46 -0.45 -0.43 -0.32 -0.22 -0.12 -0.11 -0.04 -0.09 -0.00 0.02 0.10 0.03 0.30 0.24 0.24 0.25 0.34 0.35 0.34 0.34 0.42
-1.54 -1.58 -1.52 -1.49 -1.43 -1.43 -1.35 -1.28 -1.24 -1.19 -1.15 -1.11 -1.11 -1.09 -1.15 -1.13 -1.09 -1.06 -1.01 -1.02 -1.07 -1.05 -0.97 -1.06 -1.05 -0.94 -0.91 -0.84 -0.90 -0.91 -0.88 -0.88 -0.79 -0.71 -0.73 -0.72 -0.70 -0.70 -0.69 -0.66 -0.61 -0.55 -0.53 -0.50 -0.37 -0.29 -0.25 -0.21 -0.17 -0.03 0.14 0.13 0.11 0.08 0.17 0.29 0.29 0.30 0.36 0.37 0.39 0.38 0.46 0.46 0.44 0.49 0.54
-1.43 -1.40 -1.38 -1.32 -1.25 -1.21 -1.12 -1.10 -1.06 -1.06 -0.99 -0.96 -0.89 -0.86 -0.92 -0.95 -0.90 -0.83 -0.82 -0.85 -0.91 -0.90 -0.83 -0.91 -0.79 -0.81 -0.76 -0.82 -0.73 -0.70 -0.67 -0.64 -0.59 -0.56 -0.59 -0.54 -0.56 -0.59 -0.58 -0.49 -0.48 -0.49 -0.38 -0.33 -0.13 -0.09 -0.07 -0.05 -0.03 0.08 0.20 0.23 0.29 0.35 0.36 0.46 0.50 0.48 0.56 0.55 0.57 0.54 0.58 0.59 0.61 0.62 0.67
-1.26 -1.19 -1.20 -1.16 -1.09 -1.06 -1.00 -0.93 -0.85 -0.81 -0.83 -0.83 -0.83 -0.77 -0.79 -0.70 -0.72 -0.72 -0.72 -0.64 -0.64 -0.66 -0.68 -0.59 -0.59 -0.61 -0.60 -0.59 -0.53 -0.52 -0.49 -0.48 -0.48 -0.45 -0.45 -0.33 -0.38 -0.42 -0.34 -0.40 -0.36 -0.34 -0.28 -0.17 -0.01 0.03 0.17 0.20 0.21 0.25 0.35 0.39 0.43 0.44 0.50 0.58 0.64 0.67 0.69 0.67 0.69 0.70 0.72 0.73 0.74 0.72 0.77
-1.15 -1.14 -1.06 -0.97 -0.90 -0.89 -0.86 -0.76 -0.72 -0.73 -0.63 -0.64 -0.69 -0.63 -0.57 -0.57 -0.57 -0.57 -0.57 -0.53 -0.59 -0.61 -0.54 -0.53 -0.52 -0.51 -0.49 -0.42 -0.40 -0.34 -0.31 -0.31 -0.28 -0.27 -0.32 -0.20 -0.20 -0.21 -0.16 -0.13 -0.13 -0.13 -0.08 -0.04 0.17 0.22 0.25 0.28 0.31 0.44 0.54 0.55 0.57 0.45 0.63 0.72 0.75 0.79 0.81 0.88 0.92 0.89 0.88 0.88 0.89 0.89 0.92
-0.98 -0.98 -0.85 -0.87 -0.78 -0.74 -0.70 -0.66 -0.62 -0.53 -0.54 -0.55 -0.52 -0.47 -0.40 -0.40 -0.42 -0.43 -0.43 -0.45 -0.46 -0.47 -0.44 -0.39 -0.40 -0.40 -0.33 -0.28 -0.06 -0.11 -0.05 -0.00 -0.05 0.00 -0.00 -0.02 0.03 0.06 0.07 0.10 0.07 0.04 0.12 0.21 0.32 0.34 0.41 0.42 0.49 0.52 0.65 0.64 0.62 0.79 0.85 0.88 0.88 0.98 1.07 1.05 1.01 1.04 1.01 0.98 0.95 0.94 1.10
-0.78 -0.80 -0.77 -0.66 -0.67 -0.64 -0.60 -0.57 -0.57 -0.45 -0.46 -0.39 -0.39 -0.31 -0.33 -0.23 -0.26 -0.22 -0.24 -0.16 -0.10 -0.21 -0.17 -0.13 -0.21 -0.11 -0.07 -0.03 0.06 0.08 0.11 0.15 0.17 0.24 0.22 0.20 0.28 0.26 0.24 0.27 0.27 0.24 0.29 0.38 0.44 0.47 0.54 0.56 0.66 0.74 0.80 0.82 0.85 0.94 1.00 1.04 1.08 1.13 1.19 1.21 1.18 1.16 1.20 1.15 1.11 0.96 1.14
-0.71 -0.67 -0.64 -0.55 -0.56 -0.52 -0.51 -0.48 -0.42 -0.34 -0.26 -0.20 -0.18 -0.16 -0.09 -0.01 -0.05 -0.06 -0.05 -0.04 0.02 -0.03 0.00 0.06 0.09 0.08 0.16 0.24 0.30 0.27 0.29 0.31 0.33 0.44 0.38 0.37 0.38 0.38 0.34 0.40 0.40 0.44 0.46 0.46 0.53 0.60 0.62 0.69 0.81 0.92 1.04 1.05 1.08 1.10 1.18 1.22 1.25 1.24 1.31 1.31 1.28 1.29 1.34 1.36 1.31 1.31 1.37
-0.61 -0.58 -0.56 -0.47 -0.44 -0.44 -0.45 -0.29 -0.22 -0.15 -0.03 -0.07 -0.05 -0.01 0.01 0.17 0.13 0.13 0.14 0.15 0.16 0.26 0.29 0.27 0.33 0.27 0.35 0.43 0.51 0.46 0.48 0.50 0.52 0.58 0.55 0.51 0.53 0.59 0.60 0.57 0.61 0.60 0.61 0.65 0.80 0.78 0.81 0.89 0.96 1.08 1.15 1.25 1.26 1.27 1.38 1.46 1.47 1.51 1.63 1.70 1.72 1.77 1.78 1.82 1.84 1.91 1.99
-0.50 -0.53 -0.46 -0.40 -0.32 -0.27 -0.24 -0.12 -0.06 0.01 0.07 0.10 0.14 0.17 0.21 0.25 0.28 0.30 0.30 0.32 0.33 0.32 0.43 0.50 0.49 0.47 0.49 0.54 0.60 0.62 0.61 0.64 0.68 0.76 0.68 0.68 0.70 0.69 0.75 0.73 0.77 0.78 0.81 0.78 0.96 0.95 0.99 1.04 1.11 1.14 1.23 1.38 1.47 1.62 1.80 1.94 2.01 2.32 2.32 2.49 2.58 2.57 2.54 2.55 2.63 2.89 3.04
