utils/5a01f6d0e4b0531197b72cfe/5852d2ece4b0e2663625edcc/5852da21e4b0e2663625edfa/ew12_aug_dem_5m.asc
ncols	840
nrows	423
xllcorner	295230.00
yllcorner	130095.00
cellsize	5.00
NODATA_value	-9999.00
[rows 120 to 149 of 423, columns 268 to 334 of 840]
-10.88 -10.86 -10.82 -10.75 -10.68 -10.58 -10.49 -10.41 -10.29 -10.19 -10.08 -9.98 -9.89 -9.80 -9.73 -9.64 -9.56 -9.50 -9.45 -9.38 -9.34 -9.30 -9.21 -9.18 -9.14 -9.12 -9.05 -8.98 -8.92 -8.88 -8.86 -8.83 -8.76 -8.70 -8.64 -8.59 -8.50 -8.49 -8.46 -8.49 -8.48 -8.45 -8.37 -8.32 -8.29 -8.28 -8.22 -8.16 -8.15 -8.09 -8.05 -7.98 -7.99 -7.97 -7.97 -7.97 -7.96 -7.95 -7.95 -7.93 -7.93 -7.91 -7.91 -7.93 -7.90 -7.87 -7.86
-10.82 -10.78 -10.73 -10.68 -10.58 -10.48 -10.40 -10.30 -10.18 -10.10 -9.97 -9.83 -9.76 -9.70 -9.60 -9.52 -9.44 -9.39 -9.35 -9.32 -9.26 -9.20 -9.15 -9.12 -9.09 -9.03 -8.98 -8.93 -8.87 -8.84 -8.81 -8.75 -8.66 -8.61 -8.55 -8.50 -8.44 -8.34 -8.36 -8.35 -8.42 -8.41 -8.36 -8.30 -8.28 -8.26 -8.23 -8.17 -8.13 -8.07 -8.03 -7.98 -7.95 -7.97 -7.96 -7.94 -7.93 -7.91 -7.90 -7.92 -7.89 -7.90 -7.90 -7.87 -7.89 -7.85 -7.81
-10.74 -10.69 -10.63 -10.56 -10.49 -10.40 -10.30 -10.20 -10.10 -9.99 -9.86 -9.72 -9.64 -9.55 -9.48 -9.40 -9.35 -9.30 -9.26 -9.22 -9.17 -9.12 -9.09 -9.05 -9.00 -8.98 -8.91 -8.89 -8.85 -8.81 -8.76 -8.68 -8.61 -8.53 -8.51 -8.42 -8.34 -8.21 -8.25 -8.28 -8.31 -8.34 -8.31 -8.26 -8.23 -8.23 -8.21 -8.14 -8.08 -8.04 -7.99 -7.98 -7.96 -7.91 -7.93 -7.91 -7.87 -7.89 -7.86 -7.88 -7.90 -7.88 -7.90 -7.88 -7.86 -7.86 -7.84
-10.65 -10.58 -10.52 -10.46 -10.39 -10.31 -10.21 -10.11 -10.00 -9.88 -9.74 -9.62 -9.52 -9.42 -9.34 -9.29 -9.25 -9.22 -9.20 -9.12 -9.08 -9.05 -8.99 -8.97 -8.92 -8.90 -8.91 -8.87 -8.83 -8.78 -8.70 -8.61 -8.51 -8.54 -8.42 -8.37 -8.25 -8.21 -8.16 -8.18 -8.20 -8.20 -8.20 -8.19 -8.17 -8.16 -8.16 -8.12 -8.08 -8.01 -8.00 -7.94 -7.92 -7.92 -7.89 -7.87 -7.87 -7.83 -7.84 -7.88 -7.88 -7.89 -7.88 -7.85 -7.89 -7.86 -7.86
-10.54 -10.48 -10.43 -10.36 -10.29 -10.21 -10.13 -10.01 -9.90 -9.76 -9.63 -9.53 -9.36 -9.30 -9.24 -9.21 -9.16 -9.13 -9.08 -9.05 -9.00 -8.96 -8.89 -8.87 -8.86 -8.85 -8.86 -8.84 -8.79 -8.73 -8.63 -8.53 -8.56 -8.47 -8.37 -8.27 -8.18 -8.13 -8.06 -8.00 -8.01 -8.07 -8.08 -8.10 -8.08 -8.09 -8.12 -8.09 -8.04 -8.00 -7.96 -7.93 -7.92 -7.89 -7.87 -7.81 -7.85 -7.82 -7.88 -7.86 -7.89 -7.88 -7.89 -7.88 -7.88 -7.86 -7.78
-10.44 -10.40 -10.33 -10.26 -10.19 -10.11 -10.01 -9.91 -9.78 -9.65 -9.52 -9.39 -9.27 -9.17 -9.12 -9.12 -9.13 -9.07 -9.01 -8.94 -8.88 -8.85 -8.81 -8.80 -8.78 -8.80 -8.82 -8.78 -8.74 -8.65 -8.66 -8.58 -8.51 -8.39 -8.28 -8.16 -8.07 -7.97 -7.90 -7.86 -7.87 -7.91 -7.95 -7.99 -8.00 -7.99 -7.99 -8.02 -7.95 -7.91 -7.91 -7.88 -7.88 -7.86 -7.84 -7.85 -7.89 -7.85 -7.85 -7.88 -7.85 -7.89 -7.85 -7.82 -7.83 -7.77 -7.75
-10.37 -10.30 -10.22 -10.16 -10.09 -10.00 -9.90 -9.78 -9.69 -9.55 -9.41 -9.31 -9.18 -9.12 -9.16 -9.12 -9.08 -9.00 -8.94 -8.85 -8.76 -8.72 -8.72 -8.73 -8.73 -8.73 -8.74 -8.75 -8.70 -8.64 -8.58 -8.49 -8.41 -8.26 -8.14 -8.02 -7.89 -7.79 -7.73 -7.69 -7.69 -7.70 -7.75 -7.85 -7.87 -7.86 -7.85 -7.86 -7.88 -7.84 -7.82 -7.79 -7.83 -7.81 -7.83 -7.84 -7.83 -7.84 -7.84 -7.86 -7.86 -7.82 -7.80 -7.79 -7.75 -7.72 -7.70
-10.27 -10.20 -10.14 -10.07 -9.99 -9.89 -9.78 -9.70 -9.62 -9.50 -9.37 -9.24 -9.15 -9.20 -9.14 -9.06 -9.03 -8.95 -8.86 -8.74 -8.64 -8.65 -8.65 -8.68 -8.65 -8.69 -8.73 -8.69 -8.64 -8.57 -8.49 -8.38 -8.23 -8.14 -7.97 -7.83 -7.70 -7.62 -7.54 -7.53 -7.44 -7.56 -7.59 -7.64 -7.67 -7.65 -7.76 -7.81 -7.79 -7.74 -7.72 -7.76 -7.75 -7.74 -7.76 -7.77 -7.76 -7.79 -7.81 -7.83 -7.81 -7.80 -7.76 -7.74 -7.73 -7.68 -7.62
-10.17 -10.11 -10.05 -9.97 -9.87 -9.78 -9.70 -9.60 -9.53 -9.45 -9.32 -9.22 -9.19 -9.16 -9.11 -9.05 -8.96 -8.90 -8.79 -8.71 -8.57 -8.66 -8.68 -8.63 -8.71 -8.72 -8.68 -8.59 -8.56 -8.49 -8.36 -8.27 -8.11 -7.95 -7.75 -7.65 -7.55 -7.43 -7.37 -7.39 -7.41 -7.34 -7.35 -7.44 -7.62 -7.72 -7.77 -7.76 -7.71 -7.69 -7.68 -7.68 -7.68 -7.67 -7.72 -7.72 -7.73 -7.74 -7.76 -7.75 -7.74 -7.74 -7.70 -7.68 -7.63 -7.59 -7.55
-10.09 -10.03 -9.96 -9.86 -9.78 -9.70 -9.60 -9.53 -9.46 -9.37 -9.34 -9.22 -9.17 -9.13 -9.08 -9.02 -8.94 -8.85 -8.76 -8.69 -8.70 -8.70 -8.68 -8.70 -8.70 -8.60 -8.61 -8.56 -8.46 -8.39 -8.24 -8.08 -7.92 -7.65 -7.60 -7.47 -7.38 -7.33 -7.44 -7.50 -7.39 -7.29 -7.53 -7.73 -7.77 -7.75 -7.75 -7.68 -7.71 -7.67 -7.61 -7.62 -7.64 -7.61 -7.69 -7.62 -7.66 -7.66 -7.64 -7.63 -7.64 -7.66 -7.61 -7.57 -7.54 -7.54 -7.48
-10.01 -9.94 -9.85 -9.78 -9.70 -9.61 -9.54 -9.45 -9.42 -9.35 -9.30 -9.22 -9.15 -9.09 -9.02 -9.00 -8.92 -8.80 -8.78 -8.76 -8.73 -8.72 -8.70 -8.68 -8.61 -8.57 -8.49 -8.47 -8.36 -8.22 -8.06 -7.87 -7.66 -7.58 -7.42 -7.37 -7.39 -7.41 -7.45 -7.51 -7.43 -7.69 -7.80 -7.81 -7.79 -7.74 -7.68 -7.73 -7.67 -7.59 -7.60 -7.58 -7.53 -7.58 -7.52 -7.53 -7.52 -7.52 -7.52 -7.51 -7.50 -7.55 -7.50 -7.43 -7.43 -7.37 -7.36
-9.93 -9.84 -9.78 -9.70 -9.62 -9.55 -9.46 -9.42 -9.32 -9.29 -9.23 -9.17 -9.12 -9.05 -8.99 -8.95 -8.88 -8.83 -8.79 -8.73 -8.71 -8.69 -8.68 -8.60 -8.56 -8.52 -8.47 -8.35 -8.19 -8.05 -7.84 -7.63 -7.62 -7.47 -7.38 -7.27 -7.30 -7.44 -7.56 -7.60 -7.64 -7.75 -7.79 -7.82 -7.73 -7.71 -7.74 -7.69 -7.60 -7.57 -7.51 -7.46 -7.48 -7.40 -7.39 -7.38 -7.40 -7.40 -7.34 -7.38 -7.38 -7.32 -7.33 -7.29 -7.26 -7.23 -7.20
-9.82 -9.78 -9.70 -9.61 -9.56 -9.48 -9.43 -9.35 -9.28 -9.22 -9.16 -9.11 -9.04 -9.00 -8.94 -8.89 -8.84 -8.78 -8.74 -8.70 -8.67 -8.66 -8.63 -8.57 -8.52 -8.45 -8.37 -8.23 -7.99 -7.87 -7.85 -7.72 -7.54 -7.57 -7.48 -7.35 -7.64 -7.67 -7.68 -7.70 -7.70 -7.76 -7.83 -7.72 -7.73 -7.67 -7.68 -7.59 -7.50 -7.46 -7.42 -7.39 -7.32 -7.26 -7.26 -7.30 -7.26 -7.25 -7.24 -7.24 -7.21 -7.18 -7.16 -7.10 -7.07 -7.08 -7.05
-9.77 -9.70 -9.64 -9.56 -9.49 -9.42 -9.35 -9.26 -9.21 -9.15 -9.10 -9.06 -9.03 -8.95 -8.89 -8.85 -8.80 -8.75 -8.69 -8.67 -8.65 -8.63 -8.57 -8.52 -8.46 -8.40 -8.31 -8.16 -8.05 -8.15 -7.95 -7.76 -7.86 -7.85 -7.71 -7.76 -7.67 -7.73 -7.73 -7.73 -7.77 -7.82 -7.81 -7.73 -7.65 -7.64 -7.56 -7.48 -7.41 -7.37 -7.32 -7.26 -7.17 -7.17 -7.17 -7.19 -7.13 -7.04 -7.04 -7.04 -7.03 -6.99 -6.96 -6.94 -6.92 -6.91 -6.83
-9.65 -9.63 -9.56 -9.50 -9.38 -9.33 -9.25 -9.19 -9.14 -9.08 -9.05 -9.00 -8.95 -8.90 -8.86 -8.82 -8.76 -8.69 -8.66 -8.64 -8.63 -8.59 -8.55 -8.51 -8.46 -8.40 -8.30 -8.25 -8.27 -8.18 -8.06 -8.00 -8.02 -7.96 -7.88 -7.81 -7.70 -7.74 -7.75 -7.78 -7.73 -7.77 -7.75 -7.66 -7.60 -7.54 -7.49 -7.39 -7.34 -7.27 -7.22 -7.11 -7.10 -7.09 -7.08 -7.08 -7.01 -6.82 -6.83 -6.86 -6.78 -6.79 -6.78 -6.78 -6.75 -6.70 -6.61
-9.55 -9.51 -9.49 -9.40 -9.32 -9.25 -9.17 -9.11 -9.07 -9.03 -8.96 -8.92 -8.88 -8.84 -8.80 -8.75 -8.72 -8.67 -8.67 -8.64 -8.60 -8.56 -8.54 -8.48 -8.42 -8.40 -8.39 -8.35 -8.29 -8.19 -8.09 -8.01 -7.98 -7.90 -7.86 -7.80 -7.75 -7.72 -7.71 -7.65 -7.68 -7.67 -7.64 -7.57 -7.52 -7.49 -7.41 -7.33 -7.22 -7.17 -7.07 -7.04 -7.00 -6.97 -6.97 -6.96 -6.88 -6.82 -6.74 -6.67 -6.61 -6.64 -6.64 -6.55 -6.48 -6.44 -6.42
-9.43 -9.39 -9.34 -9.29 -9.22 -9.15 -9.09 -9.05 -9.00 -8.95 -8.91 -8.86 -8.82 -8.78 -8.74 -8.71 -8.68 -8.66 -8.64 -8.61 -8.57 -8.57 -8.52 -8.48 -8.47 -8.43 -8.40 -8.37 -8.23 -8.15 -8.06 -7.97 -7.94 -7.84 -7.85 -7.76 -7.72 -7.67 -7.57 -7.59 -7.55 -7.56 -7.53 -7.50 -7.39 -7.36 -7.20 -7.20 -7.11 -7.03 -6.98 -6.92 -6.87 -6.86 -6.84 -6.82 -6.78 -6.68 -6.64 -6.65 -6.52 -6.49 -6.44 -6.35 -6.28 -6.24 -6.18
-9.33 -9.27 -9.23 -9.19 -9.12 -9.08 -9.03 -8.96 -8.93 -8.88 -8.83 -8.79 -8.76 -8.73 -8.70 -8.68 -8.67 -8.68 -8.63 -8.63 -8.59 -8.56 -8.55 -8.53 -8.50 -8.45 -8.42 -8.32 -8.16 -8.10 -8.00 -7.96 -7.89 -7.83 -7.77 -7.72 -7.66 -7.61 -7.52 -7.47 -7.46 -7.39 -7.35 -7.26 -7.19 -7.18 -7.15 -7.06 -6.99 -6.92 -6.87 -6.75 -6.74 -6.73 -6.71 -6.68 -6.66 -6.59 -6.50 -6.45 -6.32 -6.25 -6.22 -6.14 -6.06 -5.95 -5.92
-9.22 -9.17 -9.12 -9.08 -9.05 -9.00 -8.94 -8.89 -8.84 -8.80 -8.77 -8.75 -8.70 -8.68 -8.66 -8.65 -8.68 -8.66 -8.62 -8.62 -8.56 -8.59 -8.54 -8.50 -8.45 -8.38 -8.31 -8.25 -8.14 -8.07 -8.00 -7.91 -7.84 -7.82 -7.76 -7.65 -7.64 -7.50 -7.45 -7.36 -7.29 -7.25 -7.20 -7.12 -7.11 -7.07 -6.98 -6.96 -6.88 -6.78 -6.72 -6.66 -6.60 -6.58 -6.55 -6.50 -6.50 -6.39 -6.31 -6.19 -6.11 -6.01 -6.00 -5.89 -5.80 -5.77 -5.71
-9.14 -9.09 -9.04 -8.97 -8.94 -8.92 -8.87 -8.82 -8.78 -8.76 -8.73 -8.69 -8.66 -8.64 -8.66 -8.64 -8.62 -8.60 -8.59 -8.56 -8.55 -8.51 -8.49 -8.45 -8.39 -8.34 -8.28 -8.19 -8.13 -8.03 -7.97 -7.86 -7.80 -7.76 -7.63 -7.55 -7.48 -7.39 -7.34 -7.27 -7.19 -7.07 -7.00 -7.00 -6.94 -6.95 -6.87 -6.80 -6.71 -6.66 -6.58 -6.50 -6.42 -6.37 -6.35 -6.30 -6.21 -6.15 -6.04 -5.99 -5.96 -5.87 -5.72 -5.62 -5.61 -5.58 -5.54
-9.06 -9.02 -8.97 -8.89 -8.84 -8.83 -8.79 -8.76 -8.73 -8.71 -8.65 -8.64 -8.62 -8.62 -8.59 -8.59 -8.56 -8.55 -8.52 -8.51 -8.49 -8.46 -8.42 -8.40 -8.29 -8.26 -8.19 -8.13 -8.02 -7.96 -7.85 -7.74 -7.70 -7.60 -7.49 -7.47 -7.39 -7.33 -7.26 -7.15 -7.02 -6.90 -6.88 -6.79 -6.80 -6.75 -6.64 -6.59 -6.56 -6.49 -6.39 -6.31 -6.23 -6.19 -6.13 -6.06 -5.95 -5.85 -5.80 -5.76 -5.76 -5.57 -5.50 -5.53 -5.39 -5.38 -5.25
-9.01 -8.97 -8.91 -8.84 -8.79 -8.76 -8.76 -8.72 -8.67 -8.64 -8.62 -8.61 -8.59 -8.56 -8.54 -8.51 -8.51 -8.47 -8.40 -8.40 -8.36 -8.32 -8.30 -8.27 -8.22 -8.13 -8.05 -7.99 -7.94 -7.82 -7.71 -7.64 -7.59 -7.53 -7.45 -7.40 -7.32 -7.22 -7.11 -7.00 -6.87 -6.81 -6.69 -6.64 -6.58 -6.51 -6.44 -6.37 -6.32 -6.24 -6.16 -6.11 -6.06 -5.94 -5.84 -5.73 -5.68 -5.59 -5.52 -5.48 -5.41 -5.26 -5.24 -5.16 -5.21 -5.23 -5.01
-8.98 -8.93 -8.87 -8.83 -8.76 -8.70 -8.69 -8.63 -8.61 -8.59 -8.56 -8.54 -8.52 -8.48 -8.48 -8.45 -8.40 -8.33 -8.28 -8.25 -8.21 -8.18 -8.10 -8.05 -8.02 -7.96 -7.88 -7.87 -7.76 -7.67 -7.58 -7.52 -7.46 -7.40 -7.34 -7.28 -7.17 -7.07 -6.97 -6.84 -6.74 -6.64 -6.55 -6.44 -6.38 -6.28 -6.18 -6.10 -6.09 -6.02 -5.95 -5.83 -5.76 -5.59 -5.57 -5.43 -5.39 -5.31 -5.29 -5.20 -5.02 -4.98 -4.98 -5.12 -5.14 -4.94 -4.87
-8.95 -8.89 -8.85 -8.78 -8.72 -8.66 -8.61 -8.60 -8.56 -8.52 -8.50 -8.48 -8.45 -8.44 -8.39 -8.34 -8.27 -8.19 -8.12 -7.95 -7.85 -7.88 -7.87 -7.83 -7.80 -7.73 -7.67 -7.65 -7.58 -7.50 -7.42 -7.35 -7.30 -7.26 -7.18 -7.11 -7.02 -6.89 -6.79 -6.66 -6.55 -6.44 -6.31 -6.25 -6.16 -6.06 -6.00 -5.92 -5.86 -5.73 -5.59 -5.57 -5.41 -5.32 -5.23 -5.20 -5.00 -4.99 -4.88 -4.81 -4.83 -4.80 -4.74 -4.64 -4.63 -4.69 -4.61
-8.91 -8.87 -8.82 -8.77 -8.70 -8.65 -8.59 -8.53 -8.50 -8.47 -8.43 -8.40 -8.39 -8.34 -8.28 -8.19 -8.04 -7.94 -7.72 -7.61 -7.57 -7.67 -7.72 -7.67 -7.57 -7.51 -7.50 -7.44 -7.36 -7.30 -7.24 -7.20 -7.14 -7.06 -7.01 -6.89 -6.80 -6.72 -6.59 -6.44 -6.34 -6.22 -6.12 -5.99 -5.91 -5.84 -5.71 -5.60 -5.47 -5.39 -5.28 -5.15 -5.09 -4.95 -4.84 -4.72 -4.68 -4.57 -4.64 -4.56 -4.46 -4.44 -4.36 -4.38 -4.45 -4.40 -4.37
-8.89 -8.84 -8.78 -8.76 -8.69 -8.61 -8.55 -8.50 -8.43 -8.38 -8.36 -8.32 -8.27 -8.17 -8.01 -7.89 -7.73 -7.55 -7.43 -7.31 -7.36 -7.49 -7.54 -7.44 -7.33 -7.30 -7.25 -7.25 -7.15 -7.10 -7.07 -7.01 -6.94 -6.84 -6.76 -6.69 -6.61 -6.47 -6.35 -6.22 -6.08 -5.97 -5.84 -5.75 -5.60 -5.50 -5.28 -5.17 -5.09 -4.99 -4.87 -4.78 -4.60 -4.48 -4.42 -4.36 -4.36 -4.31 -4.24 -4.22 -4.23 -4.19 -4.18 -4.16 -4.17 -4.20 -4.20
-8.85 -8.79 -8.76 -8.73 -8.64 -8.57 -8.50 -8.43 -8.38 -8.33 -8.29 -8.19 -8.04 -7.84 -7.73 -7.52 -7.36 -7.15 -7.10 -7.13 -7.14 -7.23 -7.28 -7.18 -7.13 -7.11 -7.05 -6.99 -6.96 -6.91 -6.88 -6.79 -6.68 -6.66 -6.53 -6.47 -6.33 -6.21 -6.08 -5.90 -5.79 -5.67 -5.52 -5.37 -5.22 -4.99 -4.81 -4.78 -4.67 -4.58 -4.44 -4.33 -4.24 -4.13 -4.13 -4.06 -4.02 -3.99 -3.97 -3.96 -3.96 -3.94 -3.95 -3.97 -4.00 -4.02 -4.02
-8.81 -8.77 -8.71 -8.65 -8.59 -8.50 -8.44 -8.36 -8.29 -8.20 -8.05 -7.83 -7.67 -7.51 -7.34 -7.12 -6.88 -6.85 -6.84 -6.85 -6.85 -6.99 -7.00 -6.93 -6.94 -6.93 -6.85 -6.74 -6.63 -6.67 -6.63 -6.60 -6.47 -6.35 -6.26 -6.12 -6.02 -5.87 -5.70 -5.57 -5.43 -5.25 -5.12 -4.97 -4.77 -4.60 -4.48 -4.39 -4.32 -4.21 -4.09 -4.04 -3.90 -3.87 -3.82 -3.77 -3.72 -3.69 -3.70 -3.70 -3.72 -3.73 -3.74 -3.78 -3.80 -3.81 -3.82
-8.76 -8.71 -8.65 -8.59 -8.50 -8.43 -8.33 -8.22 -8.06 -7.84 -7.58 -7.47 -7.33 -7.10 -6.81 -6.62 -6.57 -6.54 -6.48 -6.41 -6.45 -6.56 -6.74 -6.69 -6.68 -6.67 -6.56 -6.44 -6.44 -6.35 -6.41 -6.27 -6.15 -6.02 -5.87 -5.74 -5.61 -5.45 -5.34 -5.20 -5.05 -4.89 -4.76 -4.57 -4.41 -4.25 -4.14 -4.08 -3.98 -3.88 -3.78 -3.72 -3.65 -3.58 -3.55 -3.51 -3.49 -3.45 -3.47 -3.48 -3.50 -3.53 -3.54 -3.57 -3.59 -3.62 -3.63
-8.71 -8.65 -8.59 -8.52 -8.37 -8.26 -8.10 -7.90 -7.63 -7.39 -7.19 -6.97 -6.81 -6.54 -6.39 -6.28 -6.25 -6.07 -5.97 -5.86 -5.87 -6.03 -6.22 -6.39 -6.34 -6.27 -6.23 -6.10 -6.05 -6.03 -5.98 -5.90 -5.75 -5.59 -5.44 -5.26 -5.12 -5.03 -4.97 -4.79 -4.64 -4.47 -4.34 -4.16 -4.04 -3.92 -3.84 -3.77 -3.70 -3.61 -3.53 -3.48 -3.42 -3.38 -3.34 -3.31 -3.30 -3.26 -3.27 -3.30 -3.31 -3.33 -3.36 -3.39 -3.40 -3.43 -3.44
