utils/5a01f6d0e4b0531197b72cfe/64077140d34e76f5f75e388f/6418cab4d34eb496d1d1d708/ew22_dem_5m.asc
ncols	1033
nrows	509
xllcorner	294850.000
yllcorner	129875.000
cellsize	5.000
NODATA_value	-9999.000
[rows 341 to 371 of 509, columns 952 to 1019 of 1033]
-6.55 -6.58 -6.61 -6.62 -6.64 -6.63 -6.64 -6.67 -6.69 -6.70 -6.71 -6.74 -6.75 -6.77 -6.80 -6.79 -6.81 -6.78 -6.78 -6.83 -6.85 -6.85 -6.87 -6.92 -6.94 -6.99 -7.00 -7.01 -6.97 -6.95 -6.89 -6.89 -6.88 -6.91 -6.93 -6.97 -6.96 -6.94 -6.93 -6.92 -6.95 -6.94 -6.97 -7.00 -7.01 -7.01 -7.00 -7.05 -7.03 -7.01 -7.00 -6.99 -7.00 -6.98 -6.95 -6.95 -6.95 -6.95 -9999.00 -9999.00 -9999.00 -9999.00 -9999.00 -9999.00 -9999.00 -9999.00 -9999.00 -9999.00
-6.53 -6.56 -6.61 -6.62 -6.64 -6.65 -6.63 -6.64 -6.68 -6.69 -6.70 -6.71 -6.73 -6.74 -6.75 -6.79 -6.77 -6.78 -6.75 -6.78 -6.84 -6.80 -6.84 -6.88 -6.93 -6.96 -6.99 -6.99 -7.03 -6.96 -6.93 -6.89 -6.86 -6.89 -6.91 -6.93 -6.97 -6.95 -6.92 -6.94 -6.92 -6.95 -6.96 -6.98 -7.01 -7.02 -6.99 -6.98 -7.01 -7.01 -7.00 -6.98 -6.98 -6.97 -6.93 -6.93 -6.93 -6.92 -6.92 -9999.00 -9999.00 -9999.00 -9999.00 -9999.00 -9999.00 -9999.00 -9999.00 -9999.00
-6.51 -6.54 -6.58 -6.61 -6.61 -6.65 -6.62 -6.63 -6.64 -6.68 -6.68 -6.70 -6.71 -6.73 -6.74 -6.77 -6.76 -6.78 -6.75 -6.73 -6.78 -6.82 -6.82 -6.83 -6.84 -6.92 -6.95 -6.97 -6.98 -6.98 -6.92 -6.89 -6.88 -6.87 -6.89 -6.90 -6.93 -6.96 -6.93 -6.93 -6.92 -6.94 -6.96 -6.97 -7.01 -7.01 -7.01 -6.99 -6.98 -6.97 -7.00 -6.97 -6.95 -6.93 -6.92 -6.93 -6.92 -6.98 -6.93 -6.89 -9999.00 -9999.00 -9999.00 -9999.00 -9999.00 -9999.00 -9999.00 -9999.00
-6.49 -6.52 -6.56 -6.60 -6.60 -6.63 -6.64 -6.62 -6.63 -6.66 -6.67 -6.68 -6.69 -6.70 -6.73 -6.73 -6.76 -6.75 -6.77 -6.73 -6.72 -6.80 -6.76 -6.81 -6.83 -6.86 -6.92 -6.95 -6.96 -6.99 -6.93 -6.90 -6.86 -6.86 -6.87 -6.88 -6.90 -6.95 -6.94 -6.92 -6.94 -6.92 -6.97 -6.97 -6.99 -7.01 -7.02 -7.02 -6.98 -6.99 -6.98 -6.97 -6.95 -6.94 -6.93 -6.93 -6.92 -6.92 -6.97 -6.91 -9999.00 -9999.00 -9999.00 -9999.00 -9999.00 -9999.00 -9999.00 -9999.00
-6.50 -6.50 -6.54 -6.57 -6.60 -6.61 -6.62 -6.65 -6.62 -6.63 -6.67 -6.66 -6.67 -6.68 -6.70 -6.73 -6.72 -6.73 -6.74 -6.71 -6.72 -6.74 -6.79 -6.78 -6.80 -6.83 -6.88 -6.91 -6.94 -6.94 -6.99 -6.91 -6.89 -6.85 -6.85 -6.87 -6.88 -6.90 -6.94 -6.93 -6.92 -6.93 -6.94 -6.98 -6.99 -7.01 -7.03 -7.01 -7.03 -6.98 -7.02 -6.95 -6.95 -6.94 -6.93 -6.93 -6.93 -6.91 -6.92 -6.96 -6.91 -9999.00 -9999.00 -9999.00 -9999.00 -9999.00 -9999.00 -9999.00
-6.45 -6.51 -6.52 -6.55 -6.59 -6.60 -6.59 -6.62 -6.65 -6.61 -6.64 -6.67 -6.66 -6.68 -6.67 -6.69 -6.70 -6.72 -6.73 -6.72 -6.70 -6.71 -6.76 -6.75 -6.77 -6.79 -6.80 -6.88 -6.91 -6.92 -6.94 -6.93 -6.88 -6.86 -6.85 -6.85 -6.87 -6.88 -6.90 -6.94 -6.91 -6.94 -6.92 -6.99 -6.99 -7.01 -7.03 -7.05 -7.02 -6.97 -6.96 -6.95 -6.97 -6.94 -6.93 -6.93 -6.92 -6.91 -6.90 -6.95 -6.97 -6.88 -9999.00 -9999.00 -9999.00 -9999.00 -9999.00 -9999.00
-6.47 -6.47 -6.51 -6.53 -6.56 -6.60 -6.59 -6.61 -6.64 -6.61 -6.62 -6.65 -6.64 -6.65 -6.67 -6.67 -6.67 -6.72 -6.70 -6.73 -6.71 -6.70 -6.70 -6.77 -6.76 -6.77 -6.79 -6.83 -6.87 -6.90 -6.91 -6.95 -6.87 -6.85 -6.84 -6.84 -6.85 -6.87 -6.88 -6.91 -6.92 -6.91 -6.94 -6.94 -7.00 -7.00 -7.02 -7.05 -7.06 -7.01 -6.97 -6.95 -6.95 -6.96 -6.95 -6.93 -6.92 -6.91 -6.89 -6.88 -6.94 -6.92 -9999.00 -9999.00 -9999.00 -9999.00 -9999.00 -9999.00
-6.44 -6.46 -6.48 -6.52 -6.54 -6.58 -6.60 -6.59 -6.59 -6.64 -6.61 -6.62 -6.65 -6.64 -6.65 -6.65 -6.65 -6.67 -6.70 -6.69 -6.71 -6.70 -6.70 -6.71 -6.74 -6.74 -6.75 -6.78 -6.84 -6.87 -6.90 -6.90 -6.93 -6.85 -6.85 -6.83 -6.83 -6.85 -6.87 -6.87 -6.92 -6.91 -6.93 -6.93 -6.97 -7.01 -7.02 -7.04 -7.03 -7.02 -6.99 -6.94 -6.94 -6.97 -6.95 -6.93 -6.92 -6.92 -6.91 -6.88 -6.91 -6.94 -6.91 -9999.00 -9999.00 -9999.00 -9999.00 -9999.00
-6.38 -6.46 -6.46 -6.49 -6.52 -6.56 -6.60 -6.59 -6.57 -6.60 -6.67 -6.60 -6.63 -6.64 -6.62 -6.66 -6.65 -6.63 -6.67 -6.68 -6.70 -6.70 -6.69 -6.69 -6.74 -6.73 -6.74 -6.76 -6.77 -6.85 -6.86 -6.88 -6.91 -6.88 -6.83 -6.82 -6.82 -6.81 -6.85 -6.87 -6.88 -6.91 -6.91 -6.95 -6.94 -7.03 -7.00 -7.00 -7.02 -7.01 -7.00 -6.98 -6.93 -6.93 -6.94 -6.93 -6.92 -6.92 -6.91 -6.87 -6.85 -6.93 -6.93 -6.90 -9999.00 -9999.00 -9999.00 -9999.00
-6.40 -6.40 -6.48 -6.47 -6.50 -6.54 -6.57 -6.60 -6.58 -6.58 -6.60 -6.61 -6.59 -6.63 -6.63 -6.63 -6.66 -6.64 -6.64 -6.67 -6.67 -6.70 -6.70 -6.68 -6.68 -6.73 -6.72 -6.72 -6.76 -6.79 -6.84 -6.86 -6.87 -6.90 -6.82 -6.81 -6.81 -6.81 -6.83 -6.85 -6.86 -6.87 -6.91 -6.91 -6.92 -6.97 -6.98 -7.00 -6.99 -7.00 -6.99 -6.97 -6.94 -6.92 -6.92 -6.94 -6.93 -6.92 -6.90 -6.87 -6.86 -6.87 -6.91 -6.91 -9999.00 -9999.00 -9999.00 -9999.00
-6.40 -6.39 -6.42 -6.48 -6.47 -6.51 -6.55 -6.59 -6.59 -6.58 -6.59 -6.60 -6.59 -6.59 -6.63 -6.63 -6.64 -6.64 -6.63 -6.63 -6.66 -6.67 -6.69 -6.69 -6.68 -6.69 -6.70 -6.70 -6.70 -6.74 -6.80 -6.82 -6.85 -6.88 -6.88 -6.80 -6.80 -6.80 -6.80 -6.83 -6.86 -6.85 -6.88 -6.91 -6.93 -6.94 -6.99 -6.95 -6.97 -6.97 -6.98 -6.98 -6.94 -6.91 -6.92 -6.92 -6.94 -6.92 -6.91 -6.90 -6.85 -6.85 -6.88 -6.90 -6.92 -9999.00 -9999.00 -9999.00
-6.37 -6.39 -6.37 -6.45 -6.49 -6.47 -6.52 -6.56 -6.61 -6.59 -6.56 -6.58 -6.62 -6.58 -6.60 -6.62 -6.59 -6.63 -6.63 -6.61 -6.63 -6.64 -6.66 -6.69 -6.68 -6.68 -6.70 -6.71 -6.70 -6.72 -6.74 -6.81 -6.82 -6.84 -6.87 -6.84 -6.78 -6.79 -6.79 -6.79 -6.83 -6.85 -6.86 -6.90 -6.89 -6.91 -6.93 -6.94 -6.93 -6.95 -6.97 -6.96 -6.94 -6.93 -6.91 -6.91 -6.97 -6.93 -6.91 -6.90 -6.84 -6.83 -6.83 -6.90 -6.91 -6.92 -9999.00 -9999.00
-6.36 -6.39 -6.39 -6.38 -6.48 -6.50 -6.47 -6.52 -6.56 -6.59 -6.56 -6.55 -6.57 -6.63 -6.59 -6.61 -6.62 -6.62 -6.65 -6.62 -6.60 -6.63 -6.64 -6.66 -6.68 -6.67 -6.67 -6.68 -6.68 -6.68 -6.72 -6.75 -6.81 -6.82 -6.83 -6.85 -6.77 -6.77 -6.78 -6.79 -6.81 -6.80 -6.87 -6.87 -6.89 -6.91 -6.92 -6.94 -6.91 -6.91 -6.94 -6.95 -6.94 -6.93 -6.90 -6.89 -6.88 -6.94 -6.91 -6.90 -6.86 -6.82 -6.84 -6.84 -6.88 -6.89 -9999.00 -9999.00
-6.34 -6.36 -6.39 -6.39 -6.42 -6.50 -6.47 -6.49 -6.53 -6.57 -6.57 -6.55 -6.56 -6.57 -6.61 -6.58 -6.61 -6.61 -6.62 -6.62 -6.61 -6.61 -6.62 -6.64 -6.68 -6.67 -6.66 -6.67 -6.67 -6.66 -6.67 -6.71 -6.76 -6.80 -6.81 -6.83 -6.83 -6.74 -6.76 -6.78 -6.81 -6.82 -6.80 -6.87 -6.87 -6.89 -6.90 -6.90 -6.92 -6.88 -6.91 -6.92 -6.93 -6.93 -6.91 -6.88 -6.89 -6.89 -6.92 -6.91 -6.89 -6.81 -6.81 -6.80 -6.84 -6.89 -6.91 -9999.00
-6.32 -6.35 -6.36 -6.40 -6.38 -6.42 -6.48 -6.45 -6.49 -6.53 -6.57 -6.56 -6.54 -6.56 -6.56 -6.59 -6.58 -6.61 -6.56 -6.62 -6.61 -6.59 -6.59 -6.60 -6.63 -6.66 -6.66 -6.67 -6.66 -6.66 -6.64 -6.69 -6.70 -6.76 -6.78 -6.79 -6.79 -6.80 -6.75 -6.78 -6.79 -6.82 -6.82 -6.81 -6.87 -6.88 -6.89 -6.90 -6.90 -6.87 -6.86 -6.89 -6.90 -6.91 -6.89 -6.87 -6.89 -6.88 -6.93 -6.92 -6.89 -6.83 -6.79 -6.84 -6.81 -6.88 -6.89 -6.93
-6.29 -6.33 -6.35 -6.35 -6.40 -6.38 -6.45 -6.47 -6.46 -6.50 -6.54 -6.55 -6.53 -6.54 -6.55 -6.56 -6.57 -6.59 -6.60 -6.61 -6.63 -6.61 -6.58 -6.58 -6.61 -6.62 -6.67 -6.65 -6.65 -6.66 -6.63 -6.63 -6.68 -6.71 -6.76 -6.78 -6.81 -6.80 -6.77 -6.76 -6.79 -6.80 -6.83 -6.83 -6.82 -6.86 -6.88 -6.89 -6.89 -6.88 -6.85 -6.84 -6.87 -6.90 -6.89 -6.87 -6.87 -6.87 -6.86 -6.96 -6.90 -6.87 -6.82 -6.77 -6.82 -6.82 -6.88 -6.89
-6.29 -6.30 -6.33 -6.34 -6.36 -6.38 -6.38 -6.45 -6.45 -6.46 -6.50 -6.54 -6.55 -6.53 -6.53 -6.54 -6.56 -6.57 -6.58 -6.59 -6.61 -6.61 -6.59 -6.59 -6.58 -6.61 -6.63 -6.66 -6.63 -6.64 -6.65 -6.62 -6.63 -6.66 -6.71 -6.77 -6.79 -6.81 -6.80 -6.75 -6.77 -6.80 -6.81 -6.84 -6.82 -6.84 -6.86 -6.88 -6.87 -6.86 -6.84 -6.82 -6.82 -6.86 -6.89 -6.86 -6.86 -6.86 -6.85 -6.86 -6.95 -6.89 -6.85 -6.81 -6.81 -6.81 -6.85 -6.89
-6.29 -6.28 -6.30 -6.34 -6.34 -6.36 -6.38 -6.39 -6.47 -6.44 -6.47 -6.50 -6.52 -6.53 -6.52 -6.53 -6.54 -6.58 -6.57 -6.59 -6.53 -6.60 -6.60 -6.57 -6.57 -6.57 -6.60 -6.64 -6.64 -6.65 -6.64 -6.63 -6.61 -6.67 -6.69 -6.73 -6.75 -6.79 -6.79 -6.80 -6.76 -6.78 -6.81 -6.83 -6.84 -6.82 -6.85 -6.87 -6.86 -6.88 -6.85 -6.81 -6.80 -6.80 -6.85 -6.86 -6.82 -6.85 -6.84 -6.87 -6.87 -6.92 -6.89 -6.85 -6.81 -6.85 -6.83 -6.88
-6.28 -6.28 -6.30 -6.33 -6.34 -6.34 -6.37 -6.38 -6.40 -6.45 -6.44 -6.47 -6.51 -6.51 -6.51 -6.51 -6.53 -6.53 -6.58 -6.57 -6.58 -6.59 -6.60 -6.59 -6.57 -6.55 -6.58 -6.60 -6.64 -6.64 -6.64 -6.62 -6.61 -6.62 -6.67 -6.70 -6.76 -6.75 -6.79 -6.78 -6.79 -6.76 -6.80 -6.81 -6.84 -6.84 -6.81 -6.86 -6.87 -6.86 -6.84 -6.80 -6.79 -6.78 -6.80 -6.84 -6.84 -6.83 -6.83 -6.85 -6.86 -6.88 -6.90 -6.89 -6.84 -6.79 -6.84 -6.83
-6.27 -6.28 -6.27 -6.30 -6.33 -6.34 -6.33 -6.36 -6.38 -6.42 -6.44 -6.43 -6.47 -6.49 -6.51 -6.50 -6.51 -6.52 -6.53 -6.57 -6.57 -6.58 -6.60 -6.58 -6.57 -6.56 -6.54 -6.58 -6.59 -6.65 -6.66 -6.64 -6.64 -6.62 -6.67 -6.70 -6.72 -6.76 -6.77 -6.80 -6.79 -6.76 -6.77 -6.80 -6.82 -6.85 -6.84 -6.80 -6.86 -6.87 -6.86 -6.82 -6.77 -6.76 -6.75 -6.79 -6.83 -6.82 -6.84 -6.83 -6.85 -6.85 -6.90 -6.90 -6.88 -6.83 -6.81 -6.83
-6.25 -6.27 -6.28 -6.28 -6.30 -6.34 -6.35 -6.33 -6.37 -6.37 -6.43 -6.42 -6.44 -6.48 -6.49 -6.50 -6.50 -6.51 -6.51 -6.53 -6.55 -6.56 -6.51 -6.59 -6.58 -6.55 -6.55 -6.54 -6.58 -6.60 -6.65 -6.66 -6.64 -6.64 -6.64 -6.68 -6.71 -6.73 -6.75 -6.78 -6.79 -6.79 -6.76 -6.78 -6.81 -6.85 -6.86 -6.84 -6.80 -6.87 -6.84 -6.82 -6.76 -6.75 -6.73 -6.75 -6.77 -6.83 -6.80 -6.83 -6.82 -6.84 -6.85 -6.91 -6.90 -6.87 -6.84 -6.84
-6.23 -6.26 -6.27 -6.27 -6.29 -6.33 -6.34 -6.36 -6.33 -6.38 -6.37 -6.44 -6.42 -6.44 -6.46 -6.50 -6.49 -6.49 -6.50 -6.51 -6.52 -6.56 -6.57 -6.58 -6.57 -6.57 -6.58 -6.54 -6.56 -6.58 -6.62 -6.64 -6.65 -6.64 -6.63 -6.67 -6.70 -6.71 -6.76 -6.76 -6.78 -6.78 -6.78 -6.77 -6.80 -6.82 -6.86 -6.87 -6.83 -6.82 -6.86 -6.84 -6.78 -6.72 -6.75 -6.73 -6.75 -6.77 -6.82 -6.78 -6.83 -6.81 -6.84 -6.84 -6.92 -6.89 -6.86 -6.82
-6.18 -6.24 -6.27 -6.27 -6.27 -6.30 -6.34 -6.34 -6.35 -6.33 -6.37 -6.39 -6.42 -6.42 -6.45 -6.46 -6.49 -6.48 -6.49 -6.50 -6.50 -6.52 -6.56 -6.56 -6.57 -6.57 -6.56 -6.57 -6.54 -6.58 -6.59 -6.64 -6.65 -6.65 -6.66 -6.65 -6.69 -6.70 -6.72 -6.75 -6.75 -6.80 -6.79 -6.78 -6.77 -6.81 -6.84 -6.87 -6.88 -6.84 -6.84 -6.80 -6.79 -6.74 -6.75 -6.73 -6.72 -6.75 -6.78 -6.80 -6.78 -6.82 -6.81 -6.84 -6.84 -6.91 -6.89 -6.86
-6.17 -6.19 -6.25 -6.27 -6.27 -6.28 -6.31 -6.34 -6.35 -6.35 -6.33 -6.36 -6.40 -6.40 -6.41 -6.44 -6.46 -6.48 -6.47 -6.48 -6.49 -6.49 -6.53 -6.54 -6.52 -6.58 -6.57 -6.57 -6.56 -6.55 -6.60 -6.61 -6.65 -6.65 -6.66 -6.66 -6.66 -6.71 -6.70 -6.73 -6.75 -6.76 -6.78 -6.79 -6.76 -6.77 -6.82 -6.85 -6.88 -6.89 -6.81 -6.79 -6.78 -6.76 -6.70 -6.74 -6.72 -6.70 -6.75 -6.78 -6.77 -6.79 -6.81 -6.82 -6.83 -6.84 -6.91 -6.88
-6.17 -6.16 -6.22 -6.26 -6.26 -6.27 -6.30 -6.33 -6.35 -6.36 -6.34 -6.33 -6.37 -6.41 -6.41 -6.41 -6.44 -6.47 -6.47 -6.47 -6.48 -6.48 -6.49 -6.53 -6.54 -6.50 -6.57 -6.58 -6.58 -6.55 -6.56 -6.60 -6.62 -6.64 -6.65 -6.65 -6.65 -6.69 -6.71 -6.72 -6.75 -6.76 -6.76 -6.77 -6.78 -6.78 -6.79 -6.83 -6.86 -6.84 -6.86 -6.77 -6.77 -6.77 -6.72 -6.72 -6.73 -6.71 -6.71 -6.75 -6.78 -6.74 -6.80 -6.80 -6.82 -6.84 -6.84 -6.90
-6.16 -6.15 -6.16 -6.23 -6.27 -6.26 -6.27 -6.30 -6.34 -6.35 -6.37 -6.33 -6.33 -6.37 -6.42 -6.40 -6.42 -6.43 -6.47 -6.45 -6.44 -6.48 -6.47 -6.50 -6.53 -6.54 -6.54 -6.56 -6.56 -6.57 -6.56 -6.60 -6.61 -6.64 -6.63 -6.67 -6.68 -6.66 -6.71 -6.69 -6.72 -6.75 -6.76 -6.79 -6.77 -6.77 -6.78 -6.85 -6.84 -6.81 -6.81 -6.81 -6.76 -6.76 -6.76 -6.69 -6.70 -6.72 -6.71 -6.71 -6.74 -6.77 -6.73 -6.80 -6.80 -6.83 -6.84 -6.86
-6.13 -6.15 -6.14 -6.18 -6.23 -6.27 -6.27 -6.28 -6.32 -6.33 -6.34 -6.37 -6.33 -6.33 -6.36 -6.39 -6.39 -6.41 -6.45 -6.45 -6.47 -6.44 -6.47 -6.46 -6.50 -6.53 -6.54 -6.56 -6.55 -6.56 -6.56 -6.57 -6.61 -6.61 -6.65 -6.64 -6.67 -6.66 -6.70 -6.71 -6.71 -6.73 -6.75 -6.76 -6.78 -6.78 -6.74 -6.80 -6.82 -6.80 -6.77 -6.78 -6.77 -6.75 -6.75 -6.71 -6.68 -6.69 -6.71 -6.68 -6.70 -6.74 -6.76 -6.71 -6.80 -6.80 -6.82 -6.83
-6.11 -6.14 -6.13 -6.13 -6.21 -6.25 -6.25 -6.27 -6.30 -6.34 -6.35 -6.36 -6.36 -6.32 -6.34 -6.39 -6.38 -6.40 -6.42 -6.46 -6.46 -6.46 -6.47 -6.47 -6.48 -6.50 -6.53 -6.54 -6.55 -6.57 -6.58 -6.56 -6.58 -6.63 -6.62 -6.64 -6.65 -6.66 -6.68 -6.71 -6.69 -6.72 -6.75 -6.76 -6.75 -6.78 -6.77 -6.73 -6.75 -6.80 -6.76 -6.74 -6.80 -6.75 -6.74 -6.74 -6.69 -6.66 -6.70 -6.69 -6.66 -6.70 -6.74 -6.74 -6.74 -6.79 -6.80 -6.81
-6.08 -6.11 -6.14 -6.12 -6.15 -6.21 -6.26 -6.27 -6.27 -6.31 -6.34 -6.35 -6.37 -6.35 -6.31 -6.35 -6.39 -6.39 -6.41 -6.43 -6.46 -6.48 -6.44 -6.48 -6.47 -6.48 -6.51 -6.53 -6.53 -6.54 -6.56 -6.57 -6.57 -6.60 -6.63 -6.63 -6.62 -6.68 -6.70 -6.71 -6.71 -6.70 -6.73 -6.74 -6.77 -6.75 -6.75 -6.73 -6.72 -6.72 -6.76 -6.72 -6.72 -6.77 -6.73 -6.73 -6.69 -6.64 -6.67 -6.70 -6.69 -6.69 -6.69 -6.73 -6.70 -6.76 -6.78 -6.79
-6.06 -6.09 -6.12 -6.10 -6.10 -6.17 -6.21 -6.25 -6.26 -6.28 -6.32 -6.33 -6.34 -6.38 -6.35 -6.32 -6.34 -6.39 -6.38 -6.41 -6.46 -6.46 -6.47 -6.44 -6.48 -6.47 -6.48 -6.51 -6.52 -6.52 -6.54 -6.55 -6.57 -6.59 -6.63 -6.62 -6.65 -6.62 -6.68 -6.68 -6.72 -6.72 -6.70 -6.73 -6.73 -6.73 -6.75 -6.73 -6.68 -6.72 -6.70 -6.71 -6.67 -6.70 -6.75 -6.70 -6.71 -6.67 -6.62 -6.67 -6.69 -6.68 -6.69 -6.68 -6.71 -6.74 -6.77 -6.79
-6.03 -6.06 -6.10 -6.13 -6.09 -6.12 -6.20 -6.24 -6.25 -6.26 -6.30 -6.34 -6.35 -6.37 -6.37 -6.33 -6.33 -6.35 -6.38 -6.39 -6.41 -6.45 -6.46 -6.46 -6.44 -6.46 -6.47 -6.48 -6.51 -6.53 -6.54 -6.58 -6.57 -6.58 -6.59 -6.65 -6.64 -6.66 -6.65 -6.67 -6.69 -6.71 -6.71 -6.71 -6.72 -6.72 -6.69 -6.74 -6.71 -6.66 -6.69 -6.67 -6.67 -6.65 -6.69 -6.72 -6.70 -6.69 -6.61 -6.63 -6.67 -6.68 -6.64 -6.68 -6.71 -6.73 -6.75 -6.80
