utils/5a01f6d0e4b0531197b72cfe/64077140d34e76f5f75e388f/6418cab4d34eb496d1d1d708/ew22_dem_5m.asc
ncols	1033
nrows	509
xllcorner	294850.000
yllcorner	129875.000
cellsize	5.000
NODATA_value	-9999.000
[rows 279 to 309 of 509, columns 136 to 203 of 1033]
-16.33 -16.29 -16.35 -16.35 -16.40 -16.38 -16.34 -16.28 -16.31 -16.27 -16.25 -16.23 -16.17 -16.17 -16.15 -16.14 -16.16 -16.12 -16.11 -16.08 -16.07 -16.06 -16.04 -16.01 -15.98 -15.94 -15.92 -15.88 -15.85 -15.82 -15.76 -15.71 -15.69 -15.65 -15.62 -15.58 -15.57 -15.52 -15.50 -15.49 -15.43 -15.43 -15.37 -15.34 -15.31 -15.29 -15.27 -15.24 -15.20 -15.17 -15.16 -15.08 -15.04 -14.97 -14.93 -14.87 -14.83 -14.79 -14.75 -14.70 -14.65 -14.60 -14.55 -14.51 -14.52 -14.44 -14.42 -14.37
-16.14 -16.20 -16.23 -16.25 -16.31 -16.30 -16.24 -16.26 -16.22 -16.20 -16.17 -16.13 -16.12 -16.08 -16.06 -16.08 -16.02 -16.03 -15.99 -15.99 -15.98 -15.97 -15.97 -15.94 -15.90 -15.89 -15.84 -15.82 -15.78 -15.74 -15.67 -15.66 -15.63 -15.60 -15.56 -15.54 -15.50 -15.48 -15.45 -15.40 -15.40 -15.35 -15.32 -15.29 -15.27 -15.24 -15.21 -15.18 -15.15 -15.13 -15.06 -15.04 -14.96 -14.92 -14.87 -14.83 -14.79 -14.75 -14.70 -14.64 -14.59 -14.53 -14.49 -14.49 -14.43 -14.41 -14.36 -14.26
-16.05 -16.07 -16.10 -16.16 -16.15 -16.16 -16.21 -16.19 -16.15 -16.11 -16.08 -16.06 -16.03 -16.01 -16.01 -15.93 -15.96 -15.91 -15.92 -15.90 -15.88 -15.88 -15.88 -15.85 -15.85 -15.80 -15.78 -15.75 -15.71 -15.64 -15.63 -15.59 -15.57 -15.54 -15.51 -15.47 -15.45 -15.42 -15.38 -15.38 -15.33 -15.30 -15.28 -15.24 -15.22 -15.19 -15.16 -15.13 -15.11 -15.04 -15.02 -14.94 -14.92 -14.88 -14.83 -14.79 -14.75 -14.69 -14.63 -14.57 -14.52 -14.48 -14.47 -14.41 -14.39 -14.35 -14.25 -14.16
-15.93 -15.97 -15.99 -15.98 -16.01 -16.06 -16.11 -16.10 -16.03 -16.04 -16.00 -15.97 -15.95 -15.95 -15.88 -15.89 -15.84 -15.84 -15.82 -15.80 -15.80 -15.81 -15.78 -15.80 -15.77 -15.74 -15.72 -15.69 -15.62 -15.61 -15.56 -15.53 -15.51 -15.48 -15.45 -15.44 -15.39 -15.36 -15.35 -15.31 -15.28 -15.26 -15.23 -15.20 -15.17 -15.15 -15.12 -15.09 -15.03 -15.00 -14.93 -14.91 -14.87 -14.83 -14.79 -14.74 -14.68 -14.62 -14.56 -14.51 -14.46 -14.45 -14.40 -14.37 -14.34 -14.25 -14.16 -14.09
-15.80 -15.83 -15.84 -15.86 -15.91 -15.93 -15.94 -15.91 -16.00 -15.93 -15.90 -15.88 -15.87 -15.83 -15.81 -15.77 -15.76 -15.74 -15.72 -15.72 -15.74 -15.71 -15.73 -15.70 -15.69 -15.69 -15.66 -15.59 -15.58 -15.53 -15.49 -15.48 -15.46 -15.43 -15.42 -15.36 -15.33 -15.32 -15.28 -15.25 -15.24 -15.21 -15.18 -15.14 -15.13 -15.10 -15.07 -15.01 -14.97 -14.92 -14.89 -14.86 -14.80 -14.77 -14.73 -14.67 -14.61 -14.55 -14.50 -14.45 -14.42 -14.38 -14.35 -14.32 -14.25 -14.16 -14.10 -14.04
-15.54 -15.65 -15.71 -15.75 -15.76 -15.77 -15.73 -15.77 -15.81 -15.84 -15.82 -15.79 -15.77 -15.74 -15.70 -15.70 -15.67 -15.63 -15.64 -15.67 -15.64 -15.65 -15.63 -15.61 -15.62 -15.61 -15.56 -15.55 -15.50 -15.45 -15.45 -15.43 -15.41 -15.39 -15.34 -15.30 -15.29 -15.26 -15.23 -15.21 -15.19 -15.16 -15.11 -15.09 -15.07 -15.03 -15.00 -14.95 -14.91 -14.88 -14.84 -14.77 -14.74 -14.70 -14.65 -14.60 -14.54 -14.48 -14.43 -14.40 -14.36 -14.34 -14.30 -14.25 -14.17 -14.12 -14.05 -14.00
-15.17 -15.34 -15.58 -15.58 -15.58 -15.55 -15.54 -15.65 -15.66 -15.72 -15.74 -15.71 -15.66 -15.64 -15.63 -15.61 -15.57 -15.57 -15.59 -15.57 -15.57 -15.56 -15.54 -15.54 -15.53 -15.51 -15.52 -15.47 -15.42 -15.42 -15.41 -15.38 -15.36 -15.31 -15.28 -15.26 -15.24 -15.22 -15.19 -15.16 -15.13 -15.09 -15.06 -15.03 -15.00 -14.97 -14.93 -14.90 -14.87 -14.83 -14.74 -14.71 -14.66 -14.62 -14.57 -14.52 -14.47 -14.42 -14.38 -14.34 -14.32 -14.28 -14.26 -14.17 -14.14 -14.08 -14.00 -13.99
-14.84 -15.10 -15.25 -15.39 -15.41 -15.31 -15.48 -15.51 -15.59 -15.61 -15.62 -15.58 -15.58 -15.57 -15.55 -15.50 -15.50 -15.51 -15.50 -15.49 -15.49 -15.47 -15.47 -15.45 -15.43 -15.44 -15.41 -15.39 -15.39 -15.38 -15.36 -15.33 -15.30 -15.26 -15.24 -15.22 -15.19 -15.17 -15.13 -15.11 -15.07 -15.04 -15.00 -14.96 -14.94 -14.89 -14.86 -14.84 -14.81 -14.71 -14.68 -14.63 -14.59 -14.55 -14.50 -14.47 -14.40 -14.35 -14.32 -14.31 -14.25 -14.24 -14.17 -14.14 -14.07 -14.01 -14.00 -13.95
-14.64 -14.84 -15.03 -15.15 -15.08 -15.29 -15.35 -15.43 -15.49 -15.50 -15.49 -15.49 -15.50 -15.48 -15.44 -15.42 -15.43 -15.43 -15.42 -15.42 -15.39 -15.39 -15.39 -15.37 -15.37 -15.35 -15.32 -15.33 -15.34 -15.33 -15.31 -15.28 -15.25 -15.21 -15.19 -15.17 -15.14 -15.11 -15.09 -15.05 -15.01 -14.98 -14.93 -14.89 -14.86 -14.84 -14.80 -14.78 -14.68 -14.65 -14.59 -14.56 -14.53 -14.49 -14.47 -14.39 -14.35 -14.31 -14.29 -14.24 -14.22 -14.17 -14.14 -14.08 -14.03 -14.00 -13.95 -13.90
-14.43 -14.66 -14.81 -14.83 -15.07 -15.17 -15.20 -15.36 -15.38 -15.38 -15.39 -15.41 -15.42 -15.39 -15.35 -15.35 -15.35 -15.35 -15.35 -15.33 -15.33 -15.31 -15.31 -15.30 -15.28 -15.26 -15.27 -15.28 -15.28 -15.27 -15.24 -15.23 -15.19 -15.17 -15.14 -15.10 -15.08 -15.06 -15.01 -14.98 -14.96 -14.91 -14.85 -14.83 -14.80 -14.76 -14.74 -14.65 -14.62 -14.57 -14.53 -14.51 -14.47 -14.46 -14.39 -14.35 -14.31 -14.28 -14.23 -14.21 -14.17 -14.13 -14.08 -14.04 -14.00 -13.96 -13.91 -13.87
-14.45 -14.46 -14.58 -14.80 -14.93 -14.98 -15.21 -15.27 -15.27 -15.28 -15.33 -15.34 -15.33 -15.30 -15.29 -15.28 -15.28 -15.27 -15.27 -15.26 -15.25 -15.27 -15.24 -15.22 -15.20 -15.22 -15.23 -15.22 -15.22 -15.20 -15.20 -15.17 -15.14 -15.11 -15.07 -15.06 -15.03 -14.98 -14.96 -14.94 -14.88 -14.81 -14.80 -14.76 -14.72 -14.69 -14.63 -14.60 -14.56 -14.52 -14.50 -14.45 -14.46 -14.38 -14.36 -14.30 -14.29 -14.24 -14.20 -14.17 -14.13 -14.08 -14.05 -14.01 -13.97 -13.92 -13.87 -13.84
-14.45 -14.41 -14.53 -14.70 -14.76 -14.99 -15.07 -15.13 -15.19 -15.23 -15.26 -15.27 -15.25 -15.24 -15.22 -15.22 -15.21 -15.20 -15.20 -15.19 -15.21 -15.19 -15.16 -15.14 -15.16 -15.17 -15.17 -15.17 -15.15 -15.14 -15.12 -15.11 -15.09 -15.05 -15.03 -15.00 -14.95 -14.93 -14.91 -14.86 -14.80 -14.77 -14.73 -14.66 -14.65 -14.62 -14.59 -14.56 -14.53 -14.49 -14.45 -14.46 -14.38 -14.36 -14.30 -14.29 -14.25 -14.20 -14.17 -14.13 -14.10 -14.08 -14.01 -13.97 -13.92 -13.88 -13.85 -13.80
-14.46 -14.47 -14.51 -14.55 -14.77 -14.87 -14.97 -15.02 -15.09 -15.17 -15.21 -15.20 -15.20 -15.17 -15.17 -15.15 -15.14 -15.14 -15.13 -15.16 -15.13 -15.11 -15.09 -15.11 -15.12 -15.11 -15.11 -15.10 -15.09 -15.07 -15.06 -15.05 -15.01 -15.00 -14.97 -14.92 -14.90 -14.88 -14.84 -14.78 -14.76 -14.72 -14.65 -14.60 -14.61 -14.57 -14.55 -14.53 -14.49 -14.46 -14.46 -14.39 -14.37 -14.29 -14.28 -14.26 -14.20 -14.16 -14.13 -14.12 -14.07 -14.01 -13.98 -13.93 -13.89 -13.86 -13.81 -13.77
-14.47 -14.49 -14.46 -14.56 -14.67 -14.81 -14.86 -14.91 -15.00 -15.08 -15.14 -15.14 -15.13 -15.12 -15.11 -15.08 -15.09 -15.09 -15.10 -15.07 -15.05 -15.05 -15.07 -15.06 -15.06 -15.06 -15.05 -15.04 -15.03 -15.01 -15.00 -14.97 -14.95 -14.93 -14.89 -14.87 -14.85 -14.81 -14.78 -14.76 -14.70 -14.65 -14.60 -14.59 -14.56 -14.55 -14.52 -14.50 -14.46 -14.45 -14.39 -14.37 -14.30 -14.28 -14.27 -14.21 -14.15 -14.14 -14.12 -14.06 -14.01 -13.99 -13.94 -13.91 -13.86 -13.82 -13.78 -13.73
-14.46 -14.44 -14.48 -14.51 -14.64 -14.70 -14.73 -14.82 -14.90 -14.96 -15.03 -15.09 -15.09 -15.06 -15.04 -15.04 -15.05 -15.05 -15.02 -15.00 -15.00 -15.01 -15.01 -15.02 -15.01 -15.01 -14.98 -14.98 -14.96 -14.94 -14.92 -14.91 -14.89 -14.85 -14.84 -14.83 -14.79 -14.77 -14.75 -14.70 -14.65 -14.62 -14.59 -14.56 -14.54 -14.52 -14.50 -14.47 -14.44 -14.40 -14.37 -14.31 -14.27 -14.25 -14.21 -14.15 -14.17 -14.12 -14.05 -14.03 -13.99 -13.96 -13.92 -13.88 -13.83 -13.80 -13.74 -13.71
-14.38 -14.39 -14.42 -14.47 -14.52 -14.56 -14.62 -14.71 -14.79 -14.86 -14.95 -15.01 -15.02 -15.00 -14.99 -15.00 -14.98 -14.95 -14.94 -14.96 -14.96 -14.97 -14.97 -14.95 -14.96 -14.93 -14.93 -14.91 -14.89 -14.87 -14.86 -14.84 -14.81 -14.79 -14.80 -14.77 -14.76 -14.73 -14.69 -14.65 -14.62 -14.58 -14.56 -14.54 -14.52 -14.49 -14.47 -14.43 -14.41 -14.38 -14.31 -14.27 -14.25 -14.21 -14.15 -14.16 -14.11 -14.05 -14.05 -14.00 -13.98 -13.93 -13.90 -13.85 -13.82 -13.75 -13.73 -13.69
-14.32 -14.31 -14.28 -14.34 -14.41 -14.46 -14.51 -14.61 -14.70 -14.80 -14.85 -14.91 -14.95 -14.95 -14.95 -14.91 -14.90 -14.90 -14.92 -14.91 -14.92 -14.92 -14.89 -14.90 -14.88 -14.89 -14.89 -14.83 -14.82 -14.81 -14.79 -14.77 -14.75 -14.77 -14.74 -14.72 -14.69 -14.68 -14.66 -14.62 -14.58 -14.55 -14.55 -14.52 -14.48 -14.46 -14.42 -14.42 -14.38 -14.32 -14.27 -14.24 -14.21 -14.15 -14.15 -14.11 -14.05 -14.06 -14.00 -13.99 -13.95 -13.92 -13.87 -13.83 -13.78 -13.76 -13.71 -13.64
-14.19 -14.09 -14.21 -14.31 -14.41 -14.41 -14.45 -14.55 -14.64 -14.70 -14.79 -14.82 -14.88 -14.89 -14.85 -14.87 -14.87 -14.89 -14.87 -14.87 -14.88 -14.84 -14.85 -14.83 -14.86 -14.84 -14.81 -14.80 -14.78 -14.76 -14.71 -14.72 -14.73 -14.68 -14.67 -14.64 -14.63 -14.62 -14.61 -14.57 -14.55 -14.55 -14.52 -14.47 -14.45 -14.42 -14.41 -14.37 -14.33 -14.26 -14.24 -14.21 -14.15 -14.16 -14.10 -14.05 -14.05 -14.00 -14.01 -13.97 -13.94 -13.89 -13.85 -13.80 -13.77 -13.73 -13.65 -13.58
-14.08 -14.14 -14.25 -14.34 -14.34 -14.37 -14.43 -14.49 -14.57 -14.65 -14.73 -14.79 -14.81 -14.79 -14.82 -14.84 -14.84 -14.83 -14.82 -14.82 -14.78 -14.79 -14.79 -14.79 -14.79 -14.78 -14.78 -14.77 -14.74 -14.67 -14.70 -14.70 -14.64 -14.63 -14.60 -14.59 -14.57 -14.56 -14.54 -14.54 -14.55 -14.51 -14.46 -14.44 -14.41 -14.39 -14.36 -14.31 -14.26 -14.23 -14.21 -14.16 -14.15 -14.11 -14.05 -14.05 -14.00 -14.01 -13.97 -13.96 -13.91 -13.86 -13.83 -13.78 -13.75 -13.67 -13.59 -13.54
-14.16 -14.25 -14.27 -14.27 -14.26 -14.32 -14.38 -14.47 -14.51 -14.65 -14.70 -14.75 -14.74 -14.76 -14.81 -14.79 -14.79 -14.78 -14.77 -14.72 -14.74 -14.74 -14.74 -14.75 -14.77 -14.78 -14.75 -14.72 -14.67 -14.68 -14.68 -14.61 -14.61 -14.57 -14.55 -14.53 -14.53 -14.51 -14.51 -14.53 -14.49 -14.45 -14.43 -14.40 -14.37 -14.35 -14.31 -14.27 -14.23 -14.21 -14.16 -14.15 -14.12 -14.05 -14.05 -14.00 -14.02 -13.99 -13.97 -13.92 -13.88 -13.85 -13.79 -13.77 -13.69 -13.60 -13.55 -13.52
-14.22 -14.25 -14.21 -14.17 -14.22 -14.29 -14.34 -14.39 -14.53 -14.59 -14.69 -14.71 -14.71 -14.75 -14.74 -14.75 -14.73 -14.72 -14.67 -14.68 -14.68 -14.70 -14.70 -14.74 -14.76 -14.74 -14.72 -14.66 -14.65 -14.64 -14.58 -14.58 -14.53 -14.52 -14.49 -14.49 -14.47 -14.48 -14.50 -14.47 -14.42 -14.42 -14.40 -14.35 -14.35 -14.30 -14.27 -14.23 -14.21 -14.16 -14.15 -14.12 -14.06 -14.04 -14.01 -14.02 -14.00 -13.97 -13.93 -13.89 -13.87 -13.80 -13.78 -13.70 -13.60 -13.57 -13.53 -13.49
-14.22 -14.13 -14.14 -14.16 -14.18 -14.22 -14.28 -14.36 -14.42 -14.54 -14.63 -14.66 -14.71 -14.69 -14.69 -14.68 -14.67 -14.61 -14.62 -14.63 -14.63 -14.65 -14.66 -14.70 -14.71 -14.70 -14.65 -14.63 -14.61 -14.56 -14.56 -14.51 -14.49 -14.45 -14.46 -14.44 -14.45 -14.48 -14.44 -14.38 -14.38 -14.37 -14.33 -14.34 -14.29 -14.27 -14.23 -14.20 -14.16 -14.14 -14.12 -14.06 -14.04 -14.01 -14.02 -14.01 -13.97 -13.94 -13.90 -13.87 -13.81 -13.79 -13.72 -13.61 -13.59 -13.56 -13.50 -13.44
-14.08 -14.09 -14.11 -14.09 -14.11 -14.15 -14.19 -14.24 -14.33 -14.46 -14.54 -14.64 -14.64 -14.63 -14.63 -14.64 -14.57 -14.56 -14.58 -14.57 -14.59 -14.59 -14.63 -14.64 -14.66 -14.62 -14.62 -14.57 -14.54 -14.54 -14.49 -14.47 -14.42 -14.41 -14.39 -14.42 -14.45 -14.41 -14.34 -14.33 -14.33 -14.30 -14.32 -14.29 -14.27 -14.22 -14.20 -14.16 -14.13 -14.11 -14.06 -14.04 -14.01 -14.02 -14.01 -13.97 -13.94 -13.90 -13.86 -13.82 -13.79 -13.73 -13.62 -13.61 -13.58 -13.51 -13.44 -13.38
-14.02 -14.01 -14.02 -14.04 -14.06 -14.05 -14.06 -14.14 -14.29 -14.39 -14.52 -14.56 -14.55 -14.59 -14.59 -14.57 -14.54 -14.53 -14.51 -14.53 -14.53 -14.56 -14.57 -14.60 -14.57 -14.56 -14.53 -14.51 -14.52 -14.46 -14.44 -14.40 -14.37 -14.36 -14.38 -14.43 -14.37 -14.30 -14.29 -14.30 -14.27 -14.27 -14.26 -14.24 -14.21 -14.19 -14.16 -14.13 -14.11 -14.06 -14.05 -14.02 -14.01 -14.01 -13.97 -13.94 -13.90 -13.85 -13.82 -13.79 -13.73 -13.65 -13.62 -13.60 -13.52 -13.45 -13.39 -13.33
-13.93 -13.94 -13.96 -13.96 -13.96 -13.96 -13.98 -14.12 -14.25 -14.38 -14.47 -14.46 -14.50 -14.54 -14.56 -14.52 -14.50 -14.48 -14.51 -14.49 -14.49 -14.50 -14.53 -14.53 -14.52 -14.49 -14.48 -14.48 -14.43 -14.40 -14.38 -14.35 -14.34 -14.34 -14.37 -14.33 -14.27 -14.26 -14.26 -14.23 -14.24 -14.22 -14.22 -14.19 -14.16 -14.15 -14.12 -14.10 -14.06 -14.04 -14.03 -14.00 -13.99 -13.96 -13.92 -13.89 -13.83 -13.82 -13.78 -13.74 -13.68 -13.64 -13.61 -13.56 -13.49 -13.45 -13.38 -13.30
-13.88 -13.87 -13.87 -13.86 -13.88 -13.89 -13.98 -14.10 -14.23 -14.35 -14.36 -14.40 -14.47 -14.50 -14.49 -14.46 -14.45 -14.48 -14.47 -14.45 -14.45 -14.45 -14.47 -14.48 -14.46 -14.46 -14.44 -14.42 -14.38 -14.35 -14.29 -14.31 -14.29 -14.32 -14.28 -14.24 -14.21 -14.20 -14.20 -14.21 -14.20 -14.20 -14.16 -14.13 -14.09 -14.08 -14.08 -14.07 -14.04 -14.04 -13.99 -13.97 -13.95 -13.91 -13.88 -13.83 -13.82 -13.78 -13.74 -13.70 -13.65 -13.61 -13.57 -13.52 -13.47 -13.40 -13.34 -13.27
-13.81 -13.79 -13.76 -13.78 -13.79 -13.86 -13.93 -14.04 -14.20 -14.27 -14.31 -14.41 -14.43 -14.43 -14.42 -14.42 -14.43 -14.43 -14.43 -14.40 -14.42 -14.43 -14.43 -14.43 -14.42 -14.40 -14.39 -14.35 -14.32 -14.25 -14.28 -14.26 -14.27 -14.25 -14.21 -14.18 -14.14 -14.15 -14.16 -14.17 -14.19 -14.12 -14.10 -14.06 -14.01 -14.00 -14.02 -14.03 -14.05 -13.97 -13.96 -13.94 -13.89 -13.87 -13.83 -13.81 -13.78 -13.75 -13.71 -13.67 -13.61 -13.57 -13.52 -13.47 -13.41 -13.36 -13.31 -13.26
-13.74 -13.71 -13.70 -13.65 -13.71 -13.77 -13.85 -13.97 -14.07 -14.19 -14.35 -14.36 -14.37 -14.37 -14.37 -14.38 -14.40 -14.40 -14.38 -14.38 -14.39 -14.38 -14.37 -14.36 -14.37 -14.36 -14.32 -14.29 -14.22 -14.22 -14.22 -14.22 -14.21 -14.18 -14.15 -14.12 -14.08 -14.07 -14.10 -14.17 -14.09 -14.06 -14.02 -13.98 -13.94 -13.93 -13.95 -13.99 -13.95 -13.94 -13.92 -13.88 -13.86 -13.81 -13.80 -13.78 -13.74 -13.71 -13.70 -13.63 -13.59 -13.52 -13.46 -13.43 -13.36 -13.32 -13.28 -13.22
-13.68 -13.66 -13.60 -13.60 -13.59 -13.63 -13.74 -13.82 -13.99 -14.22 -14.27 -14.32 -14.33 -14.31 -14.31 -14.33 -14.35 -14.35 -14.33 -14.34 -14.34 -14.33 -14.32 -14.32 -14.32 -14.29 -14.26 -14.19 -14.16 -14.17 -14.17 -14.17 -14.16 -14.12 -14.09 -14.05 -14.02 -14.00 -14.01 -14.04 -14.06 -14.02 -13.97 -13.92 -13.87 -13.87 -13.88 -13.87 -13.90 -13.90 -13.87 -13.85 -13.80 -13.80 -13.76 -13.74 -13.70 -13.69 -13.64 -13.60 -13.53 -13.46 -13.42 -13.36 -13.32 -13.29 -13.24 -13.19
-13.62 -13.59 -13.58 -13.51 -13.45 -13.52 -13.56 -13.78 -14.05 -14.14 -14.22 -14.26 -14.26 -14.25 -14.25 -14.27 -14.28 -14.28 -14.30 -14.30 -14.29 -14.28 -14.28 -14.27 -14.25 -14.22 -14.16 -14.11 -14.12 -14.13 -14.12 -14.11 -14.09 -14.05 -14.03 -14.02 -13.97 -13.92 -13.97 -13.98 -13.98 -13.98 -13.94 -13.90 -13.85 -13.78 -13.78 -13.82 -13.82 -13.80 -13.83 -13.79 -13.79 -13.76 -13.73 -13.69 -13.68 -13.64 -13.60 -13.53 -13.47 -13.42 -13.36 -13.32 -13.29 -13.24 -13.19 -13.13
-13.58 -13.55 -13.51 -13.47 -13.44 -13.33 -13.57 -13.89 -14.01 -14.12 -14.16 -14.17 -14.18 -14.18 -14.19 -14.21 -14.23 -14.23 -14.25 -14.24 -14.25 -14.23 -14.23 -14.22 -14.18 -14.12 -14.07 -14.07 -14.09 -14.06 -14.06 -14.04 -14.03 -14.06 -14.01 -13.96 -13.94 -13.90 -13.90 -13.91 -13.92 -13.92 -13.93 -13.85 -13.81 -13.75 -13.74 -13.74 -13.71 -13.74 -13.74 -13.77 -13.75 -13.72 -13.69 -13.67 -13.64 -13.58 -13.53 -13.49 -13.42 -13.36 -13.33 -13.28 -13.25 -13.19 -13.13 -13.08
