utils/5a01f6d0e4b0531197b72cfe/64077140d34e76f5f75e388f/6418cab4d34eb496d1d1d708/ew22_dem_5m.asc
ncols	1033
nrows	509
xllcorner	294850.000
yllcorner	129875.000
cellsize	5.000
NODATA_value	-9999.000
[rows 279 to 309 of 509, columns 816 to 883 of 1033]
-2.22 -2.33 -2.49 -2.68 -2.80 -2.92 -3.05 -3.17 -3.26 -3.37 -3.45 -3.53 -3.55 -3.63 -3.71 -3.82 -3.93 -4.02 -4.06 -4.11 -4.18 -4.22 -4.29 -4.42 -4.43 -4.51 -4.58 -4.61 -4.70 -4.68 -4.76 -4.75 -4.89 -4.95 -4.97 -4.99 -5.05 -5.15 -5.15 -5.20 -5.22 -5.28 -5.34 -5.40 -5.42 -5.50 -5.52 -5.56 -5.56 -5.63 -5.72 -5.74 -5.79 -5.81 -5.87 -5.92 -5.96 -6.00 -6.03 -6.07 -6.10 -6.14 -6.18 -6.21 -6.26 -6.29 -6.31 -6.34
-2.10 -2.18 -2.32 -2.46 -2.65 -2.77 -2.89 -3.02 -3.16 -3.23 -3.35 -3.43 -3.52 -3.53 -3.61 -3.69 -3.80 -3.90 -4.00 -4.09 -4.08 -4.16 -4.24 -4.30 -4.42 -4.43 -4.51 -4.57 -4.61 -4.69 -4.71 -4.73 -4.78 -4.90 -4.94 -4.96 -5.01 -5.07 -5.14 -5.16 -5.20 -5.23 -5.29 -5.35 -5.41 -5.45 -5.50 -5.52 -5.56 -5.58 -5.61 -5.73 -5.75 -5.80 -5.83 -5.88 -5.93 -5.97 -6.02 -6.04 -6.08 -6.11 -6.15 -6.17 -6.21 -6.27 -6.29 -6.32
-1.96 -2.05 -2.16 -2.31 -2.44 -2.61 -2.73 -2.87 -2.99 -3.10 -3.22 -3.34 -3.40 -3.52 -3.50 -3.59 -3.66 -3.77 -3.89 -3.93 -4.06 -4.08 -4.18 -4.25 -4.32 -4.42 -4.43 -4.51 -4.57 -4.62 -4.67 -4.73 -4.71 -4.83 -4.90 -4.91 -4.95 -5.02 -5.07 -5.15 -5.16 -5.19 -5.24 -5.30 -5.36 -5.42 -5.47 -5.50 -5.52 -5.58 -5.57 -5.66 -5.74 -5.76 -5.81 -5.85 -5.89 -5.95 -5.99 -6.03 -6.05 -6.09 -6.12 -6.15 -6.18 -6.22 -6.27 -6.29
-1.80 -1.91 -2.03 -2.13 -2.29 -2.43 -2.57 -2.71 -2.84 -2.96 -3.10 -3.21 -3.32 -3.39 -3.50 -3.48 -3.57 -3.64 -3.75 -3.85 -3.93 -4.03 -4.08 -4.18 -4.22 -4.33 -4.40 -4.43 -4.51 -4.56 -4.63 -4.64 -4.73 -4.70 -4.84 -4.93 -4.93 -4.96 -5.02 -5.07 -5.17 -5.17 -5.19 -5.25 -5.31 -5.37 -5.43 -5.49 -5.50 -5.52 -5.59 -5.60 -5.69 -5.75 -5.77 -5.82 -5.87 -5.90 -5.96 -6.00 -6.05 -6.06 -6.10 -6.13 -6.16 -6.18 -6.23 -6.27
-1.65 -1.76 -1.89 -2.01 -2.12 -2.27 -2.44 -2.54 -2.70 -2.81 -2.94 -3.09 -3.18 -3.30 -3.39 -3.48 -3.46 -3.56 -3.64 -3.75 -3.86 -3.94 -4.03 -4.11 -4.18 -4.25 -4.34 -4.39 -4.42 -4.51 -4.56 -4.63 -4.66 -4.69 -4.68 -4.84 -4.92 -4.95 -4.96 -5.02 -5.07 -5.18 -5.18 -5.20 -5.26 -5.32 -5.36 -5.42 -5.50 -5.50 -5.53 -5.60 -5.59 -5.71 -5.76 -5.78 -5.83 -5.88 -5.92 -5.97 -6.02 -6.06 -6.08 -6.12 -6.13 -6.17 -6.19 -6.25
-1.51 -1.62 -1.74 -1.87 -1.99 -2.10 -2.25 -2.42 -2.51 -2.67 -2.78 -2.91 -3.06 -3.17 -3.28 -3.39 -3.46 -3.48 -3.57 -3.65 -3.75 -3.86 -3.95 -4.04 -4.12 -4.18 -4.25 -4.35 -4.39 -4.43 -4.50 -4.55 -4.64 -4.68 -4.66 -4.72 -4.86 -4.91 -4.97 -4.96 -5.03 -5.07 -5.19 -5.19 -5.22 -5.29 -5.33 -5.36 -5.44 -5.50 -5.52 -5.55 -5.59 -5.61 -5.72 -5.77 -5.80 -5.85 -5.89 -5.94 -5.98 -6.03 -6.07 -6.09 -6.14 -6.14 -6.16 -6.19
-1.38 -1.48 -1.60 -1.72 -1.85 -1.97 -2.08 -2.22 -2.40 -2.50 -2.65 -2.76 -2.90 -3.04 -3.15 -3.23 -3.40 -3.46 -3.49 -3.58 -3.66 -3.76 -3.86 -3.98 -4.04 -4.13 -4.19 -4.25 -4.36 -4.39 -4.43 -4.50 -4.55 -4.61 -4.69 -4.64 -4.78 -4.86 -4.89 -4.97 -4.97 -5.01 -5.07 -5.20 -5.19 -5.21 -5.30 -5.34 -5.39 -5.45 -5.51 -5.54 -5.57 -5.58 -5.63 -5.73 -5.78 -5.81 -5.86 -5.91 -5.95 -5.99 -6.04 -6.09 -6.10 -6.14 -6.15 -6.16
-1.23 -1.35 -1.46 -1.58 -1.70 -1.82 -1.95 -2.06 -2.19 -2.38 -2.48 -2.63 -2.74 -2.88 -3.02 -3.20 -3.24 -3.40 -3.47 -3.49 -3.59 -3.67 -3.76 -3.86 -3.99 -4.05 -4.13 -4.21 -4.26 -4.35 -4.39 -4.43 -4.50 -4.56 -4.61 -4.66 -4.62 -4.79 -4.88 -4.90 -4.97 -4.97 -5.01 -5.11 -5.17 -5.19 -5.24 -5.30 -5.35 -5.40 -5.46 -5.52 -5.55 -5.58 -5.60 -5.65 -5.75 -5.79 -5.82 -5.87 -5.92 -5.97 -6.01 -6.06 -6.10 -6.12 -6.14 -6.15
-1.10 -1.20 -1.32 -1.44 -1.56 -1.68 -1.81 -1.93 -2.05 -2.18 -2.35 -2.47 -2.60 -2.72 -2.84 -3.03 -3.15 -3.25 -3.40 -3.45 -3.50 -3.60 -3.68 -3.76 -3.86 -3.99 -4.06 -4.15 -4.18 -4.26 -4.35 -4.39 -4.44 -4.50 -4.56 -4.63 -4.61 -4.63 -4.79 -4.89 -4.88 -4.92 -5.00 -5.02 -5.14 -5.16 -5.20 -5.27 -5.31 -5.36 -5.41 -5.47 -5.52 -5.54 -5.58 -5.61 -5.67 -5.76 -5.80 -5.83 -5.88 -5.94 -5.98 -6.02 -6.07 -6.10 -6.14 -6.14
-0.97 -1.06 -1.17 -1.30 -1.42 -1.54 -1.66 -1.79 -1.91 -2.03 -2.18 -2.32 -2.43 -2.58 -2.73 -2.85 -3.04 -3.13 -3.25 -3.40 -3.44 -3.51 -3.61 -3.69 -3.75 -3.87 -3.99 -4.06 -4.15 -4.21 -4.27 -4.35 -4.39 -4.45 -4.50 -4.56 -4.66 -4.59 -4.68 -4.81 -4.85 -4.88 -4.96 -5.00 -5.06 -5.17 -5.18 -5.20 -5.28 -5.32 -5.38 -5.42 -5.48 -5.53 -5.55 -5.59 -5.62 -5.69 -5.77 -5.81 -5.84 -5.90 -5.95 -5.99 -6.04 -6.09 -6.10 -6.16
-0.84 -0.91 -1.03 -1.15 -1.28 -1.40 -1.52 -1.64 -1.77 -1.89 -2.01 -2.22 -2.32 -2.44 -2.59 -2.74 -2.89 -3.05 -3.13 -3.26 -3.40 -3.42 -3.51 -3.62 -3.70 -3.75 -3.87 -3.98 -4.07 -4.16 -4.22 -4.28 -4.36 -4.38 -4.46 -4.50 -4.56 -4.55 -4.50 -4.71 -4.82 -4.87 -4.91 -4.98 -5.01 -5.07 -5.18 -5.18 -5.24 -5.29 -5.34 -5.39 -5.44 -5.49 -5.53 -5.55 -5.59 -5.64 -5.71 -5.79 -5.82 -5.85 -5.91 -5.97 -6.01 -6.05 -6.09 -6.11
-0.73 -0.77 -0.89 -1.01 -1.13 -1.26 -1.38 -1.50 -1.62 -1.75 -1.90 -2.06 -2.16 -2.30 -2.45 -2.60 -2.75 -2.92 -3.06 -3.11 -3.26 -3.40 -3.42 -3.52 -3.63 -3.71 -3.76 -3.87 -3.96 -4.08 -4.15 -4.22 -4.28 -4.38 -4.38 -4.46 -4.50 -4.53 -4.56 -4.58 -4.74 -4.83 -4.88 -4.93 -4.99 -5.02 -5.09 -5.16 -5.19 -5.24 -5.31 -5.36 -5.40 -5.46 -5.50 -5.53 -5.57 -5.61 -5.66 -5.73 -5.80 -5.83 -5.86 -5.92 -5.98 -6.02 -6.06 -6.08
-0.56 -0.68 -0.73 -0.85 -0.99 -1.11 -1.23 -1.35 -1.48 -1.53 -1.75 -1.89 -2.01 -2.16 -2.31 -2.46 -2.61 -2.75 -2.92 -3.10 -3.15 -3.27 -3.40 -3.42 -3.53 -3.65 -3.72 -3.76 -3.87 -3.97 -4.09 -4.15 -4.23 -4.28 -4.38 -4.38 -4.47 -4.51 -4.54 -4.57 -4.66 -4.76 -4.84 -4.89 -4.95 -5.00 -5.02 -5.12 -5.17 -5.21 -5.26 -5.30 -5.37 -5.41 -5.48 -5.51 -5.55 -5.58 -5.64 -5.68 -5.74 -5.81 -5.84 -5.87 -5.93 -5.95 -6.02 -6.05
-0.39 -0.53 -0.63 -0.76 -0.92 -0.99 -1.05 -1.09 -1.34 -1.37 -1.60 -1.73 -1.85 -2.03 -2.18 -2.33 -2.47 -2.62 -2.76 -2.93 -3.05 -3.16 -3.28 -3.40 -3.43 -3.53 -3.65 -3.73 -3.77 -3.88 -3.99 -4.10 -4.15 -4.23 -4.31 -4.35 -4.38 -4.48 -4.52 -4.55 -4.52 -4.68 -4.78 -4.85 -4.89 -4.96 -5.00 -5.07 -5.15 -5.17 -5.23 -5.28 -5.32 -5.39 -5.42 -5.49 -5.52 -5.56 -5.58 -5.63 -5.70 -5.76 -5.82 -5.85 -5.90 -5.92 -5.97 -6.03
-0.28 -0.37 -0.49 -0.65 -0.73 -0.80 -0.82 -0.99 -1.18 -1.24 -1.45 -1.57 -1.72 -1.89 -2.04 -2.19 -2.34 -2.49 -2.63 -2.77 -2.94 -3.05 -3.19 -3.28 -3.40 -3.43 -3.54 -3.66 -3.74 -3.78 -3.87 -4.01 -4.12 -4.18 -4.27 -4.29 -4.34 -4.39 -4.50 -4.53 -4.56 -4.57 -4.70 -4.80 -4.87 -4.90 -4.98 -5.01 -5.07 -5.16 -5.18 -5.24 -5.29 -5.33 -5.41 -5.43 -5.50 -5.54 -5.57 -5.58 -5.65 -5.74 -5.77 -5.84 -5.88 -5.90 -5.94 -5.99
-0.18 -0.23 -0.41 -0.50 -0.60 -0.58 -0.74 -0.92 -1.03 -1.14 -1.30 -1.41 -1.58 -1.75 -1.90 -2.05 -2.20 -2.35 -2.50 -2.65 -2.77 -2.95 -3.05 -3.19 -3.29 -3.40 -3.44 -3.55 -3.67 -3.75 -3.78 -3.87 -4.01 -4.11 -4.18 -4.26 -4.31 -4.35 -4.40 -4.51 -4.54 -4.57 -4.64 -4.72 -4.82 -4.88 -4.92 -4.98 -5.02 -5.09 -5.15 -5.21 -5.24 -5.30 -5.35 -5.41 -5.45 -5.53 -5.55 -5.56 -5.59 -5.65 -5.76 -5.81 -5.86 -5.89 -5.92 -5.96
-0.09 -0.16 -0.27 -0.35 -0.36 -0.48 -0.60 -0.77 -0.88 -1.02 -1.14 -1.25 -1.44 -1.61 -1.76 -1.91 -2.06 -2.21 -2.36 -2.51 -2.65 -2.78 -2.96 -3.05 -3.18 -3.29 -3.40 -3.44 -3.55 -3.67 -3.76 -3.79 -3.88 -4.02 -4.11 -4.19 -4.25 -4.32 -4.36 -4.42 -4.52 -4.55 -4.55 -4.66 -4.74 -4.84 -4.89 -4.97 -4.99 -5.02 -5.11 -5.15 -5.22 -5.26 -5.31 -5.38 -5.43 -5.47 -5.54 -5.55 -5.58 -5.65 -5.71 -5.75 -5.83 -5.87 -5.90 -5.93
0.01 -0.09 -0.18 -0.23 -0.30 -0.41 -0.52 -0.63 -0.77 -0.91 -0.99 -1.13 -1.31 -1.47 -1.62 -1.77 -1.92 -2.07 -2.22 -2.37 -2.52 -2.66 -2.78 -2.98 -3.05 -3.17 -3.30 -3.40 -3.44 -3.55 -3.63 -3.74 -3.80 -3.89 -4.03 -4.11 -4.18 -4.25 -4.31 -4.37 -4.43 -4.53 -4.56 -4.57 -4.68 -4.76 -4.85 -4.90 -4.97 -5.00 -5.07 -5.13 -5.18 -5.23 -5.27 -5.31 -5.40 -5.43 -5.49 -5.54 -5.56 -5.61 -5.66 -5.73 -5.79 -5.85 -5.88 -5.92
0.10 -0.01 -0.05 -0.15 -0.25 -0.35 -0.44 -0.51 -0.66 -0.73 -0.88 -0.99 -1.17 -1.34 -1.49 -1.63 -1.78 -1.93 -2.08 -2.23 -2.38 -2.53 -2.67 -2.80 -2.97 -3.05 -3.17 -3.31 -3.39 -3.46 -3.57 -3.65 -3.75 -3.80 -3.90 -4.03 -4.10 -4.21 -4.24 -4.31 -4.38 -4.44 -4.54 -4.57 -4.63 -4.70 -4.78 -4.87 -4.90 -4.97 -5.01 -5.10 -5.14 -5.20 -5.24 -5.28 -5.33 -5.42 -5.46 -5.52 -5.55 -5.58 -5.63 -5.67 -5.76 -5.81 -5.86 -5.89
0.19 0.20 0.08 -0.03 -0.13 -0.18 -0.30 -0.37 -0.45 -0.60 -0.74 -0.83 -1.04 -1.20 -1.35 -1.50 -1.65 -1.80 -1.94 -2.09 -2.24 -2.39 -2.54 -2.67 -2.82 -2.97 -3.05 -3.18 -3.35 -3.40 -3.47 -3.61 -3.68 -3.76 -3.81 -3.93 -4.04 -4.11 -4.20 -4.28 -4.32 -4.40 -4.46 -4.55 -4.58 -4.65 -4.72 -4.80 -4.88 -4.92 -4.98 -5.02 -5.09 -5.14 -5.21 -5.28 -5.30 -5.35 -5.43 -5.47 -5.53 -5.56 -5.59 -5.64 -5.69 -5.77 -5.84 -5.87
0.42 0.40 0.29 0.18 0.11 -0.04 -0.12 -0.26 -0.33 -0.50 -0.56 -0.76 -0.87 -1.06 -1.21 -1.36 -1.51 -1.66 -1.81 -1.96 -2.11 -2.25 -2.40 -2.55 -2.68 -2.84 -2.98 -3.11 -3.19 -3.35 -3.42 -3.49 -3.63 -3.70 -3.76 -3.82 -3.94 -4.04 -4.11 -4.20 -4.29 -4.33 -4.42 -4.47 -4.56 -4.56 -4.67 -4.74 -4.82 -4.89 -4.98 -4.99 -5.03 -5.11 -5.18 -5.24 -5.28 -5.33 -5.36 -5.44 -5.49 -5.55 -5.57 -5.61 -5.66 -5.74 -5.79 -5.86
0.64 0.60 0.50 0.41 0.26 0.13 -0.00 -0.11 -0.24 -0.33 -0.49 -0.61 -0.78 -0.89 -1.02 -1.17 -1.32 -1.47 -1.62 -1.78 -1.95 -2.12 -2.27 -2.41 -2.56 -2.71 -2.86 -2.98 -3.14 -3.22 -3.36 -3.43 -3.50 -3.63 -3.70 -3.77 -3.82 -3.95 -4.03 -4.12 -4.18 -4.28 -4.34 -4.43 -4.49 -4.57 -4.61 -4.68 -4.76 -4.84 -4.90 -4.99 -5.00 -5.06 -5.13 -5.20 -5.25 -5.31 -5.35 -5.38 -5.45 -5.50 -5.56 -5.59 -5.63 -5.68 -5.76 -5.81
0.88 0.81 0.71 0.56 0.41 0.30 0.16 -0.01 -0.14 -0.24 -0.37 -0.47 -0.63 -0.70 -0.83 -1.02 -1.15 -1.28 -1.42 -1.57 -1.71 -1.85 -2.01 -2.19 -2.40 -2.58 -2.74 -2.88 -2.99 -3.16 -3.25 -3.36 -3.44 -3.51 -3.62 -3.69 -3.77 -3.83 -3.95 -4.03 -4.16 -4.20 -4.29 -4.35 -4.44 -4.50 -4.58 -4.63 -4.70 -4.78 -4.86 -4.91 -4.93 -5.01 -5.08 -5.15 -5.21 -5.27 -5.32 -5.36 -5.39 -5.46 -5.52 -5.57 -5.60 -5.64 -5.70 -5.79
1.12 1.02 0.86 0.72 0.56 0.46 0.26 0.05 0.00 -0.15 -0.27 -0.37 -0.45 -0.61 -0.77 -0.90 -1.04 -1.18 -1.28 -1.42 -1.56 -1.69 -1.87 -2.00 -2.21 -2.43 -2.60 -2.77 -2.90 -3.01 -3.14 -3.28 -3.36 -3.44 -3.53 -3.61 -3.69 -3.78 -3.84 -3.97 -4.04 -4.15 -4.25 -4.30 -4.36 -4.45 -4.51 -4.58 -4.65 -4.72 -4.80 -4.84 -4.89 -4.94 -5.03 -5.10 -5.17 -5.23 -5.29 -5.34 -5.38 -5.41 -5.47 -5.53 -5.59 -5.62 -5.66 -5.73
1.44 1.16 1.06 0.88 0.75 0.59 0.44 0.25 0.07 -0.06 -0.14 -0.25 -0.38 -0.47 -0.63 -0.73 -0.86 -0.96 -1.06 -1.23 -1.44 -1.61 -1.75 -1.88 -2.04 -2.25 -2.48 -2.63 -2.78 -2.93 -3.05 -3.16 -3.28 -3.38 -3.46 -3.56 -3.62 -3.70 -3.76 -3.86 -3.96 -4.04 -4.14 -4.25 -4.31 -4.37 -4.47 -4.53 -4.60 -4.67 -4.75 -4.83 -4.86 -4.91 -5.02 -5.05 -5.12 -5.18 -5.24 -5.30 -5.35 -5.39 -5.43 -5.49 -5.55 -5.60 -5.63 -5.68
1.83 1.55 1.18 1.05 0.95 0.78 0.62 0.39 0.18 0.10 -0.04 -0.14 -0.24 -0.37 -0.44 -0.59 -0.77 -0.91 -1.02 -1.23 -1.36 -1.49 -1.63 -1.76 -1.89 -2.09 -2.29 -2.47 -2.66 -2.80 -2.95 -3.07 -3.16 -3.28 -3.39 -3.47 -3.62 -3.64 -3.71 -3.75 -3.87 -3.96 -4.04 -4.13 -4.26 -4.32 -4.38 -4.48 -4.54 -4.60 -4.71 -4.79 -4.83 -4.88 -4.93 -5.01 -5.07 -5.15 -5.20 -5.26 -5.32 -5.37 -5.41 -5.45 -5.51 -5.56 -5.62 -5.66
2.21 1.90 1.52 1.30 1.16 0.96 0.75 0.55 0.38 0.18 0.09 -0.01 -0.14 -0.23 -0.35 -0.49 -0.64 -0.78 -0.88 -1.09 -1.24 -1.37 -1.50 -1.64 -1.77 -1.92 -2.12 -2.32 -2.53 -2.67 -2.83 -2.95 -3.10 -3.19 -3.29 -3.38 -3.47 -3.62 -3.65 -3.72 -3.76 -3.87 -3.96 -4.06 -4.17 -4.27 -4.33 -4.40 -4.46 -4.58 -4.64 -4.72 -4.81 -4.85 -4.90 -4.95 -5.03 -5.10 -5.16 -5.22 -5.28 -5.34 -5.39 -5.42 -5.47 -5.53 -5.58 -5.63
2.69 2.30 1.98 1.67 1.32 1.11 0.93 0.72 0.57 0.39 0.22 0.10 -0.04 -0.16 -0.28 -0.33 -0.45 -0.65 -0.79 -0.98 -1.12 -1.25 -1.38 -1.52 -1.65 -1.78 -1.96 -2.16 -2.35 -2.55 -2.71 -2.85 -2.98 -3.11 -3.22 -3.29 -3.39 -3.48 -3.60 -3.64 -3.73 -3.77 -3.88 -3.97 -4.09 -4.22 -4.27 -4.36 -4.42 -4.55 -4.58 -4.67 -4.75 -4.84 -4.86 -4.91 -5.01 -5.05 -5.12 -5.18 -5.24 -5.29 -5.35 -5.41 -5.43 -5.49 -5.54 -5.59
-9999.00 -9999.00 2.36 2.05 1.68 1.34 1.08 0.95 0.77 0.60 0.36 0.15 0.02 -0.06 -0.15 -0.28 -0.35 -0.57 -0.68 -0.87 -1.01 -1.12 -1.26 -1.39 -1.53 -1.66 -1.79 -1.99 -2.19 -2.38 -2.58 -2.71 -2.87 -2.97 -3.12 -3.22 -3.30 -3.40 -3.49 -3.60 -3.64 -3.74 -3.78 -3.89 -3.97 -4.08 -4.20 -4.32 -4.38 -4.44 -4.56 -4.59 -4.70 -4.78 -4.82 -4.88 -4.93 -5.01 -5.07 -5.13 -5.19 -5.25 -5.31 -5.37 -5.43 -5.43 -5.51 -5.56
-9999.00 -9999.00 -9999.00 2.47 2.05 1.74 1.38 1.14 0.98 0.76 0.50 0.28 0.13 0.03 -0.04 -0.19 -0.27 -0.49 -0.58 -0.76 -0.89 -1.00 -1.14 -1.27 -1.41 -1.54 -1.67 -1.81 -2.03 -2.22 -2.43 -2.60 -2.76 -2.89 -2.96 -3.12 -3.21 -3.31 -3.42 -3.54 -3.58 -3.65 -3.75 -3.82 -3.90 -4.01 -4.12 -4.23 -4.36 -4.41 -4.44 -4.57 -4.62 -4.71 -4.80 -4.85 -4.90 -4.96 -5.02 -5.09 -5.15 -5.21 -5.27 -5.33 -5.39 -5.45 -5.46 -5.52
-9999.00 -9999.00 -9999.00 -9999.00 2.51 2.12 1.77 1.43 1.17 0.94 0.73 0.45 0.14 0.01 0.02 -0.10 -0.19 -0.39 -0.47 -0.65 -0.78 -0.88 -1.01 -1.15 -1.29 -1.42 -1.55 -1.69 -1.86 -2.06 -2.24 -2.47 -2.61 -2.80 -2.91 -3.01 -3.13 -3.21 -3.32 -3.43 -3.60 -3.61 -3.68 -3.78 -3.85 -3.98 -4.04 -4.16 -4.23 -4.38 -4.42 -4.51 -4.57 -4.65 -4.75 -4.83 -4.87 -4.92 -5.01 -5.04 -5.11 -5.17 -5.23 -5.29 -5.35 -5.40 -5.46 -5.49
