utils/5a01f6d0e4b0531197b72cfe/64077140d34e76f5f75e388f/6418cab4d34eb496d1d1d708/ew22_dem_5m.asc
ncols	1033
nrows	509
xllcorner	294850.000
yllcorner	129875.000
cellsize	5.000
NODATA_value	-9999.000
[rows 62 to 92 of 509, columns 544 to 611 of 1033]
-11.35 -11.32 -11.28 -11.24 -11.23 -11.25 -11.28 -11.31 -11.33 -11.34 -11.36 -11.38 -11.39 -11.41 -11.42 -11.43 -11.44 -11.46 -11.46 -11.46 -11.48 -11.49 -11.53 -11.56 -11.59 -11.61 -11.63 -11.67 -11.71 -11.73 -11.77 -11.76 -11.69 -11.62 -11.54 -11.47 -11.39 -11.28 -11.21 -11.18 -11.15 -11.15 -11.17 -11.18 -11.20 -11.19 -11.19 -11.22 -11.20 -11.20 -11.16 -11.18 -11.19 -11.19 -11.20 -11.18 -11.18 -11.16 -11.21 -11.24 -11.27 -11.31 -11.34 -11.30 -11.26 -11.21 -11.17 -11.11
-11.28 -11.24 -11.22 -11.19 -11.17 -11.19 -11.22 -11.24 -11.27 -11.30 -11.32 -11.36 -11.39 -11.40 -11.40 -11.40 -11.39 -11.40 -11.40 -11.40 -11.40 -11.41 -11.46 -11.51 -11.54 -11.58 -11.63 -11.66 -11.71 -11.75 -11.78 -11.74 -11.70 -11.62 -11.54 -11.48 -11.38 -11.29 -11.22 -11.15 -11.15 -11.10 -11.11 -11.09 -11.09 -11.11 -11.13 -11.15 -11.13 -11.12 -11.13 -11.11 -11.09 -11.09 -11.12 -11.17 -11.17 -11.21 -11.21 -11.18 -11.23 -11.26 -11.26 -11.24 -11.22 -11.17 -11.15 -11.09
-11.24 -11.22 -11.19 -11.17 -11.17 -11.20 -11.24 -11.27 -11.30 -11.33 -11.37 -11.40 -11.43 -11.42 -11.41 -11.40 -11.39 -11.37 -11.36 -11.35 -11.35 -11.34 -11.38 -11.42 -11.46 -11.51 -11.54 -11.58 -11.62 -11.66 -11.69 -11.66 -11.65 -11.63 -11.59 -11.55 -11.46 -11.37 -11.29 -11.20 -11.12 -11.08 -11.07 -11.05 -11.04 -11.04 -11.02 -11.01 -11.02 -10.99 -11.03 -11.01 -11.00 -11.04 -11.09 -11.08 -11.10 -11.11 -11.14 -11.17 -11.23 -11.23 -11.22 -11.20 -11.12 -11.13 -11.09 -11.04
-11.23 -11.21 -11.18 -11.16 -11.16 -11.19 -11.22 -11.26 -11.31 -11.34 -11.36 -11.38 -11.41 -11.42 -11.42 -11.41 -11.40 -11.39 -11.39 -11.39 -11.38 -11.37 -11.39 -11.41 -11.43 -11.47 -11.49 -11.53 -11.57 -11.62 -11.64 -11.64 -11.61 -11.58 -11.54 -11.48 -11.47 -11.43 -11.40 -11.32 -11.23 -11.15 -11.10 -11.02 -10.96 -10.95 -10.95 -10.97 -10.97 -10.95 -10.94 -10.91 -10.87 -10.87 -10.96 -11.00 -11.02 -11.05 -11.08 -11.11 -11.11 -11.12 -11.11 -11.15 -11.06 -11.01 -11.01 -11.02
-11.18 -11.16 -11.15 -11.13 -11.13 -11.17 -11.20 -11.23 -11.28 -11.32 -11.37 -11.40 -11.44 -11.44 -11.41 -11.37 -11.37 -11.34 -11.34 -11.38 -11.38 -11.39 -11.41 -11.44 -11.46 -11.50 -11.53 -11.54 -11.56 -11.59 -11.60 -11.57 -11.55 -11.52 -11.47 -11.47 -11.46 -11.46 -11.40 -11.30 -11.28 -11.22 -11.16 -11.09 -11.01 -10.98 -10.92 -10.87 -10.88 -10.90 -10.89 -10.91 -10.89 -10.90 -10.88 -10.88 -10.89 -10.89 -10.93 -10.97 -11.00 -11.03 -11.08 -11.07 -11.04 -11.02 -10.96 -10.91
-11.09 -11.09 -11.08 -11.05 -11.06 -11.12 -11.17 -11.23 -11.26 -11.29 -11.34 -11.37 -11.40 -11.39 -11.36 -11.33 -11.33 -11.32 -11.30 -11.28 -11.23 -11.22 -11.31 -11.35 -11.41 -11.47 -11.51 -11.53 -11.55 -11.57 -11.57 -11.55 -11.52 -11.50 -11.49 -11.46 -11.40 -11.39 -11.33 -11.31 -11.25 -11.22 -11.17 -11.13 -11.04 -11.01 -10.96 -10.89 -10.88 -10.84 -10.86 -10.85 -10.83 -10.89 -10.87 -10.89 -10.89 -10.89 -10.89 -10.89 -10.89 -10.94 -10.94 -11.02 -11.03 -11.01 -11.00 -11.01
-10.97 -10.96 -10.95 -10.95 -10.98 -11.02 -11.08 -11.12 -11.16 -11.22 -11.26 -11.31 -11.36 -11.33 -11.29 -11.28 -11.27 -11.24 -11.20 -11.21 -11.20 -11.22 -11.24 -11.30 -11.32 -11.34 -11.41 -11.43 -11.48 -11.51 -11.54 -11.53 -11.50 -11.45 -11.46 -11.41 -11.40 -11.39 -11.35 -11.28 -11.23 -11.21 -11.15 -11.10 -11.02 -11.04 -10.99 -10.91 -10.87 -10.86 -10.82 -10.78 -10.77 -10.83 -10.83 -10.83 -10.88 -10.88 -10.89 -10.90 -10.90 -10.98 -11.00 -11.03 -11.05 -11.06 -11.08 -11.06
-10.92 -10.89 -10.86 -10.82 -10.85 -10.91 -10.99 -11.04 -11.10 -11.14 -11.19 -11.23 -11.27 -11.25 -11.24 -11.21 -11.17 -11.15 -11.11 -11.10 -11.07 -11.10 -11.16 -11.20 -11.25 -11.29 -11.33 -11.38 -11.42 -11.47 -11.45 -11.42 -11.41 -11.42 -11.42 -11.39 -11.36 -11.33 -11.31 -11.24 -11.19 -11.17 -11.14 -11.09 -11.06 -11.00 -10.96 -10.90 -10.91 -10.84 -10.80 -10.75 -10.77 -10.77 -10.76 -10.77 -10.80 -10.82 -10.83 -10.87 -10.90 -10.95 -11.00 -11.03 -11.06 -11.03 -11.08 -11.13
-10.94 -10.92 -10.87 -10.83 -10.84 -10.87 -10.91 -10.95 -10.98 -11.04 -11.10 -11.16 -11.20 -11.20 -11.19 -11.18 -11.16 -11.14 -11.10 -11.04 -11.04 -11.08 -11.13 -11.16 -11.19 -11.21 -11.27 -11.32 -11.37 -11.44 -11.42 -11.39 -11.37 -11.35 -11.33 -11.30 -11.28 -11.30 -11.26 -11.21 -11.17 -11.15 -11.09 -11.02 -10.97 -10.97 -10.94 -10.91 -10.87 -10.81 -10.81 -10.78 -10.74 -10.72 -10.73 -10.74 -10.75 -10.76 -10.78 -10.80 -10.84 -10.92 -11.00 -11.05 -11.10 -11.14 -11.10 -11.11
-10.93 -10.89 -10.84 -10.83 -10.82 -10.85 -10.89 -10.90 -10.94 -10.97 -11.02 -11.06 -11.09 -11.11 -11.11 -11.11 -11.11 -11.12 -11.10 -11.10 -11.10 -11.13 -11.16 -11.17 -11.19 -11.22 -11.24 -11.27 -11.30 -11.32 -11.31 -11.29 -11.30 -11.26 -11.25 -11.25 -11.25 -11.22 -11.20 -11.15 -11.11 -11.09 -11.04 -11.01 -10.98 -10.96 -10.91 -10.86 -10.85 -10.81 -10.76 -10.74 -10.69 -10.72 -10.73 -10.71 -10.71 -10.70 -10.71 -10.76 -10.83 -10.90 -10.97 -11.03 -11.13 -11.15 -11.14 -11.13
-10.85 -10.82 -10.78 -10.74 -10.75 -10.78 -10.81 -10.84 -10.88 -10.91 -10.94 -10.95 -10.97 -11.02 -11.02 -11.03 -11.05 -11.05 -11.05 -11.05 -11.05 -11.07 -11.10 -11.13 -11.15 -11.18 -11.20 -11.22 -11.24 -11.23 -11.19 -11.21 -11.20 -11.19 -11.16 -11.15 -11.15 -11.17 -11.14 -11.13 -11.12 -11.08 -11.06 -11.00 -10.95 -10.91 -10.89 -10.86 -10.86 -10.84 -10.78 -10.77 -10.74 -10.69 -10.67 -10.65 -10.69 -10.70 -10.68 -10.71 -10.78 -10.85 -10.96 -11.03 -11.10 -11.12 -11.09 -11.14
-10.88 -10.84 -10.81 -10.75 -10.71 -10.72 -10.74 -10.75 -10.79 -10.83 -10.85 -10.87 -10.91 -10.92 -10.93 -10.95 -10.96 -10.96 -10.99 -10.98 -11.01 -10.95 -11.06 -11.09 -11.12 -11.14 -11.17 -11.20 -11.23 -11.22 -11.22 -11.19 -11.17 -11.13 -11.12 -11.10 -11.09 -11.05 -11.04 -11.02 -11.02 -11.02 -11.03 -11.02 -10.98 -10.94 -10.92 -10.88 -10.85 -10.81 -10.77 -10.78 -10.75 -10.73 -10.70 -10.68 -10.64 -10.59 -10.62 -10.70 -10.78 -10.82 -10.90 -10.97 -11.04 -11.09 -11.10 -11.08
-10.88 -10.87 -10.84 -10.80 -10.78 -10.78 -10.77 -10.76 -10.74 -10.75 -10.75 -10.78 -10.80 -10.82 -10.84 -10.86 -10.89 -10.91 -10.94 -10.97 -10.97 -10.97 -10.99 -11.01 -11.03 -11.00 -11.03 -11.05 -11.11 -11.14 -11.14 -11.11 -11.11 -11.09 -11.08 -11.07 -11.08 -11.04 -11.02 -10.98 -10.97 -10.95 -10.92 -10.91 -10.91 -10.90 -10.88 -10.86 -10.86 -10.83 -10.80 -10.78 -10.76 -10.75 -10.72 -10.68 -10.66 -10.63 -10.63 -10.66 -10.71 -10.76 -10.85 -10.95 -11.02 -11.03 -11.03 -11.04
-10.84 -10.83 -10.82 -10.81 -10.81 -10.76 -10.81 -10.79 -10.78 -10.77 -10.76 -10.76 -10.79 -10.79 -10.81 -10.82 -10.85 -10.88 -10.90 -10.92 -10.93 -10.93 -10.96 -10.97 -11.00 -11.03 -11.04 -11.05 -11.05 -11.03 -11.02 -11.02 -11.04 -11.04 -11.02 -11.01 -10.98 -10.96 -10.95 -10.95 -10.94 -10.91 -10.88 -10.86 -10.87 -10.87 -10.87 -10.86 -10.84 -10.83 -10.81 -10.77 -10.77 -10.74 -10.73 -10.72 -10.72 -10.71 -10.72 -10.72 -10.74 -10.74 -10.80 -10.86 -10.91 -10.94 -10.96 -10.97
-10.79 -10.77 -10.76 -10.77 -10.78 -10.79 -10.80 -10.81 -10.80 -10.79 -10.75 -10.77 -10.78 -10.82 -10.86 -10.87 -10.89 -10.92 -10.93 -10.95 -10.95 -10.96 -10.96 -10.99 -11.01 -11.03 -11.02 -11.02 -11.01 -11.03 -11.01 -10.97 -10.95 -10.99 -10.97 -10.95 -10.96 -10.95 -10.95 -10.90 -10.87 -10.85 -10.83 -10.80 -10.82 -10.82 -10.82 -10.83 -10.85 -10.87 -10.84 -10.80 -10.75 -10.75 -10.74 -10.72 -10.71 -10.69 -10.68 -10.72 -10.75 -10.77 -10.81 -10.84 -10.85 -10.84 -10.89 -10.91
-10.72 -10.71 -10.71 -10.70 -10.73 -10.74 -10.75 -10.75 -10.74 -10.75 -10.75 -10.77 -10.81 -10.84 -10.87 -10.91 -10.93 -10.94 -10.96 -10.99 -11.02 -11.04 -11.04 -11.02 -11.03 -11.08 -11.07 -11.08 -11.05 -11.01 -10.95 -10.85 -10.86 -10.85 -10.89 -10.85 -10.85 -10.84 -10.87 -10.84 -10.83 -10.83 -10.81 -10.78 -10.77 -10.76 -10.76 -10.76 -10.76 -10.76 -10.79 -10.77 -10.77 -10.76 -10.75 -10.69 -10.64 -10.69 -10.71 -10.73 -10.77 -10.78 -10.80 -10.83 -10.85 -10.83 -10.85 -10.85
-10.67 -10.67 -10.66 -10.67 -10.68 -10.70 -10.72 -10.74 -10.75 -10.77 -10.77 -10.79 -10.81 -10.83 -10.85 -10.86 -10.88 -10.92 -10.95 -10.98 -10.99 -11.01 -11.05 -11.05 -11.08 -11.11 -11.13 -11.14 -11.07 -10.97 -10.95 -10.88 -10.78 -10.74 -10.72 -10.68 -10.69 -10.74 -10.76 -10.75 -10.76 -10.74 -10.72 -10.71 -10.75 -10.76 -10.72 -10.71 -10.71 -10.71 -10.70 -10.72 -10.72 -10.72 -10.74 -10.74 -10.72 -10.71 -10.73 -10.68 -10.74 -10.76 -10.81 -10.87 -10.85 -10.82 -10.85 -10.86
-10.59 -10.59 -10.61 -10.62 -10.65 -10.67 -10.68 -10.70 -10.71 -10.73 -10.74 -10.76 -10.77 -10.80 -10.82 -10.84 -10.85 -10.89 -10.92 -10.94 -10.96 -10.97 -11.01 -11.04 -11.04 -11.05 -11.06 -11.10 -11.06 -11.01 -10.96 -10.88 -10.81 -10.77 -10.71 -10.68 -10.65 -10.61 -10.64 -10.65 -10.66 -10.69 -10.68 -10.68 -10.70 -10.68 -10.69 -10.72 -10.70 -10.61 -10.70 -10.68 -10.68 -10.70 -10.70 -10.70 -10.70 -10.69 -10.72 -10.72 -10.78 -10.81 -10.77 -10.81 -10.80 -10.83 -10.85 -10.86
-10.54 -10.52 -10.52 -10.53 -10.54 -10.61 -10.63 -10.65 -10.65 -10.69 -10.71 -10.71 -10.72 -10.73 -10.76 -10.78 -10.80 -10.81 -10.85 -10.87 -10.89 -10.92 -10.94 -10.97 -11.00 -11.03 -11.05 -11.06 -11.00 -10.93 -10.86 -10.79 -10.77 -10.73 -10.69 -10.67 -10.68 -10.70 -10.69 -10.68 -10.64 -10.64 -10.64 -10.64 -10.65 -10.69 -10.69 -10.67 -10.66 -10.65 -10.67 -10.67 -10.62 -10.66 -10.66 -10.65 -10.66 -10.68 -10.71 -10.70 -10.75 -10.75 -10.78 -10.82 -10.83 -10.78 -10.79 -10.81
-10.55 -10.56 -10.56 -10.54 -10.53 -10.55 -10.56 -10.59 -10.60 -10.61 -10.63 -10.65 -10.67 -10.69 -10.70 -10.72 -10.74 -10.75 -10.77 -10.78 -10.81 -10.84 -10.88 -10.91 -10.95 -10.97 -10.99 -10.99 -10.93 -10.87 -10.82 -10.75 -10.73 -10.69 -10.61 -10.60 -10.62 -10.65 -10.68 -10.69 -10.67 -10.70 -10.72 -10.68 -10.66 -10.64 -10.67 -10.69 -10.72 -10.69 -10.67 -10.65 -10.65 -10.67 -10.69 -10.64 -10.65 -10.66 -10.67 -10.68 -10.70 -10.72 -10.73 -10.76 -10.75 -10.79 -10.81 -10.79
-10.52 -10.48 -10.49 -10.51 -10.52 -10.52 -10.53 -10.54 -10.56 -10.58 -10.58 -10.59 -10.60 -10.61 -10.62 -10.62 -10.64 -10.66 -10.68 -10.71 -10.75 -10.78 -10.81 -10.85 -10.88 -10.91 -10.94 -10.94 -10.91 -10.84 -10.79 -10.73 -10.69 -10.63 -10.55 -10.57 -10.57 -10.59 -10.64 -10.62 -10.63 -10.67 -10.69 -10.68 -10.66 -10.67 -10.69 -10.69 -10.67 -10.65 -10.67 -10.67 -10.69 -10.66 -10.65 -10.65 -10.68 -10.66 -10.68 -10.65 -10.67 -10.70 -10.70 -10.71 -10.71 -10.73 -10.73 -10.76
-10.53 -10.51 -10.54 -10.54 -10.52 -10.51 -10.51 -10.52 -10.53 -10.53 -10.52 -10.54 -10.56 -10.57 -10.59 -10.60 -10.60 -10.61 -10.63 -10.66 -10.69 -10.73 -10.76 -10.81 -10.86 -10.88 -10.90 -10.90 -10.85 -10.81 -10.77 -10.72 -10.70 -10.66 -10.63 -10.60 -10.57 -10.56 -10.55 -10.57 -10.58 -10.60 -10.63 -10.63 -10.63 -10.63 -10.64 -10.62 -10.61 -10.64 -10.64 -10.65 -10.64 -10.64 -10.65 -10.64 -10.65 -10.63 -10.63 -10.61 -10.60 -10.62 -10.66 -10.67 -10.69 -10.70 -10.71 -10.71
-10.51 -10.51 -10.50 -10.50 -10.50 -10.50 -10.50 -10.48 -10.47 -10.48 -10.48 -10.48 -10.51 -10.52 -10.53 -10.54 -10.55 -10.58 -10.63 -10.58 -10.61 -10.63 -10.67 -10.71 -10.78 -10.82 -10.87 -10.87 -10.84 -10.79 -10.76 -10.70 -10.64 -10.60 -10.58 -10.56 -10.53 -10.53 -10.55 -10.55 -10.54 -10.54 -10.55 -10.57 -10.59 -10.59 -10.60 -10.62 -10.59 -10.60 -10.58 -10.56 -10.57 -10.60 -10.62 -10.61 -10.62 -10.60 -10.57 -10.56 -10.57 -10.57 -10.60 -10.61 -10.65 -10.68 -10.69 -10.68
-10.46 -10.47 -10.47 -10.47 -10.47 -10.47 -10.47 -10.46 -10.46 -10.46 -10.45 -10.47 -10.47 -10.48 -10.48 -10.48 -10.50 -10.52 -10.54 -10.54 -10.57 -10.60 -10.60 -10.63 -10.69 -10.73 -10.77 -10.77 -10.74 -10.69 -10.67 -10.64 -10.59 -10.58 -10.57 -10.53 -10.46 -10.45 -10.44 -10.41 -10.43 -10.43 -10.48 -10.50 -10.54 -10.56 -10.57 -10.58 -10.57 -10.56 -10.55 -10.52 -10.53 -10.50 -10.50 -10.51 -10.53 -10.54 -10.55 -10.54 -10.52 -10.53 -10.52 -10.57 -10.60 -10.63 -10.65 -10.67
-10.39 -10.38 -10.38 -10.39 -10.39 -10.40 -10.41 -10.40 -10.39 -10.39 -10.38 -10.38 -10.38 -10.38 -10.38 -10.38 -10.39 -10.40 -10.40 -10.44 -10.49 -10.53 -10.56 -10.58 -10.61 -10.63 -10.64 -10.63 -10.65 -10.63 -10.61 -10.57 -10.57 -10.51 -10.46 -10.45 -10.41 -10.37 -10.37 -10.32 -10.34 -10.33 -10.37 -10.41 -10.46 -10.50 -10.53 -10.56 -10.57 -10.54 -10.52 -10.52 -10.51 -10.48 -10.46 -10.46 -10.44 -10.44 -10.43 -10.43 -10.44 -10.50 -10.52 -10.53 -10.55 -10.55 -10.59 -10.64
-10.32 -10.34 -10.35 -10.35 -10.34 -10.32 -10.32 -10.32 -10.31 -10.31 -10.30 -10.30 -10.31 -10.29 -10.27 -10.29 -10.29 -10.30 -10.30 -10.30 -10.34 -10.40 -10.43 -10.45 -10.51 -10.56 -10.58 -10.55 -10.52 -10.48 -10.47 -10.42 -10.39 -10.46 -10.45 -10.41 -10.39 -10.33 -10.30 -10.27 -10.25 -10.23 -10.30 -10.36 -10.40 -10.45 -10.49 -10.50 -10.47 -10.48 -10.46 -10.47 -10.47 -10.48 -10.47 -10.46 -10.42 -10.40 -10.37 -10.35 -10.36 -10.41 -10.44 -10.46 -10.53 -10.55 -10.56 -10.57
-10.18 -10.15 -10.15 -10.15 -10.16 -10.17 -10.18 -10.19 -10.21 -10.22 -10.24 -10.23 -10.20 -10.19 -10.19 -10.19 -10.20 -10.21 -10.21 -10.25 -10.27 -10.28 -10.32 -10.35 -10.38 -10.42 -10.41 -10.40 -10.42 -10.42 -10.40 -10.38 -10.33 -10.39 -10.34 -10.28 -10.25 -10.30 -10.29 -10.26 -10.21 -10.23 -10.24 -10.30 -10.31 -10.39 -10.41 -10.44 -10.44 -10.43 -10.41 -10.39 -10.38 -10.39 -10.37 -10.39 -10.39 -10.40 -10.38 -10.34 -10.34 -10.35 -10.36 -10.38 -10.41 -10.46 -10.50 -10.54
-10.12 -10.09 -10.08 -10.10 -10.10 -10.11 -10.11 -10.12 -10.13 -10.13 -10.14 -10.14 -10.14 -10.15 -10.16 -10.17 -10.13 -10.10 -10.12 -10.11 -10.17 -10.22 -10.27 -10.27 -10.31 -10.34 -10.31 -10.31 -10.32 -10.32 -10.33 -10.27 -10.25 -10.28 -10.28 -10.25 -10.29 -10.28 -10.21 -10.18 -10.15 -10.22 -10.23 -10.25 -10.27 -10.34 -10.37 -10.35 -10.36 -10.34 -10.34 -10.33 -10.32 -10.32 -10.31 -10.30 -10.32 -10.32 -10.28 -10.27 -10.31 -10.35 -10.33 -10.35 -10.37 -10.38 -10.39 -10.43
-10.00 -10.00 -10.02 -10.03 -10.05 -10.05 -10.06 -10.06 -10.06 -10.06 -10.05 -10.04 -10.04 -10.06 -10.07 -10.08 -10.07 -10.06 -10.06 -10.09 -10.10 -10.13 -10.14 -10.15 -10.19 -10.23 -10.26 -10.26 -10.25 -10.25 -10.25 -10.21 -10.20 -10.23 -10.20 -10.19 -10.22 -10.21 -10.19 -10.19 -10.18 -10.16 -10.17 -10.19 -10.23 -10.25 -10.29 -10.26 -10.29 -10.24 -10.21 -10.23 -10.22 -10.23 -10.23 -10.23 -10.24 -10.24 -10.25 -10.26 -10.26 -10.25 -10.26 -10.29 -10.34 -10.33 -10.36 -10.39
-10.00 -9.99 -9.99 -9.99 -10.00 -10.00 -10.01 -10.02 -10.02 -10.04 -10.05 -10.01 -10.02 -9.99 -10.01 -9.99 -10.00 -10.03 -9.97 -10.01 -10.03 -10.03 -10.03 -10.04 -10.07 -10.10 -10.12 -10.10 -10.12 -10.12 -10.15 -10.18 -10.15 -10.16 -10.17 -10.14 -10.13 -10.12 -10.14 -10.16 -10.14 -10.12 -10.13 -10.14 -10.15 -10.17 -10.19 -10.18 -10.17 -10.16 -10.16 -10.14 -10.11 -10.09 -10.11 -10.14 -10.14 -10.16 -10.15 -10.16 -10.19 -10.20 -10.22 -10.21 -10.24 -10.24 -10.28 -10.32
-10.03 -10.00 -10.00 -9.99 -10.00 -9.99 -9.98 -9.98 -9.98 -10.00 -9.99 -9.98 -9.96 -9.97 -9.96 -9.97 -9.96 -9.90 -9.90 -9.95 -9.97 -9.98 -9.94 -9.92 -9.93 -9.93 -9.94 -9.95 -9.96 -9.96 -9.95 -10.01 -10.05 -10.05 -10.04 -10.07 -10.05 -10.08 -10.07 -10.06 -10.04 -10.02 -10.01 -10.01 -10.05 -10.02 -10.03 -10.08 -10.08 -10.06 -10.06 -10.07 -10.04 -10.04 -9.98 -10.00 -10.03 -10.09 -10.10 -10.06 -10.10 -10.10 -10.12 -10.14 -10.14 -10.18 -10.17 -10.17
